------------------------------- 
------------------------------- 
Variable number: 1
    nb_cells 	     L1_norms 	     L2_norms 
100 	   0.00001405 	   0.00012093 
 
110 	   0.00001189 	   0.00010241 
 
120 	   0.00001021 	   0.00008785 
 
130 	   0.00000887 	   0.00007620 
 
140 	   0.00000779 	   0.00006675 
 
150 	   0.00000690 	   0.00005898 
 
160 	   0.00000617 	   0.00005252 
 
170 	   0.00000555 	   0.00004710 
 
180 	   0.00000503 	   0.00004250 
 
190 	   0.00000459 	   0.00003857 
 
200 	   0.00000421 	   0.00003518 
 
210 	   0.00000388 	   0.00003225 
 
220 	   0.00000359 	   0.00002969 
 
230 	   0.00000334 	   0.00002745 
 
     L1_rate 	      L2_rate
  0.24049993 	   0.23985331
 
  0.22030611 	   0.22131273
 
  0.20285573 	   0.20519801
 
  0.18760644 	   0.19105839
 
  0.17387239 	   0.17838568
 
  0.16224529 	   0.16732807
 
  0.15160635 	   0.15732017
 
  0.14199668 	   0.14824948
 
  0.13329276 	   0.14001017
 
  0.12535538 	   0.13248169
 
  0.11806192 	   0.12558464
 
  0.11145712 	   0.11921522
 
  0.10500367 	   0.11322921
 
------------------------------- 
------------------------------- 
Variable number: 2
    nb_cells 	     L1_norms 	     L2_norms 
100 	   0.00003452 	   0.00027749 
 
110 	   0.00002916 	   0.00023391 
 
120 	   0.00002500 	   0.00019992 
 
130 	   0.00002171 	   0.00017293 
 
140 	   0.00001906 	   0.00015115 
 
150 	   0.00001690 	   0.00013335 
 
160 	   0.00001512 	   0.00011861 
 
170 	   0.00001363 	   0.00010629 
 
180 	   0.00001238 	   0.00009588 
 
190 	   0.00001131 	   0.00008702 
 
200 	   0.00001039 	   0.00007942 
 
210 	   0.00000960 	   0.00007285 
 
220 	   0.00000891 	   0.00006714 
 
230 	   0.00000831 	   0.00006215 
 
     L1_rate 	      L2_rate
  0.24343455 	   0.24646551
 
  0.22203679 	   0.22653189
 
  0.20355122 	   0.20926746
 
  0.18754025 	   0.19415912
 
  0.17347212 	   0.18080814
 
  0.16089574 	   0.16893075
 
  0.14952717 	   0.15826506
 
  0.13928878 	   0.14863205
 
  0.13012912 	   0.13988456
 
  0.12176310 	   0.13189182
 
  0.11418098 	   0.12456020
 
  0.10719854 	   0.11778704
 
  0.10087688 	   0.11151800
 
------------------------------- 
------------------------------- 
Variable number: 3
    nb_cells 	     L1_norms 	     L2_norms 
100 	   0.00001710 	   0.00014673 
 
110 	   0.00001447 	   0.00012422 
 
120 	   0.00001241 	   0.00010653 
 
130 	   0.00001078 	   0.00009239 
 
140 	   0.00000947 	   0.00008092 
 
150 	   0.00000839 	   0.00007149 
 
160 	   0.00000750 	   0.00006365 
 
170 	   0.00000675 	   0.00005707 
 
180 	   0.00000612 	   0.00005149 
 
190 	   0.00000558 	   0.00004672 
 
200 	   0.00000511 	   0.00004262 
 
210 	   0.00000471 	   0.00003906 
 
220 	   0.00000436 	   0.00003595 
 
230 	   0.00000405 	   0.00003323 
 
     L1_rate 	      L2_rate
  0.24104474 	   0.24021749
 
  0.22068187 	   0.22162478
 
  0.20313738 	   0.20547442
 
  0.18786210 	   0.19129981
 
  0.17410781 	   0.17868304
 
  0.16238578 	   0.16754966
 
  0.15173083 	   0.15751657
 
  0.14211948 	   0.14844510
 
  0.13341422 	   0.14019938
 
  0.12544848 	   0.13267930
 
  0.11825390 	   0.12577727
 
  0.11151021 	   0.11943589
 
  0.10527939 	   0.11350948
 
------------------------------- 
------------------------------- 
Variable number: 4
    nb_cells 	     L1_norms 	     L2_norms 
100 	   0.00000917 	   0.00007890 
 
110 	   0.00000776 	   0.00006680 
 
120 	   0.00000666 	   0.00005729 
 
130 	   0.00000578 	   0.00004969 
 
140 	   0.00000508 	   0.00004352 
 
150 	   0.00000450 	   0.00003845 
 
160 	   0.00000402 	   0.00003424 
 
170 	   0.00000362 	   0.00003070 
 
180 	   0.00000328 	   0.00002769 
 
190 	   0.00000299 	   0.00002513 
 
200 	   0.00000274 	   0.00002292 
 
210 	   0.00000252 	   0.00002101 
 
220 	   0.00000233 	   0.00001934 
 
230 	   0.00000217 	   0.00001787 
 
     L1_rate 	      L2_rate
  0.24099455 	   0.24011165
 
  0.22076856 	   0.22153535
 
  0.20326201 	   0.20539648
 
  0.18802513 	   0.19123652
 
  0.17462165 	   0.17870898
 
  0.16261581 	   0.16752318
 
  0.15198862 	   0.15749023
 
  0.14239768 	   0.14842840
 
  0.13371671 	   0.14019460
 
  0.12580308 	   0.13267765
 
  0.11857386 	   0.12578819
 
  0.11192479 	   0.11944133
 
  0.10596428 	   0.11359014
 
