  2.61838966
  2.61838951
  2.61838937
  2.61838922
  2.61838908
  2.61838894
  2.61838879
  2.61838865
  2.61838851
  2.61838836
  2.61838822
  2.61838807
  2.61838793
  2.61838779
  2.61838764
  2.61838750
  2.61838735
  2.61838721
  2.61838707
  2.61838692
  2.61838678
  2.61838664
  2.61838649
  2.61838635
  2.61838620
  2.61838606
  2.61838592
  2.61838577
  2.61838563
  2.61838548
  2.61838534
  2.61838520
  2.61838505
  2.61838491
  2.61838477
  2.61838462
  2.61838448
  2.61838433
  2.61838419
  2.61838405
  2.61838390
  2.61838376
  2.61838361
  2.61838347
  2.61838333
  2.61838318
  2.61838304
  2.61838289
  2.61838275
  2.61838261
  2.61838246
  2.61838232
  2.61838218
  2.61838203
  2.61838189
  2.61838174
  2.61838160
  2.61838146
  2.61838131
  2.61838117
  2.61838102
  2.61838088
  2.61838074
  2.61838059
  2.61838045
  2.61838031
  2.61838016
  2.61838002
  2.61837987
  2.61837973
  2.61837959
  2.61837944
  2.61837930
  2.61837915
  2.61837901
  2.61837887
  2.61837872
  2.61837858
  2.61837844
  2.61837829
  2.61837815
  2.61837800
  2.61837786
  2.61837772
  2.61837757
  2.61837743
  2.61837728
  2.61837714
  2.61837700
  2.61837685
  2.61837671
  2.61837656
  2.61837642
  2.61837628
  2.61837613
  2.61837599
  2.61837585
  2.61837570
  2.61837556
  2.61837541
  2.61837527
  2.61837513
  2.61837498
  2.61837484
  2.61837469
  2.61837455
  2.61837441
  2.61837426
  2.61837412
  2.61837398
  2.61837383
  2.61837369
  2.61837354
  2.61837340
  2.61837326
  2.61837311
  2.61837297
  2.61837282
  2.61837268
  2.61837254
  2.61837239
  2.61837225
  2.61837211
  2.61837196
  2.61837182
  2.61837167
  2.61837153
  2.61837139
  2.61837124
  2.61837110
  2.61837095
  2.61837081
  2.61837067
  2.61837052
  2.61837038
  2.61837023
  2.61837009
  2.61836995
  2.61836980
  2.61836966
  2.61836952
  2.61836937
  2.61836923
  2.61836908
  2.61836894
  2.61836880
  2.61836865
  2.61836851
  2.61836836
  2.61836822
  2.61836808
  2.61836793
  2.61836779
  2.61836765
  2.61836750
  2.61836736
  2.61836721
  2.61836707
  2.61836693
  2.61836678
  2.61836664
  2.61836649
  2.61836635
  2.61836621
  2.61836606
  2.61836592
  2.61836578
  2.61836563
  2.61836549
  2.61836534
  2.61836520
  2.61836506
  2.61836491
  2.61836477
  2.61836462
  2.61836448
  2.61836434
  2.61836419
  2.61836405
  2.61836390
  2.61836376
  2.61836362
  2.61836347
  2.61836333
  2.61836319
  2.61836304
  2.61836290
  2.61836275
  2.61836261
  2.61836247
  2.61836232
  2.61836218
  2.61836203
  2.61836189
  2.61836175
  2.61836160
  2.61836146
  2.61836132
  2.61836117
  2.61836103
  2.61836088
  2.61836074
  2.61836060
  2.61836045
  2.61836031
  2.61836016
  2.61836002
  2.61835988
  2.61835973
  2.61835959
  2.61835944
  2.61835930
  2.61835916
  2.61835901
  2.61835887
  2.61835873
  2.61835858
  2.61835844
  2.61835829
  2.61835815
  2.61835801
  2.61835786
  2.61835772
  2.61835757
  2.61835743
  2.61835729
  2.61835714
  2.61835700
  2.61835686
  2.61835671
  2.61835657
  2.61835642
  2.61835628
  2.61835614
  2.61835599
  2.61835585
  2.61835570
  2.61835556
  2.61835542
  2.61835527
  2.61835513
  2.61835499
  2.61835484
  2.61835470
  2.61835455
  2.61835441
  2.61835427
  2.61835412
  2.61835398
  2.61835383
  2.61835369
  2.61835355
  2.61835340
  2.61835326
  2.61835311
  2.61835297
  2.61835283
  2.61835268
  2.61835254
  2.61835240
  2.61835225
  2.61835211
  2.61835196
  2.61835182
  2.61835168
  2.61835153
  2.61835139
  2.61835124
  2.61835110
  2.61835096
  2.61835081
  2.61835067
  2.61835053
  2.61835038
  2.61835024
  2.61835009
  2.61834995
  2.61834981
  2.61834966
  2.61834952
  2.61834937
  2.61834923
  2.61834909
  2.61834894
  2.61834880
  2.61834866
  2.61834851
  2.61834837
  2.61834822
  2.61834808
  2.61834794
  2.61834779
  2.61834765
  2.61834750
  2.61834736
  2.61834722
  2.61834707
  2.61834693
  2.61834678
  2.61834664
  2.61834650
  2.61834635
  2.61834621
  2.61834607
  2.61834592
  2.61834578
  2.61834563
  2.61834549
  2.61834535
  2.61834520
  2.61834506
  2.61834491
  2.61834477
  2.61834463
  2.61834448
  2.61834434
  2.61834420
  2.61834405
  2.61834391
  2.61834376
  2.61834362
  2.61834348
  2.61834333
  2.61834319
  2.61834304
  2.61834290
  2.61834276
  2.61834261
  2.61834247
  2.61834233
  2.61834218
  2.61834204
  2.61834189
  2.61834175
  2.61834161
  2.61834146
  2.61834132
  2.61834117
  2.61834103
  2.61834089
  2.61834074
  2.61834060
  2.61834045
  2.61834031
  2.61834017
  2.61834002
  2.61833988
  2.61833974
  2.61833959
  2.61833945
  2.61833930
  2.61833916
  2.61833902
  2.61833887
  2.61833873
  2.61833858
  2.61833844
  2.61833830
  2.61833815
  2.61833801
  2.61833787
  2.61833772
  2.61833758
  2.61833743
  2.61833729
  2.61833715
  2.61833700
  2.61833686
  2.61833671
  2.61833657
  2.61833643
  2.61833628
  2.61833614
  2.61833600
  2.61833585
  2.61833571
  2.61833556
  2.61833542
  2.61833528
  2.61833513
  2.61833499
  2.61833484
  2.61833470
  2.61833456
  2.61833441
  2.61833427
  2.61833412
  2.61833398
  2.61833384
  2.61833369
  2.61833355
  2.61833341
  2.61833326
  2.61833312
  2.61833297
  2.61833283
  2.61833269
  2.61833254
  2.61833240
  2.61833225
  2.61833211
  2.61833197
  2.61833182
  2.61833168
  2.61833154
  2.61833139
  2.61833125
  2.61833110
  2.61833096
  2.61833082
  2.61833067
  2.61833053
  2.61833038
  2.61833024
  2.61833010
  2.61832995
  2.61832981
  2.61832966
  2.61832952
  2.61832938
  2.61832923
  2.61832909
  2.61832895
  2.61832880
  2.61832866
  2.61832851
  2.61832837
  2.61832823
  2.61832808
  2.61832794
  2.61832779
  2.61832765
  2.61832751
  2.61832736
  2.61832722
  2.61832708
  2.61832693
  2.61832679
  2.61832664
  2.61832650
  2.61832636
  2.61832621
  2.61832607
  2.61832592
  2.61832578
  2.61832564
  2.61832549
  2.61832535
  2.61832521
  2.61832506
  2.61832492
  2.61832477
  2.61832463
  2.61832449
  2.61832434
  2.61832420
  2.61832405
  2.61832391
  2.61832377
  2.61832362
  2.61832348
  2.61832333
  2.61832319
  2.61832305
  2.61832290
  2.61832276
  2.61832262
  2.61832247
  2.61832233
  2.61832218
  2.61832204
  2.61832190
  2.61832175
  2.61832161
  2.61832146
  2.61832132
  2.61832118
  2.61832103
  2.61832089
  2.61832075
  2.61832060
  2.61832046
  2.61832031
  2.61832017
  2.61832003
  2.61831988
  2.61831974
  2.61831959
  2.61831945
  2.61831931
  2.61831916
  2.61831902
  2.61831888
  2.61831873
  2.61831859
  2.61831844
  2.61831830
  2.61831816
  2.61831801
  2.61831787
  2.61831772
  2.61831758
  2.61831744
  2.61831729
  2.61831715
  2.61831700
  2.61831686
  2.61831672
  2.61831657
  2.61831643
  2.61831629
  2.61831614
  2.61831600
  2.61831585
  2.61831571
  2.61831557
  2.61831542
  2.61831528
  2.61831513
  2.61831499
  2.61831485
  2.61831470
  2.61831456
  2.61831442
  2.61831427
  2.61831413
  2.61831398
  2.61831384
  2.61831370
  2.61831355
  2.61831341
  2.61831326
  2.61831312
  2.61831298
  2.61831283
  2.61831269
  2.61831255
  2.61831240
  2.61831226
  2.61831211
  2.61831197
  2.61831183
  2.61831168
  2.61831154
  2.61831139
  2.61831125
  2.61831111
  2.61831096
  2.61831082
  2.61831067
  2.61831053
  2.61831039
  2.61831024
  2.61831010
  2.61830996
  2.61830981
  2.61830967
  2.61830952
  2.61830938
  2.61830924
  2.61830909
  2.61830895
  2.61830880
  2.61830866
  2.61830852
  2.61830837
  2.61830823
  2.61830809
  2.61830794
  2.61830780
  2.61830765
  2.61830751
  2.61830737
  2.61830722
  2.61830708
  2.61830693
  2.61830679
  2.61830665
  2.61830650
  2.61830636
  2.61830622
  2.61830607
  2.61830593
  2.61830578
  2.61830564
  2.61830550
  2.61830535
  2.61830521
  2.61830506
  2.61830492
  2.61830478
  2.61830463
  2.61830449
  2.61830434
  2.61830420
  2.61830406
  2.61830391
  2.61830377
  2.61830363
  2.61830348
  2.61830334
  2.61830319
  2.61830305
  2.61830291
  2.61830276
  2.61830262
  2.61830247
  2.61830233
  2.61830219
  2.61830204
  2.61830190
  2.61830176
  2.61830161
  2.61830147
  2.61830132
  2.61830118
  2.61830104
  2.61830089
  2.61830075
  2.61830060
  2.61830046
  2.61830032
  2.61830017
  2.61830003
  2.61829988
  2.61829974
  2.61829960
  2.61829945
  2.61829931
  2.61829917
  2.61829902
  2.61829888
  2.61829873
  2.61829859
  2.61829845
  2.61829830
  2.61829816
  2.61829801
  2.61829787
  2.61829773
  2.61829758
  2.61829744
  2.61829730
  2.61829715
  2.61829701
  2.61829686
  2.61829672
  2.61829658
  2.61829643
  2.61829629
  2.61829614
  2.61829600
  2.61829586
  2.61829571
  2.61829557
  2.61829543
  2.61829528
  2.61829514
  2.61829499
  2.61829485
  2.61829471
  2.61829456
  2.61829442
  2.61829427
  2.61829413
  2.61829399
  2.61829384
  2.61829370
  2.61829355
  2.61829341
  2.61829327
  2.61829312
  2.61829298
  2.61829284
  2.61829269
  2.61829255
  2.61829240
  2.61829226
  2.61829212
  2.61829197
  2.61829183
  2.61829168
  2.61829154
  2.61829140
  2.61829125
  2.61829111
  2.61829097
  2.61829082
  2.61829068
  2.61829053
  2.61829039
  2.61829025
  2.61829010
  2.61828996
  2.61828981
  2.61828967
  2.61828953
  2.61828938
  2.61828924
  2.61828910
  2.61828895
  2.61828881
  2.61828866
  2.61828852
  2.61828838
  2.61828823
  2.61828809
  2.61828794
  2.61828780
  2.61828766
  2.61828751
  2.61828737
  2.61828722
  2.61828708
  2.61828694
  2.61828679
  2.61828665
  2.61828651
  2.61828636
  2.61828622
  2.61828607
  2.61828593
  2.61828579
  2.61828564
  2.61828550
  2.61828535
  2.61828521
  2.61828507
  2.61828492
  2.61828478
  2.61828464
  2.61828449
  2.61828435
  2.61828420
  2.61828406
  2.61828392
  2.61828377
  2.61828363
  2.61828348
  2.61828334
  2.61828320
  2.61828305
  2.61828291
  2.61828277
  2.61828262
  2.61828248
  2.61828233
  2.61828219
  2.61828205
  2.61828190
  2.61828176
  2.61828161
  2.61828147
  2.61828133
  2.61828118
  2.61828104
  2.61828089
  2.61828075
  2.61828061
  2.61828046
  2.61828032
  2.61828018
  2.61828003
  2.61827989
  2.61827974
  2.61827960
  2.61827946
  2.61827931
  2.61827917
  2.61827902
  2.61827888
  2.61827874
  2.61827859
  2.61827845
  2.61827831
  2.61827816
  2.61827802
  2.61827787
  2.61827773
  2.61827759
  2.61827744
  2.61827730
  2.61827715
  2.61827701
  2.61827687
  2.61827672
  2.61827658
  2.61827644
  2.61827629
  2.61827615
  2.61827600
  2.61827586
  2.61827572
  2.61827557
  2.61827543
  2.61827528
  2.61827514
  2.61827500
  2.61827485
  2.61827471
  2.61827456
  2.61827442
  2.61827428
  2.61827413
  2.61827399
  2.61827385
  2.61827370
  2.61827356
  2.61827341
  2.61827327
  2.61827313
  2.61827298
  2.61827284
  2.61827269
  2.61827255
  2.61827241
  2.61827226
  2.61827212
  2.61827198
  2.61827183
  2.61827169
  2.61827154
  2.61827140
  2.61827126
  2.61827111
  2.61827097
  2.61827082
  2.61827068
  2.61827054
  2.61827039
  2.61827025
  2.61827011
  2.61826996
  2.61826982
  2.61826967
  2.61826953
  2.61826939
  2.61826924
  2.61826910
  2.61826895
  2.61826881
  2.61826867
  2.61826852
  2.61826838
  2.61826823
  2.61826809
  2.61826795
  2.61826780
  2.61826766
  2.61826752
  2.61826737
  2.61826723
  2.61826708
  2.61826694
  2.61826680
  2.61826665
  2.61826651
  2.61826636
  2.61826622
  2.61826608
  2.61826593
  2.61826579
  2.61826565
  2.61826550
  2.61826536
  2.61826521
  2.61826456
  2.61826162
  2.61825867
  2.61825573
  2.61825278
  2.61824984
  2.61824689
  2.61824395
  2.61824101
  2.61823806
  2.61823512
  2.61823217
  2.61822923
  2.61822629
  2.61822334
  2.61822040
  2.61821745
  2.61821451
  2.61821156
  2.61820862
  2.61820568
  2.61820273
  2.61819979
  2.61819684
  2.61819390
  2.61819096
  2.61818801
  2.61818507
  2.61818212
  2.61817918
  2.61817623
  2.61817329
  2.61817035
  2.61816740
  2.61816446
  2.61816151
  2.61815857
  2.61815563
  2.61815268
  2.61814974
  2.61814679
  2.61814385
  2.61814090
  2.61813614
  2.61813111
  2.61812607
  2.61812104
  2.61811601
  2.61811098
  2.61810595
  2.61810092
  2.61809589
  2.61809086
  2.61808583
  2.61808080
  2.61807577
  2.61807074
  2.61806571
  2.61806068
  2.61805565
  2.61805062
  2.61804559
  2.61804056
  2.61803553
  2.61803050
  2.61802546
  2.61802043
  2.61801517
  2.61800808
  2.61800099
  2.61799390
  2.61798681
  2.61797972
  2.61797263
  2.61796554
  2.61795846
  2.61795137
  2.61794428
  2.61793719
  2.61793010
  2.61792301
  2.61791592
  2.61790883
  2.61790174
  2.61789465
  2.61788645
  2.61787731
  2.61786817
  2.61785903
  2.61784989
  2.61784076
  2.61783162
  2.61782248
  2.61781334
  2.61780420
  2.61779506
  2.61778592
  2.61777678
  2.61776765
  2.61775664
  2.61774546
  2.61773427
  2.61772309
  2.61771191
  2.61770072
  2.61768954
  2.61767836
  2.61766717
  2.61765599
  2.61764480
  2.61763204
  2.61761881
  2.61760559
  2.61759236
  2.61757914
  2.61756591
  2.61755268
  2.61753946
  2.61752623
  2.61751228
  2.61749701
  2.61748175
  2.61746648
  2.61745121
  2.61743595
  2.61742068
  2.61740542
  2.61738975
  2.61737244
  2.61735514
  2.61733783
  2.61732053
  2.61730322
  2.61728592
  2.61726861
  2.61714405
  2.61701949
  2.61689493
  2.61677037
  2.61664581
  2.61652125
  2.61639669
  2.61627213
  2.61614756
  2.61602300
  2.61589844
  2.61577388
  2.61564932
  2.61552476
  2.61540020
  2.61527564
  2.61515108
  2.61502652
  2.61490196
  2.61477740
  2.61465284
  2.61452828
  2.61440372
  2.61427915
  2.61415459
  2.61403003
  2.61390547
  2.61378091
  2.61365635
  2.61353179
  2.61340723
  2.61328267
  2.61315811
  2.61303355
  2.61290899
  2.61278443
  2.61265987
  2.61253531
  2.61241074
  2.61228618
  2.61216162
  2.61203706
  2.61191250
  2.61178794
  2.61166338
  2.61153882
  2.61141426
  2.61128970
  2.61116514
  2.61104058
  2.61091602
  2.61079146
  2.61066690
  2.61054233
  2.61041777
  2.61029321
  2.61016865
  2.61004409
  2.60991953
  2.60979497
  2.60967041
  2.60954585
  2.60942129
  2.60929673
  2.60917217
  2.60904761
  2.60892305
  2.60879849
  2.60867393
  2.60854936
  2.60842480
  2.60830024
  2.60817568
  2.60805112
  2.60792656
  2.60780200
  2.60767744
  2.60755288
  2.60742832
  2.60730376
  2.60717920
  2.60705464
  2.60693008
  2.60680552
  2.60668095
  2.60655639
  2.60643183
  2.60630727
  2.60618271
  2.60605815
  2.60593359
  2.60580903
  2.60568447
  2.60555991
  2.60543535
  2.60531079
  2.60518623
  2.60506167
  2.60493711
  2.60481254
  2.60468798
  2.60456342
  2.60443886
  2.60431430
  2.60418974
  2.60406518
  2.60394062
  2.60381606
  2.60369150
  2.60356694
  2.60344238
  2.60331782
  2.60319326
  2.60306870
  2.60294413
  2.60281957
  2.60269501
  2.60257045
  2.60244589
  2.60232133
  2.60219677
  2.60207221
  2.60194765
  2.60182309
  2.60169853
  2.60157397
  2.60144941
  2.60132485
  2.60120029
  2.60107572
  2.60095116
  2.60082660
  2.60070204
  2.60057748
  2.60045292
  2.60032836
  2.60020380
  2.60007924
  2.59995468
  2.59983012
  2.59970556
  2.59958100
  2.59945644
  2.59933188
  2.59920731
  2.59908275
  2.59895819
  2.59883363
  2.59870907
  2.59858451
  2.59845995
  2.59833539
  2.59821083
  2.59808627
  2.59796171
  2.59783715
  2.59771259
  2.59758803
  2.59746347
  2.59733890
  2.59721434
  2.59708978
  2.59696522
  2.59684066
  2.59671610
  2.59659154
  2.59646698
  2.59634242
  2.59621786
  2.59609330
  2.59596874
  2.59584418
  2.59571962
  2.59559506
  2.59547049
  2.59534593
  2.59522137
  2.59509681
  2.59497225
  2.59484769
  2.59472313
  2.59459857
  2.59447401
  2.59434945
  2.59422489
  2.59410033
  2.59397577
  2.59385121
  2.59372665
  2.59360209
  2.59347752
  2.59335296
  2.59322840
  2.59310384
  2.59297928
  2.59285472
  2.59273016
  2.59260560
  2.59248104
  2.59235648
  2.59223192
  2.59210736
  2.59198280
  2.59185824
  2.59173368
  2.59160911
  2.59148455
  2.59135999
  2.59123543
  2.59111087
  2.59098631
  2.59086175
  2.59073719
  2.59061263
  2.59048807
  2.59036351
  2.59023895
  2.59011439
  2.58998983
  2.58986527
  2.58974070
  2.58961614
  2.58949158
  2.58936702
  2.58924246
  2.58911790
  2.58899334
  2.58886878
  2.58874422
  2.58861966
  2.58849510
  2.58837054
  2.58824598
  2.58812142
  2.58799686
  2.58787229
  2.58774773
  2.58762317
  2.58749861
  2.58737405
  2.58724949
  2.58712493
  2.58700037
  2.58687581
  2.58675125
  2.58662669
  2.58650213
  2.58637757
  2.58625301
  2.58612845
  2.58600388
  2.58587932
  2.58575476
  2.58563020
  2.58550564
  2.58538108
  2.58525652
  2.58513196
  2.58500740
  2.58488284
  2.58475828
  2.58463372
  2.58450916
  2.58438460
  2.58426004
  2.58413547
  2.58401091
  2.58388635
  2.58376179
  2.58363723
  2.58351267
  2.58338811
  2.58326355
  2.58313899
  2.58301443
  2.58288987
  2.58276531
  2.58264075
  2.58251619
  2.58239163
  2.58226706
  2.58214250
  2.58201794
  2.58189338
  2.58176882
  2.58164426
  2.58151970
  2.58139514
  2.58127058
  2.58114602
  2.58102146
  2.58089690
  2.58077234
  2.58064778
  2.58052322
  2.58039865
  2.58027409
  2.58014953
  2.58002497
  2.57990041
  2.57977585
  2.57965129
  2.57952673
  2.57940217
  2.57927761
  2.57915305
  2.57902849
  2.57890393
  2.57877937
  2.57865481
  2.57853025
  2.57840568
  2.57828112
  2.57815656
  2.57803200
  2.57790744
  2.57778288
  2.57765832
  2.57753376
  2.57740920
  2.57728464
  2.57716008
  2.57703552
  2.57691096
  2.57678640
  2.57666184
  2.57653727
  2.57641271
  2.57628815
  2.57616359
  2.57603903
  2.57591447
  2.57578991
  2.57566535
  2.57554079
  2.57541623
  2.57529167
  2.57516711
  2.57504255
  2.57491799
  2.57479343
  2.57466886
  2.57454430
  2.57441974
  2.57429518
  2.57417062
  2.57404606
  2.57392150
  2.57379694
  2.57367238
  2.57354782
  2.57342326
  2.57329870
  2.57317414
  2.57304958
  2.57292502
  2.57280045
  2.57267589
  2.57255133
  2.57242677
  2.57230221
  2.57217765
  2.57205309
  2.57192853
  2.57180397
  2.57167941
  2.57155485
  2.57143029
  2.57130573
  2.57118117
  2.57105661
  2.57093204
  2.57080748
  2.57068292
  2.57055836
  2.57043380
  2.57030924
  2.57018468
  2.57006012
  2.56993556
  2.56981100
  2.56968644
  2.56956188
  2.56943732
  2.56931276
  2.56918820
  2.56906363
  2.56893907
  2.56881451
  2.56868995
  2.56856539
  2.56844083
  2.56831627
  2.56819171
  2.56806715
  2.56794259
  2.56781803
  2.56769347
  2.56756891
  2.56744435
  2.56731979
  2.56719522
  2.56707066
  2.56694610
  2.56682154
  2.56669698
  2.56657242
  2.56644786
  2.56632330
  2.56619874
  2.56607418
  2.56594962
  2.56582506
  2.56570050
  2.56557594
  2.56545138
  2.56532681
  2.56520225
  2.56507769
  2.56495313
  2.56482857
  2.56470401
  2.56457945
  2.56445489
  2.56433033
  2.56420577
  2.56408121
  2.56395665
  2.56383209
  2.56370753
  2.56358297
  2.56345841
  2.56333384
  2.56320928
  2.56308472
  2.56296016
  2.56283560
  2.56271104
  2.56258648
  2.56246192
  2.56233736
  2.56221280
  2.56208824
  2.56196368
  2.56183912
  2.56171456
  2.56159000
  2.56146543
  2.56134087
  2.56121631
  2.56109175
  2.56096719
  2.56084263
  2.56071807
  2.56059351
  2.56046895
  2.56034439
  2.56021983
  2.56009527
  2.55997071
  2.55984615
  2.55972159
  2.55959702
  2.55947246
  2.55934790
  2.55922334
  2.55909878
  2.55897422
  2.55884966
  2.55872510
  2.55860054
  2.55847598
  2.55835142
  2.55822686
  2.55810230
  2.55797774
  2.55785318
  2.55772861
  2.55760405
  2.55747949
  2.55735493
  2.55723037
  2.55710581
  2.55698125
  2.55685669
  2.55673213
  2.55660757
  2.55648301
  2.55635845
  2.55623389
  2.55610933
  2.55598477
  2.55586020
  2.55573564
  2.55561108
  2.55548652
  2.55536196
  2.55523740
  2.55511284
  2.55498828
  2.55486372
  2.55473916
  2.55461460
  2.55449004
  2.55436548
  2.55424092
  2.55411636
  2.55399179
  2.55386723
  2.55374267
  2.55361811
  2.55349355
  2.55336899
  2.55324443
  2.55311987
  2.55299531
  2.55287075
  2.55274619
  2.55262163
  2.55249707
  2.55237251
  2.55224795
  2.55212338
  2.55199882
  2.55187426
  2.55174970
  2.55162514
  2.55150058
  2.55137602
  2.55125146
  2.55112690
  2.55100234
  2.55087778
  2.55075322
  2.55062866
  2.55050410
  2.55037954
  2.55025497
  2.55013041
  2.55000585
  2.54988129
  2.54975673
  2.54963217
  2.54950761
  2.54938305
  2.54925849
  2.54913393
  2.54900937
  2.54888481
  2.54876025
  2.54863569
  2.54851113
  2.54838657
  2.54826200
  2.54813744
  2.54801288
  2.54788832
  2.54776376
  2.54763920
  2.54751464
  2.54739008
  2.54726552
  2.54714096
  2.54701640
  2.54689184
  2.54676728
  2.54664272
  2.54651816
  2.54639359
  2.54626903
  2.54614447
  2.54601991
  2.54589535
  2.54577079
  2.54564623
  2.54552167
  2.54539711
  2.54527255
  2.54514799
  2.54502343
  2.54489887
  2.54477431
  2.54464975
  2.54452518
  2.54440062
  2.54427606
  2.54415150
  2.54402694
  2.54390238
  2.54377782
  2.54365326
  2.54352870
  2.54340414
  2.54327958
  2.54315502
  2.54303046
  2.54290590
  2.54278134
  2.54265677
  2.54253221
  2.54240765
  2.54228309
  2.54215853
  2.54203397
  2.54190941
  2.54178485
  2.54166029
  2.54153573
  2.54141117
  2.54128661
  2.54116205
  2.54103749
  2.54091293
  2.54078836
  2.54066380
  2.54053924
  2.54041468
  2.54029012
  2.54016556
  2.54004100
  2.53991644
  2.53979188
  2.53966732
  2.53954276
  2.53941820
  2.53929364
  2.53916908
  2.53904452
  2.53891995
  2.53879539
  2.53867083
  2.53854627
  2.53842171
  2.53829715
  2.53817259
  2.53804803
  2.53792347
  2.53779891
  2.53767435
  2.53754979
  2.53742523
  2.53730067
  2.53717611
  2.53705154
  2.53692698
  2.53680242
  2.53667786
  2.53655330
  2.53642874
  2.53630418
  2.53617962
  2.53605506
  2.53593050
  2.53580594
  2.53568138
  2.53555682
  2.53543226
  2.53530770
  2.53518313
  2.53505857
  2.53493401
  2.53480945
  2.53468489
  2.53456033
  2.53443577
  2.53431121
  2.53418665
  2.53406209
  2.53393753
  2.53381297
  2.53368841
  2.53356385
  2.53343929
  2.53331473
  2.53319016
  2.53306560
  2.53294104
  2.53281648
  2.53269192
  2.53256736
  2.53244280
  2.53231824
  2.53219368
  2.53206912
  2.53194456
  2.53182000
  2.53169544
  2.53157088
  2.53144632
  2.53132175
  2.53119719
  2.53107263
  2.53094807
  2.53082351
  2.53069895
  2.53057439
  2.53044983
  2.53032527
  2.53020071
  2.53007615
  2.52995159
  2.52982703
  2.52970247
  2.52957791
  2.52945334
  2.52932878
  2.52920422
  2.52907966
  2.52895510
  2.52883054
  2.52870598
  2.52858142
  2.52845686
  2.52833230
  2.52820774
  2.52808318
  2.52795862
  2.52783406
  2.52770950
  2.52758493
  2.52746037
  2.52733581
  2.52721125
  2.52708669
  2.52696213
  2.52683757
  2.52671301
  2.52658845
  2.52646389
  2.52633933
  2.52621477
  2.52609021
  2.52596565
  2.52584109
  2.52571652
  2.52559196
  2.52546740
  2.52534284
  2.52521828
  2.52509372
  2.52496916
  2.52484460
  2.52472004
  2.52459548
  2.52447092
  2.52434636
  2.52422180
  2.52409724
  2.52397268
  2.52384811
  2.52372355
  2.52359899
  2.52347443
  2.52334987
  2.52322531
  2.52310075
  2.52297619
  2.52285163
  2.52272707
  2.52260251
  2.52247795
  2.52235339
  2.52222883
  2.52210427
  2.52197970
  2.52185514
  2.52173058
  2.52160602
  2.52148146
  2.52135690
  2.52123234
  2.52110778
  2.52098322
  2.52085866
  2.52073410
  2.52060954
  2.52048498
  2.52036042
  2.52023586
  2.52011129
  2.51998673
  2.51986217
  2.51973761
  2.51961305
  2.51948849
  2.51936393
  2.51923937
  2.51911481
  2.51899025
  2.51886569
  2.51874113
  2.51861657
  2.51849201
  2.51836745
  2.51824289
  2.51811832
  2.51799376
  2.51786920
  2.51774464
  2.51762008
  2.51749552
  2.51737096
  2.51724640
  2.51712184
  2.51699728
  2.51687272
  2.51674816
  2.51662360
  2.51649904
  2.51637448
  2.51624991
  2.51612535
  2.51600079
  2.51587623
  2.51575167
  2.51562711
  2.51550255
  2.51537799
  2.51525343
  2.51512887
  2.51500431
  2.51487975
  2.51475519
  2.51463063
  2.51450607
  2.51438150
  2.51425694
  2.51413238
  2.51400782
  2.51388326
  2.51375870
  2.51363414
  2.51350958
  2.51338502
  2.51326046
  2.51313590
  2.51301134
  2.51288678
  2.51276222
  2.51263766
  2.51251309
  2.51238853
  2.51226397
  2.51213941
  2.51201485
  2.51189029
  2.51176573
  2.51164117
  2.51151661
  2.51139205
  2.51126749
  2.51114293
  2.51101837
  2.51089381
  2.51076925
  2.51064468
  2.51052012
  2.51039556
  2.51027100
  2.51014644
  2.51002188
  2.50989732
  2.50977276
  2.50964820
  2.50952364
  2.50939908
  2.50927452
  2.50914996
  2.50902540
  2.50890084
  2.50877627
  2.50865171
  2.50852715
  2.50840259
  2.50827803
  2.50815347
  2.50802891
  2.50790435
  2.50777979
  2.50765523
  2.50753067
  2.50740611
  2.50728155
  2.50715699
  2.50703243
  2.50690786
  2.50678330
  2.50665874
  2.50653418
  2.50640962
  2.50628506
  2.50616050
  2.50603594
  2.50591138
  2.50578682
  2.50566226
  2.50553770
  2.50541314
  2.50528858
  2.50516402
  2.50503946
  2.50491489
  2.50479033
  2.50466577
  2.50454121
  2.50441665
  2.50429209
  2.50416753
  2.50404297
  2.50391841
  2.50379385
  2.50366929
  2.50354473
  2.50342017
  2.50329561
  2.50317105
  2.50304648
  2.50292192
  2.50279736
  2.50267280
  2.50254824
  2.50242368
  2.50229912
  2.50217456
  2.50205000
  2.50192544
  2.50180088
  2.50167632
  2.50155176
  2.50142720
  2.50130264
  2.50117807
  2.50105351
  2.50092895
  2.50080439
  2.50067983
  2.50055527
  2.50043071
  2.50030615
  2.50018159
  2.50005703
  2.49993247
  2.49980791
  2.49968335
  2.49955879
  2.49943423
  2.49930966
  2.49918510
  2.49906054
  2.49893598
  2.49881142
  2.49868686
  2.49856230
  2.49843774
  2.49831318
  2.49818862
  2.49806406
  2.49793950
  2.49781494
  2.49769038
  2.49756582
  2.49744125
  2.49731669
  2.49719213
  2.49706757
  2.49694301
  2.49681845
  2.49669389
  2.49656933
  2.49644477
  2.49632021
  2.49619565
  2.49607109
  2.49594653
  2.49582197
  2.49569741
  2.49557284
  2.49544828
  2.49532372
  2.49519916
  2.49507460
  2.49495004
  2.49482548
  2.49470092
  2.49457636
  2.49445180
  2.49432724
  2.49420268
  2.49407812
  2.49395356
  2.49382900
  2.49358857
  2.49347270
  2.49335683
  2.49324096
  2.49312509
  2.49300922
  2.49289335
  2.49277748
  2.49266161
  2.49254574
  2.49242987
  2.49231401
  2.49219814
  2.49208227
  2.49196640
  2.49185053
  2.49173466
  2.49161879
  2.49150292
  2.49138705
  2.49127118
  2.49115532
  2.49103945
  2.49092358
  2.49080771
  2.49069184
  2.49057597
  2.49046010
  2.49034423
  2.49022836
  2.49011249
  2.48999662
  2.48988076
  2.48976489
  2.48964902
  2.48953315
  2.48941728
  2.48930141
  2.48918554
  2.48906967
  2.48895380
  2.48883793
  2.48872206
  2.48860620
  2.48849033
  2.48837446
  2.48825859
  2.48814272
  2.48802685
  2.48791098
  2.48779511
  2.48767924
  2.48756337
  2.48744750
  2.48733164
  2.48721577
  2.48709990
  2.48698403
  2.48686816
  2.48675229
  2.48663642
  2.48652055
  2.48640468
  2.48628881
  2.48617294
  2.48605708
  2.48594121
  2.48582534
  2.48570947
  2.48559360
  2.48547773
  2.48536186
  2.48524599
  2.48513012
  2.48501425
  2.48489838
  2.48478252
  2.48466665
  2.48455078
  2.48443491
  2.48431904
  2.48420317
  2.48408730
  2.48397143
  2.48385556
  2.48373969
  2.48362383
  2.48350796
  2.48339209
  2.48327622
  2.48316035
  2.48304448
  2.48292861
  2.48281274
  2.48269687
  2.48258100
  2.48246513
  2.48234927
  2.48223340
  2.48211753
  2.48200166
  2.48188579
  2.48176992
  2.48165405
  2.48153818
  2.48142231
  2.48130644
  2.48119057
  2.48107471
  2.48095884
  2.48084297
  2.48072710
  2.48061123
  2.48049536
  2.48037949
  2.48026362
  2.48014775
  2.48003188
  2.47991601
  2.47980015
  2.47968428
  2.47956841
  2.47945254
  2.47933667
  2.47922080
  2.47910493
  2.47898906
  2.47887319
  2.47875732
  2.47864145
  2.47852559
  2.47840972
  2.47829385
  2.47817798
  2.47806211
  2.47794624
  2.47783037
  2.47771450
  2.47759863
  2.47748276
  2.47736689
  2.47725103
  2.47713516
  2.47701929
  2.47690342
  2.47678755
  2.47667168
  2.47655581
  2.47643994
  2.47632407
  2.47620820
  2.47609234
  2.47597647
  2.47586060
  2.47574473
  2.47562886
  2.47551299
  2.47539712
  2.47528125
  2.47516538
  2.47504951
  2.47493364
  2.47481778
  2.47470191
  2.47458604
  2.47447017
  2.47435430
  2.47423843
  2.47412256
  2.47400669
  2.47389082
  2.47377495
  2.47365908
  2.47354322
  2.47342735
  2.47331148
  2.47319561
  2.47307974
  2.47296387
  2.47284800
  2.47273213
  2.47261626
  2.47250039
  2.47238452
  2.47226866
  2.47215279
  2.47203692
  2.47192105
  2.47180518
  2.47168931
  2.47157344
  2.47145757
  2.47134170
  2.47122583
  2.47110996
  2.47099410
  2.47087823
  2.47076236
  2.47064649
  2.47053062
  2.47041475
  2.47029888
  2.47018301
  2.47006714
  2.46995127
  2.46983540
  2.46971954
  2.46960367
  2.46948780
  2.46937193
  2.46925606
  2.46914019
  2.46902432
  2.46890845
  2.46879258
  2.46867671
  2.46856085
  2.46844498
  2.46832911
  2.46821324
  2.46809737
  2.46798150
  2.46786563
  2.46774976
  2.46763389
  2.46751802
  2.46740215
  2.46728629
  2.46717042
  2.46705455
  2.46693868
  2.46682281
  2.46670694
  2.46659107
  2.46647520
  2.46635933
  2.46624346
  2.46612759
  2.46601173
  2.46589586
  2.46577999
  2.46566412
  2.46554825
  2.46543238
  2.46531651
  2.46520064
  2.46508477
  2.46496890
  2.46485303
  2.46473717
  2.46462130
  2.46450543
  2.46438956
  2.46427369
  2.46415782
  2.46404195
  2.46392608
  2.46381021
  2.46369434
  2.46357847
  2.46346261
  2.46334674
  2.46323087
  2.46311500
  2.46299913
  2.46288326
  2.46276739
  2.46265152
  2.46253565
  2.46241978
  2.46230391
  2.46218805
  2.46207218
  2.46195631
  2.46184044
  2.46172457
  2.46160870
  2.46149283
  2.46137696
  2.46126109
  2.46114522
  2.46102935
  2.46091349
  2.46079762
  2.46068175
  2.46056588
  2.46045001
  2.46033414
  2.46021827
  2.46010240
  2.45998653
  2.45987066
  2.45975480
  2.45963893
  2.45952306
  2.45940719
  2.45929132
  2.45917545
  2.45905958
  2.45894371
  2.45882784
  2.45871197
  2.45859610
  2.45848024
  2.45836437
  2.45824850
  2.45813263
  2.45801676
  2.45790089
  2.45778502
  2.45766915
  2.45755328
  2.45743741
  2.45732154
  2.45720568
  2.45708981
  2.45697394
  2.45685807
  2.45674220
  2.45662633
  2.45651046
  2.45639459
  2.45627872
  2.45616285
  2.45604698
  2.45593112
  2.45581525
  2.45569938
  2.45558351
  2.45546764
  2.45535177
  2.45523590
  2.45512003
  2.45500416
  2.45488829
  2.45477242
  2.45465656
  2.45454069
  2.45442482
  2.45430895
  2.45419308
  2.45407721
  2.45396134
  2.45384547
  2.45372960
  2.45361373
  2.45349786
  2.45338200
  2.45326613
  2.45315026
  2.45303439
  2.45291852
  2.45280265
  2.45268678
  2.45257091
  2.45245504
  2.45233917
  2.45222331
  2.45210744
  2.45199157
  2.45187570
  2.45175983
  2.45164396
  2.45152809
  2.45141222
  2.45129635
  2.45118048
  2.45106461
  2.45094875
  2.45083288
  2.45071701
  2.45060114
  2.45048527
  2.45036940
  2.45025353
  2.45013766
  2.45002179
  2.44990592
  2.44979005
  2.44967419
  2.44955832
  2.44944245
  2.44932658
  2.44921071
  2.44909484
  2.44897897
  2.44886310
  2.44874723
  2.44863136
  2.44851549
  2.44839963
  2.44828376
  2.44816789
  2.44805202
  2.44793615
  2.44782028
  2.44770441
  2.44758854
  2.44747267
  2.44735680
  2.44724093
  2.44712507
  2.44700920
  2.44689333
  2.44677746
  2.44666159
  2.44654572
  2.44642985
  2.44631398
  2.44619811
  2.44608224
  2.44596637
  2.44585051
  2.44573464
  2.44561877
  2.44550290
  2.44538703
  2.44527116
  2.44515529
  2.44503942
  2.44492355
  2.44480768
  2.44469182
  2.44457595
  2.44446008
  2.44434421
  2.44422834
  2.44411247
  2.44399660
  2.44388073
  2.44376486
  2.44364899
  2.44353312
  2.44341726
  2.44330139
  2.44318552
  2.44306965
  2.44295378
  2.44283791
  2.44272204
  2.44260617
  2.44249030
  2.44237443
  2.44225856
  2.44214270
  2.44202683
  2.44191096
  2.44179509
  2.44167922
  2.44156335
  2.44144748
  2.44133161
  2.44121574
  2.44109987
  2.44098400
  2.44086814
  2.44075227
  2.44063640
  2.44052053
  2.44040466
  2.44028879
  2.44017292
  2.44005705
  2.43994118
  2.43982531
  2.43970944
  2.43959358
  2.43947771
  2.43936184
  2.43924597
  2.43913010
  2.43901423
  2.43889836
  2.43878249
  2.43866662
  2.43855075
  2.43843488
  2.43831902
  2.43820315
  2.43808728
  2.43797141
  2.43785554
  2.43773967
  2.43762380
  2.43750793
  2.43739206
  2.43727619
  2.43716033
  2.43704446
  2.43692859
  2.43681272
  2.43669685
  2.43658098
  2.43646511
  2.43634924
  2.43623337
  2.43611750
  2.43600163
  2.43588577
  2.43576990
  2.43565403
  2.43553816
  2.43542229
  2.43530642
  2.43519055
  2.43507468
  2.43495881
  2.43484294
  2.43472707
  2.43461121
  2.43449534
  2.43437947
  2.43426360
  2.43414773
  2.43403186
  2.43391599
  2.43380012
  2.43368425
  2.43356838
  2.43345251
  2.43333665
  2.43322078
  2.43310491
  2.43298904
  2.43287317
  2.43275730
  2.43264143
  2.43252556
  2.43240969
  2.43229382
  2.43217795
  2.43206209
  2.43194622
  2.43183035
  2.43171448
  2.43159861
  2.43148274
  2.43136687
  2.43125100
  2.43113513
  2.43101926
  2.43090339
  2.43078753
  2.43067166
  2.43055579
  2.43043992
  2.43032405
  2.43020818
  2.43009231
  2.42997644
  2.42986057
  2.42974470
  2.42962883
  2.42951297
  2.42939710
  2.42928123
  2.42916536
  2.42904949
  2.42893362
  2.42881775
  2.42870188
  2.42858601
  2.42847014
  2.42835428
  2.42823841
  2.42812254
  2.42800667
  2.42789080
  2.42777493
  2.42765906
  2.42754319
  2.42742732
  2.42731145
  2.42719558
  2.42707972
  2.42696385
  2.42684798
  2.42673211
  2.42661624
  2.42650037
  2.42638450
  2.42626863
  2.42615276
  2.42603689
  2.42592102
  2.42580516
  2.42568929
  2.42557342
  2.42545755
  2.42534168
  2.42522581
  2.42510994
  2.42499407
  2.42487820
  2.42476233
  2.42464646
  2.42453060
  2.42441473
  2.42429886
  2.42418299
  2.42406712
  2.42395125
  2.42383538
  2.42371951
  2.42360364
  2.42348777
  2.42337190
  2.42325604
  2.42314017
  2.42302430
  2.42290843
  2.42279256
  2.42267669
  2.42256082
  2.42244495
  2.42232908
  2.42221321
  2.42209734
  2.42198148
  2.42186561
  2.42174974
  2.42163387
  2.42151800
  2.42140213
  2.42128626
  2.42117039
  2.42105452
  2.42093865
  2.42082279
  2.42070692
  2.42059105
  2.42047518
  2.42035931
  2.42024344
  2.42012757
  2.42001170
  2.41989583
  2.41977996
  2.41966409
  2.41954823
  2.41943236
  2.41931649
  2.41920062
  2.41908475
  2.41896888
  2.41885301
  2.41873714
  2.41862127
  2.41850540
  2.41838953
  2.41827367
  2.41815780
  2.41804193
  2.41792606
  2.41781019
  2.41769432
  2.41757845
  2.41746258
  2.41734671
  2.41723084
  2.41711497
  2.41699911
  2.41688324
  2.41676737
  2.41665150
  2.41653563
  2.41641976
  2.41630389
  2.41618802
  2.41607215
  2.41595628
  2.41584041
  2.41572455
  2.41560868
  2.41549281
  2.41537694
  2.41526107
  2.41514520
  2.41502933
  2.41491346
  2.41479759
  2.41468172
  2.41456585
  2.41444999
  2.41433412
  2.41421825
  2.41410238
  2.41398651
  2.41387064
  2.41375477
  2.41363890
  2.41352303
  2.41340716
  2.41329130
  2.41317543
  2.41305956
  2.41294369
  2.41282782
  2.41271195
  2.41259608
  2.41248021
  2.41236434
  2.41224847
  2.41213260
  2.41201674
  2.41190087
  2.41178500
  2.41166913
  2.41155326
  2.41143739
  2.41132152
  2.41120565
  2.41108978
  2.41097391
  2.41085804
  2.41074218
  2.41062631
  2.41051044
  2.41039457
  2.41027870
  2.41016283
  2.41004696
  2.40993109
  2.40981522
  2.40969935
  2.40958348
  2.40946762
  2.40935175
  2.40923588
  2.40912001
  2.40900414
  2.40888827
  2.40877240
  2.40865653
  2.40854066
  2.40842479
  2.40830892
  2.40819306
  2.40807719
  2.40796132
  2.40784545
  2.40772958
  2.40761371
  2.40749784
  2.40738197
  2.40726610
  2.40715023
  2.40703436
  2.40691850
  2.40680263
  2.40668676
  2.40657089
  2.40645502
  2.40633915
  2.40622328
  2.40610741
  2.40599154
  2.40587567
  2.40575980
  2.40564394
  2.40552807
  2.40541220
  2.40529633
  2.40518046
  2.40506459
  2.40494872
  2.40483285
  2.40471698
  2.40460111
  2.40448525
  2.40436938
  2.40425351
  2.40413764
  2.40402177
  2.40390590
  2.40379003
  2.40367416
  2.40355829
  2.40344242
  2.40332655
  2.40321069
  2.40309482
  2.40297895
  2.40286308
  2.40274721
  2.40263134
  2.40251547
  2.40239960
  2.40228373
  2.40216786
  2.40205199
  2.40193613
  2.40182026
  2.40170439
  2.40158852
  2.40147265
  2.40135678
  2.40124091
  2.40112504
  2.40100917
  2.40089330
  2.40077743
  2.40066157
  2.40054570
  2.40042983
  2.40031396
  2.40019809
  2.40008222
  2.39996635
  2.39985048
  2.39973461
  2.39961874
  2.39950287
  2.39938701
  2.39927114
  2.39915527
  2.39903940
  2.39892353
  2.39880766
  2.39869179
  2.39857592
  2.39846005
  2.39834418
  2.39822831
  2.39811245
  2.39799658
  2.39788071
  2.39776484
  2.39764897
  2.39753310
  2.39741723
  2.39730136
  2.39718549
  2.39706962
  2.39695376
  2.39683789
  2.39672202
  2.39660615
  2.39649028
  2.39637441
  2.39625854
  2.39614267
  2.39602680
  2.39591093
  2.39579506
  2.39567920
  2.39556333
  2.39544746
  2.39533159
  2.39521572
  2.39509985
  2.39498398
  2.39486811
  2.39475224
  2.39463637
  2.39452050
  2.39440464
  2.39428877
  2.39417290
  2.39405703
  2.39394116
  2.39382529
  2.39370942
  2.39359355
  2.39347768
  2.39336181
  2.39324594
  2.39313008
  2.39301421
  2.39289834
  2.39278247
  2.39266660
  2.39255073
  2.39243486
  2.39231899
  2.39220312
  2.39208725
  2.39197138
  2.39185552
  2.39173965
  2.39162378
  2.39150791
  2.39139204
  2.39127617
  2.39116030
  2.39104443
  2.39092856
  2.39081269
  2.39069682
  2.39058096
  2.39046509
  2.39034922
  2.39023335
  2.39011748
  2.39000161
  2.38988574
  2.38976987
  2.38965400
  2.38953813
  2.38942227
  2.38930640
  2.38919053
  2.38907466
  2.38895879
  2.38884292
  2.38872705
  2.38861118
  2.38849531
  2.38837944
  2.38826357
  2.38814771
  2.38803184
  2.38791597
  2.38780010
  2.38768423
  2.38756836
  2.38745249
  2.38733662
  2.38722075
  2.38710488
  2.38698901
  2.38687315
  2.38675728
  2.38664141
  2.38652554
  2.38640967
  2.38629380
  2.38617793
  2.38606206
  2.38594619
  2.38583032
  2.38571445
  2.38559859
  2.38548272
  2.38536685
  2.38525098
  2.38513511
  2.38501924
  2.38490337
  2.38478750
  2.38467163
  2.38455576
  2.38443989
  2.38432403
  2.38420816
  2.38409229
  2.38397642
  2.38386055
  2.38374468
  2.38362881
  2.38351294
  2.38339707
  2.38328120
  2.38316533
  2.38304947
  2.38293360
  2.38281773
  2.38270186
  2.38258599
  2.38247012
  2.38235425
  2.38223838
  2.38212251
  2.38200664
  2.38189078
  2.38177491
  2.38165904
  2.38154317
  2.38142730
  2.38131143
  2.38119556
  2.38107969
  2.38096382
  2.38084795
  2.38073208
  2.38061622
  2.38050035
  2.38038448
  2.38026861
  2.38015274
  2.38003687
  2.37992100
  2.37980513
  2.37968926
  2.37957339
  2.37945752
  2.37934166
  2.37922579
  2.37910992
  2.37899405
  2.37887818
  2.37876231
  2.37874583
  2.37872935
  2.37871286
  2.37869638
  2.37867990
  2.37866342
  2.37864694
  2.37863234
  2.37861780
  2.37860326
  2.37858872
  2.37857418
  2.37855964
  2.37854510
  2.37853057
  2.37851797
  2.37850537
  2.37849278
  2.37848018
  2.37846759
  2.37845499
  2.37844239
  2.37842980
  2.37841720
  2.37840617
  2.37839552
  2.37838487
  2.37837422
  2.37836356
  2.37835291
  2.37834226
  2.37833161
  2.37832096
  2.37831031
  2.37829966
  2.37829081
  2.37828211
  2.37827340
  2.37826470
  2.37825600
  2.37824730
  2.37823859
  2.37822989
  2.37822119
  2.37821249
  2.37820378
  2.37819508
  2.37818638
  2.37817886
  2.37817211
  2.37816537
  2.37815862
  2.37815187
  2.37814512
  2.37813837
  2.37813162
  2.37812487
  2.37811812
  2.37811137
  2.37810462
  2.37809787
  2.37809112
  2.37808438
  2.37807763
  2.37807088
  2.37806499
  2.37806022
  2.37805544
  2.37805066
  2.37804588
  2.37804111
  2.37803633
  2.37803155
  2.37802677
  2.37802199
  2.37801722
  2.37801244
  2.37800766
  2.37800288
  2.37799810
  2.37799333
  2.37798855
  2.37798377
  2.37797899
  2.37797422
  2.37796944
  2.37796466
  2.37795988
  2.37795510
  2.37795078
  2.37794838
  2.37794599
  2.37794360
  2.37794121
  2.37793882
  2.37793642
  2.37793403
  2.37793164
  2.37792925
  2.37792685
  2.37792446
  2.37792207
  2.37791968
  2.37791729
  2.37791489
  2.37791250
  2.37791011
  2.37790772
  2.37790533
  2.37790293
  2.37790054
  2.37789815
  2.37789576
  2.37789337
  2.37789097
  2.37788858
  2.37788619
  2.37788380
  2.37788140
  2.37787901
  2.37787662
  2.37787423
  2.37787184
  2.37786944
  2.37786705
  2.37786466
  2.37786227
  2.37785988
  2.37785748
  2.37785509
  2.37785270
  2.37785031
  2.37784792
  2.37784552
  2.37784313
  2.37784074
  2.37783835
  2.37783595
  2.37783526
  2.37783512
  2.37783499
  2.37783485
  2.37783472
  2.37783458
  2.37783445
  2.37783432
  2.37783418
  2.37783405
  2.37783391
  2.37783378
  2.37783364
  2.37783351
  2.37783337
  2.37783324
  2.37783311
  2.37783297
  2.37783284
  2.37783270
  2.37783257
  2.37783243
  2.37783230
  2.37783216
  2.37783203
  2.37783189
  2.37783176
  2.37783163
  2.37783149
  2.37783136
  2.37783122
  2.37783109
  2.37783095
  2.37783082
  2.37783068
  2.37783055
  2.37783042
  2.37783028
  2.37783015
  2.37783001
  2.37782988
  2.37782974
  2.37782961
  2.37782947
  2.37782934
  2.37782921
  2.37782907
  2.37782894
  2.37782880
  2.37782867
  2.37782853
  2.37782840
  2.37782826
  2.37782813
  2.37782800
  2.37782786
  2.37782773
  2.37782759
  2.37782746
  2.37782732
  2.37782719
  2.37782705
  2.37782692
  2.37782679
  2.37782665
  2.37782652
  2.37782638
  2.37782625
  2.37782611
  2.37782598
  2.37782584
  2.37782571
  2.37782558
  2.37782544
  2.37782531
  2.37782517
  2.37782504
  2.37782490
  2.37782477
  2.37782463
  2.37782450
  2.37782437
  2.37782423
  2.37782410
  2.37782396
  2.37782383
  2.37782369
  2.37782356
  2.37782342
  2.37782329
  2.37782316
  2.37782302
  2.37782289
  2.37782275
  2.37782262
  2.37782248
  2.37782235
  2.37782221
  2.37782208
  2.37782195
  2.37782181
  2.37782168
  2.37782154
  2.37782141
  2.37782127
  2.37782114
  2.37782100
  2.37782087
  2.37782073
  2.37782060
  2.37782047
  2.37782033
  2.37782020
  2.37782006
  2.37781993
  2.37781979
  2.37781966
  2.37781952
  2.37781939
  2.37781926
  2.37781912
  2.37781899
  2.37781885
  2.37781872
  2.37781858
  2.37781845
  2.37781831
  2.37781818
  2.37781805
  2.37781791
  2.37781778
  2.37781764
  2.37781751
  2.37781737
  2.37781724
  2.37781710
  2.37781697
  2.37781684
  2.37781670
  2.37781657
  2.37781643
  2.37781630
  2.37781616
  2.37781603
  2.37781589
  2.37781576
  2.37781563
  2.37781549
  2.37781536
  2.37781522
  2.37781509
  2.37781495
  2.37781482
  2.37781468
  2.37781455
  2.37781442
  2.37781428
  2.37781415
  2.37781401
  2.37781388
  2.37781374
  2.37781361
  2.37781347
  2.37781334
  2.37781321
  2.37781307
  2.37781294
  2.37781280
  2.37781267
  2.37781253
  2.37781240
  2.37781226
  2.37781213
  2.37781200
  2.37781186
  2.37781173
  2.37781159
  2.37781146
  2.37781132
  2.37781119
  2.37781105
  2.37781092
  2.37781079
  2.37781065
  2.37781052
  2.37781038
  2.37781025
  2.37781011
  2.37780998
  2.37780984
  2.37780971
  2.37780957
  2.37780944
  2.37780931
  2.37780917
  2.37780904
  2.37780890
  2.37780877
  2.37780863
  2.37780850
  2.37780836
  2.37780823
  2.37780810
  2.37780796
  2.37780783
  2.37780769
  2.37780756
  2.37780742
  2.37780729
  2.37780715
  2.37780702
  2.37780689
  2.37780675
  2.37780662
  2.37780648
  2.37780635
  2.37780621
  2.37780608
  2.37780594
  2.37780581
  2.37780568
  2.37780554
  2.37780541
  2.37780527
  2.37780514
  2.37780500
  2.37780487
  2.37780473
  2.37780460
  2.37780447
  2.37780433
  2.37780420
  2.37780406
  2.37780393
  2.37780379
  2.37780366
  2.37780352
  2.37780339
  2.37780326
  2.37780312
  2.37780299
  2.37780285
  2.37780272
  2.37780258
  2.37780245
  2.37780231
  2.37780218
  2.37780205
  2.37780191
  2.37780178
  2.37780164
  2.37780151
  2.37780137
  2.37780124
  2.37780110
  2.37780097
  2.37780084
  2.37780070
  2.37780057
  2.37780043
  2.37780030
  2.37780016
  2.37780003
  2.37779989
  2.37779976
  2.37779963
  2.37779949
  2.37779936
  2.37779922
  2.37779909
  2.37779895
  2.37779882
  2.37779868
  2.37779855
  2.37779841
  2.37779828
  2.37779815
  2.37779801
  2.37779788
  2.37779774
  2.37779761
  2.37779747
  2.37779734
  2.37779720
  2.37779707
  2.37779694
  2.37779680
  2.37779667
  2.37779653
  2.37779640
  2.37779626
  2.37779613
  2.37779599
  2.37779586
  2.37779573
  2.37779559
  2.37779546
  2.37779532
  2.37779519
  2.37779505
  2.37779492
  2.37779478
  2.37779465
  2.37779452
  2.37779438
  2.37779425
  2.37779411
  2.37779398
  2.37779384
  2.37779371
  2.37779357
  2.37779344
  2.37779331
  2.37779317
  2.37779304
  2.37779290
  2.37779277
  2.37779263
  2.37779250
  2.37779236
  2.37779223
  2.37779210
  2.37779196
  2.37779183
  2.37779169
  2.37779156
  2.37779142
  2.37779129
  2.37779115
  2.37779102
  2.37779089
  2.37779075
  2.37779062
  2.37779048
  2.37779035
  2.37779021
  2.37779008
  2.37778994
  2.37778981
  2.37778968
  2.37778954
  2.37778941
  2.37778927
  2.37778914
  2.37778900
  2.37778887
  2.37778873
  2.37778860
  2.37778847
  2.37778833
  2.37778820
  2.37778806
  2.37778793
  2.37778779
  2.37778766
  2.37778752
  2.37778739
  2.37778725
  2.37778712
  2.37778699
  2.37778685
  2.37778672
  2.37778658
  2.37778645
  2.37778631
  2.37778618
  2.37778604
  2.37778591
  2.37778578
  2.37778564
  2.37778551
  2.37778537
  2.37778524
  2.37778510
  2.37778497
  2.37778483
  2.37778470
  2.37778457
  2.37778443
  2.37778430
  2.37778416
  2.37778403
  2.37778389
  2.37778376
  2.37778362
  2.37778349
  2.37778336
  2.37778322
  2.37778309
  2.37778295
  2.37778282
  2.37778268
  2.37778255
  2.37778241
  2.37778228
  2.37778215
  2.37778201
  2.37778188
  2.37778174
  2.37778161
  2.37778147
  2.37778134
  2.37778120
  2.37778107
  2.37778094
  2.37778080
  2.37778067
  2.37778053
  2.37778040
  2.37778026
  2.37778013
  2.37777999
  2.37777986
  2.37777973
  2.37777959
  2.37777946
  2.37777932
  2.37777919
  2.37777905
  2.37777892
  2.37777878
  2.37777865
  2.37777852
  2.37777838
  2.37777825
  2.37777811
  2.37777798
  2.37777784
  2.37777771
  2.37777757
  2.37777744
  2.37777731
  2.37777717
  2.37777704
  2.37777690
  2.37777677
  2.37777663
  2.37777650
  2.37777636
  2.37777623
  2.37777609
  2.37777596
  2.37777583
  2.37777569
  2.37777556
  2.37777542
  2.37777529
  2.37777515
  2.37777502
  2.37777488
  2.37777475
  2.37777462
  2.37777448
  2.37777435
  2.37777421
  2.37777408
  2.37777394
  2.37777381
  2.37777367
  2.37777354
  2.37777341
  2.37777327
  2.37777314
  2.37777300
  2.37777287
  2.37777273
  2.37777260
  2.37777246
  2.37777233
  2.37777220
  2.37777206
  2.37777193
  2.37777179
  2.37777166
  2.37777152
  2.37777139
  2.37777125
  2.37777112
  2.37777099
  2.37777085
  2.37777072
  2.37777058
  2.37777045
  2.37777031
  2.37777018
  2.37777004
  2.37776991
  2.37776978
  2.37776964
  2.37776951
  2.37776937
  2.37776924
  2.37776910
  2.37776897
  2.37776883
  2.37776870
  2.37776857
  2.37776843
  2.37776830
  2.37776816
  2.37776803
  2.37776789
  2.37776776
  2.37776762
  2.37776749
  2.37776736
  2.37776722
  2.37776709
  2.37776695
  2.37776682
  2.37776668
  2.37776655
  2.37776641
  2.37776628
  2.37776615
  2.37776601
  2.37776588
  2.37776574
  2.37776561
  2.37776547
  2.37776534
  2.37776520
  2.37776507
  2.37776493
  2.37776480
  2.37776467
  2.37776453
  2.37776440
  2.37776426
  2.37776413
  2.37776399
  2.37776386
  2.37776372
  2.37776359
  2.37776346
  2.37776332
  2.37776319
  2.37776305
  2.37776292
  2.37776278
  2.37776265
  2.37776251
  2.37776238
  2.37776225
  2.37776211
  2.37776198
  2.37776184
  2.37776171
  2.37776157
  2.37776144
  2.37776130
  2.37776117
  2.37776104
  2.37776090
  2.37776077
  2.37776063
  2.37776050
  2.37776036
  2.37776023
  2.37776009
  2.37775996
  2.37775983
  2.37775969
  2.37775956
  2.37775942
  2.37775929
  2.37775915
  2.37775902
  2.37775888
  2.37775875
  2.37775862
  2.37775848
  2.37775835
  2.37775821
  2.37775808
  2.37775794
  2.37775781
  2.37775767
  2.37775754
  2.37775741
  2.37775727
  2.37775714
  2.37775700
  2.37775687
  2.37775673
  2.37775660
  2.37775646
  2.37775633
  2.37775620
  2.37775606
  2.37775593
  2.37775579
  2.37775566
  2.37775552
  2.37775539
  2.37775525
  2.37775512
  2.37775499
  2.37775485
  2.37775472
  2.37775458
  2.37775445
  2.37775431
  2.37775418
  2.37775404
  2.37775391
  2.37775377
  2.37775364
  2.37775351
  2.37775337
  2.37775324
  2.37775310
  2.37775297
  2.37775283
  2.37775270
  2.37775256
  2.37775243
  2.37775230
  2.37775216
  2.37775203
  2.37775189
  2.37775176
  2.37775162
  2.37775149
  2.37775135
  2.37775122
  2.37775109
  2.37775095
  2.37775082
  2.37775068
  2.37775055
  2.37775041
  2.37775028
  2.37775014
  2.37775001
  2.37774988
  2.37774974
  2.37774961
  2.37774947
  2.37774934
  2.37774920
  2.37774907
  2.37774893
  2.37774880
  2.37774867
  2.37774853
  2.37774840
  2.37774826
  2.37774813
  2.37774799
  2.37774786
  2.37774772
  2.37774759
  2.37774746
  2.37774732
  2.37774719
  2.37774705
  2.37774692
  2.37774678
  2.37774665
  2.37774651
  2.37774638
  2.37774625
  2.37774611
  2.37774598
  2.37774584
  2.37774571
  2.37774557
  2.37774544
  2.37774530
  2.37774517
  2.37774504
  2.37774490
  2.37774477
  2.37774463
  2.37774450
  2.37774436
  2.37774423
  2.37774409
  2.37774396
  2.37774383
  2.37774369
  2.37774356
  2.37774342
  2.37774329
  2.37774315
  2.37774302
  2.37774288
  2.37774275
  2.37774261
  2.37774248
  2.37774235
  2.37774221
  2.37774208
  2.37774194
  2.37774181
  2.37774167
  2.37774154
  2.37774140
  2.37774127
  2.37774114
  2.37774100
  2.37774087
  2.37774073
  2.37774060
  2.37774046
  2.37774033
  2.37774019
  2.37774006
  2.37773993
  2.37773979
  2.37773966
  2.37773952
  2.37773939
  2.37773925
  2.37773912
  2.37773898
  2.37773885
  2.37773872
  2.37773858
  2.37773845
  2.37773831
  2.37773818
  2.37773804
  2.37773791
  2.37773777
  2.37773764
  2.37773751
  2.37773737
  2.37773724
  2.37773710
  2.37773697
  2.37773683
  2.37773670
  2.37773656
  2.37773643
  2.37773630
  2.37773616
  2.37773603
  2.37773589
  2.37773576
  2.37773562
  2.37773549
  2.37773535
  2.37773522
  2.37773509
  2.37773495
  2.37773482
  2.37773468
  2.37773455
  2.37773441
  2.37773428
  2.37773414
  2.37773401
  2.37773388
  2.37773374
  2.37773361
  2.37773347
  2.37773334
  2.37773320
  2.37773307
  2.37773293
  2.37773280
  2.37773267
  2.37773253
  2.37773240
  2.37773226
  2.37773213
  2.37773199
  2.37773186
  2.37773172
  2.37773159
  2.37773145
  2.37773132
  2.37773119
  2.37773105
  2.37773092
  2.37773078
  2.37773065
  2.37773051
  2.37773038
  2.37773024
  2.37773011
  2.37772998
  2.37772984
  2.37772971
  2.37772957
  2.37772944
  2.37772930
  2.37772917
  2.37772903
  2.37772890
  2.37772877
  2.37772863
  2.37772850
  2.37772836
  2.37772823
  2.37772809
  2.37772796
  2.37772782
  2.37772769
  2.37772756
  2.37772742
  2.37772729
  2.37772715
  2.37772702
  2.37772688
  2.37772675
  2.37772661
  2.37772648
  2.37772635
  2.37772621
  2.37772608
  2.37772594
  2.37772581
  2.37772567
  2.37772554
  2.37772540
  2.37772527
  2.37772514
  2.37772500
  2.37772487
  2.37772473
  2.37772460
  2.37772446
  2.37772433
  2.37772419
  2.37772406
  2.37772393
  2.37772379
  2.37772366
  2.37772352
  2.37772339
  2.37772325
  2.37772312
  2.37772298
  2.37772285
  2.37772272
  2.37772258
  2.37772245
  2.37772231
  2.37772218
  2.37772204
  2.37772191
  2.37772177
  2.37772164
  2.37772151
  2.37772137
  2.37772124
  2.37772110
  2.37772097
  2.37772083
  2.37772070
  2.37772056
  2.37772043
  2.37772029
  2.37772016
  2.37772003
  2.37771989
  2.37771976
  2.37771962
  2.37771949
