1.000000000000000000e+00
1.000000038730065599e+00
1.000000077460137637e+00
1.000000116190215893e+00
1.000000154920300588e+00
1.000000193650391944e+00
1.000000232380489296e+00
1.000000271110593530e+00
1.000000309840703760e+00
1.000000348570820430e+00
1.000000387300943316e+00
1.000000426031072864e+00
1.000000464761208629e+00
1.000000503491351056e+00
1.000000542221499922e+00
1.000000580951654339e+00
1.000000619681815861e+00
1.000000658411983823e+00
1.000000697142157779e+00
1.000000735872338398e+00
1.000000774602525455e+00
1.000000813332718730e+00
1.000000852062918000e+00
1.000000890793124375e+00
1.000000929523336968e+00
1.000000968253555556e+00
1.000001006983781027e+00
1.000001045714012493e+00
1.000001084444250399e+00
1.000001123174494744e+00
1.000001161904745750e+00
1.000001200635002752e+00
1.000001239365266414e+00
1.000001278095536295e+00
1.000001316825812614e+00
1.000001355556094929e+00
1.000001394286384127e+00
1.000001433016679542e+00
1.000001471746981396e+00
1.000001510477289912e+00
1.000001549207604201e+00
1.000001587937925152e+00
1.000001626668252541e+00
1.000001665398586370e+00
1.000001704128926638e+00
1.000001742859272902e+00
1.000001781589626049e+00
1.000001820319984969e+00
1.000001859050350772e+00
1.000001897780723015e+00
1.000001936511101475e+00
1.000001975241486152e+00
1.000002013971877046e+00
1.000002052702274824e+00
1.000002091432678819e+00
1.000002130163089031e+00
1.000002168893505905e+00
1.000002207623928996e+00
1.000002246354358526e+00
1.000002285084794496e+00
1.000002323815236682e+00
1.000002362545685530e+00
1.000002401276140596e+00
1.000002440006602100e+00
1.000002478737069600e+00
1.000002517467543761e+00
1.000002556198024362e+00
1.000002594928510957e+00
1.000002633659004880e+00
1.000002672389504577e+00
1.000002711120010268e+00
1.000002749850522843e+00
1.000002788581041857e+00
1.000002827311567088e+00
1.000002866042098759e+00
1.000002904772636869e+00
1.000002943503181196e+00
1.000002982233731963e+00
1.000003020964289169e+00
1.000003059694852814e+00
1.000003098425422676e+00
1.000003137155998978e+00
1.000003175886581719e+00
1.000003214617170677e+00
1.000003253347766075e+00
1.000003292078368133e+00
1.000003330808976187e+00
1.000003369539590903e+00
1.000003408270211835e+00
1.000003447000839207e+00
1.000003485731473019e+00
1.000003524462113269e+00
1.000003563192759959e+00
1.000003601923412866e+00
1.000003640654071990e+00
1.000003679384737998e+00
1.000003718115410001e+00
1.000003756846088221e+00
1.000003795576773324e+00
1.000003834307464645e+00
1.000003873038161961e+00
1.000003911768865938e+00
1.000003950499576355e+00
1.000003989230293211e+00
1.000004027961016506e+00
1.000004066691746241e+00
1.000004105422481526e+00
1.000004144153224139e+00
1.000004182883972748e+00
1.000004221614727795e+00
1.000004260345489282e+00
1.000004299076257208e+00
1.000004337807030907e+00
1.000004376537811934e+00
1.000004415268598956e+00
1.000004453999392640e+00
1.000004492730192096e+00
1.000004531460998214e+00
1.000004570191810771e+00
1.000004608922629767e+00
1.000004647653454981e+00
1.000004686384286856e+00
1.000004725115124726e+00
1.000004763845969258e+00
1.000004802576820007e+00
1.000004841307677195e+00
1.000004880038541044e+00
1.000004918769410889e+00
1.000004957500287173e+00
1.000004996231170118e+00
1.000005034962059280e+00
1.000005073692954660e+00
1.000005112423856479e+00
1.000005151154764738e+00
1.000005189885679435e+00
1.000005228616600572e+00
1.000005267347527704e+00
1.000005306078461720e+00
1.000005344809401953e+00
1.000005383540348625e+00
1.000005422271301514e+00
1.000005461002261065e+00
1.000005499733226610e+00
1.000005538464198818e+00
1.000005577195177242e+00
1.000005615926162106e+00
1.000005654657153631e+00
1.000005693388151151e+00
1.000005732119155111e+00
1.000005770850165510e+00
1.000005809581182348e+00
1.000005848312205181e+00
1.000005887043235120e+00
1.000005925774271276e+00
1.000005964505313427e+00
1.000006003236362240e+00
1.000006041967417270e+00
1.000006080698478739e+00
1.000006119429546647e+00
1.000006158160620995e+00
1.000006196891701560e+00
1.000006235622788564e+00
1.000006274353882008e+00
1.000006313084981668e+00
1.000006351816088213e+00
1.000006390547200530e+00
1.000006429278319287e+00
1.000006468009444927e+00
1.000006506740576562e+00
1.000006545471714636e+00
1.000006584202859372e+00
1.000006622934010103e+00
1.000006661665167274e+00
1.000006700396330883e+00
1.000006739127500932e+00
1.000006777858677642e+00
1.000006816589860348e+00
1.000006855321049493e+00
1.000006894052244855e+00
1.000006932783446656e+00
1.000006971514655119e+00
1.000007010245870021e+00
1.000007048977091140e+00
1.000007087708318476e+00
1.000007126439552252e+00
1.000007165170792689e+00
1.000007203902039343e+00
1.000007242633292215e+00
1.000007281364551748e+00
1.000007320095817498e+00
1.000007358827089243e+00
1.000007397558368316e+00
1.000007436289653162e+00
1.000007475020944447e+00
1.000007513752242172e+00
1.000007552483546336e+00
1.000007591214856717e+00
1.000007629946173537e+00
1.000007668677496575e+00
1.000007707408826496e+00
1.000007746140162190e+00
1.000007784871505212e+00
1.000007823602853563e+00
1.000007862334208797e+00
1.000007901065570248e+00
1.000007939796938361e+00
1.000007978528312469e+00
1.000008017259693460e+00
1.000008055991080003e+00
1.000008094722473873e+00
1.000008133453873516e+00
1.000008172185279820e+00
1.000008210916692564e+00
1.000008249648111525e+00
1.000008288379536703e+00
1.000008327110968542e+00
1.000008365842406821e+00
1.000008404573851317e+00
1.000008443305302253e+00
1.000008482036759627e+00
1.000008520768223219e+00
1.000008559499693250e+00
1.000008598231169943e+00
1.000008636962652409e+00
1.000008675694141758e+00
1.000008714425637546e+00
1.000008753157139330e+00
1.000008791888647552e+00
1.000008830620162659e+00
1.000008869351683538e+00
1.000008908083211301e+00
1.000008946814745503e+00
1.000008985546285256e+00
1.000009024277831893e+00
1.000009063009385191e+00
1.000009101740944706e+00
1.000009140472510660e+00
1.000009179204082610e+00
1.000009217935661221e+00
1.000009256667246049e+00
1.000009295398837317e+00
1.000009334130435468e+00
1.000009372862039614e+00
1.000009411593649977e+00
1.000009450325267002e+00
1.000009489056890022e+00
1.000009527788519703e+00
1.000009566520156046e+00
1.000009605251798606e+00
1.000009643983447383e+00
1.000009682715102377e+00
1.000009721446763811e+00
1.000009760178431906e+00
1.000009798910106218e+00
1.000009837641787191e+00
1.000009876373474160e+00
1.000009915105167568e+00
1.000009953836867416e+00
1.000009992568573924e+00
1.000010031300286428e+00
1.000010070032005816e+00
1.000010108763731198e+00
1.000010147495462576e+00
1.000010186227201059e+00
1.000010224958945537e+00
1.000010263690696455e+00
1.000010302422453812e+00
1.000010341154217830e+00
1.000010379885987843e+00
1.000010418617764296e+00
1.000010457349546966e+00
1.000010496081336520e+00
1.000010534813132068e+00
1.000010573544934278e+00
1.000010612276742483e+00
1.000010651008557350e+00
1.000010689740378655e+00
1.000010728472206178e+00
1.000010767204040141e+00
1.000010805935880542e+00
1.000010844667727161e+00
1.000010883399580219e+00
1.000010922131439939e+00
1.000010960863305876e+00
1.000010999595178030e+00
1.000011038327056623e+00
1.000011077058941655e+00
1.000011115790832905e+00
1.000011154522730816e+00
1.000011193254635167e+00
1.000011231986545956e+00
1.000011270718462519e+00
1.000011309450385744e+00
1.000011348182315629e+00
1.000011386914251732e+00
1.000011425646194496e+00
1.000011464378143033e+00
1.000011503110098454e+00
1.000011541842059870e+00
1.000011580574027947e+00
1.000011619306002464e+00
1.000011658037983198e+00
1.000011696769970593e+00
1.000011735501964205e+00
1.000011774233963813e+00
1.000011812965970082e+00
1.000011851697983012e+00
1.000011890430001937e+00
1.000011929162027524e+00
1.000011967894059772e+00
1.000012006626097794e+00
1.000012045358142254e+00
1.000012084090193376e+00
1.000012122822250715e+00
1.000012161554314272e+00
1.000012200286384711e+00
1.000012239018461369e+00
1.000012277750544243e+00
1.000012316482633556e+00
1.000012355214729309e+00
1.000012393946831279e+00
1.000012432678940133e+00
1.000012471411054760e+00
1.000012510143175604e+00
1.000012548875303553e+00
1.000012587607437498e+00
1.000012626339577881e+00
1.000012665071724927e+00
1.000012703803877967e+00
1.000012742536037669e+00
1.000012781268203588e+00
1.000012820000375724e+00
1.000012858732554522e+00
1.000012897464739536e+00
1.000012936196930990e+00
1.000012974929128884e+00
1.000013013661332995e+00
1.000013052393543767e+00
1.000013091125760756e+00
1.000013129857983962e+00
1.000013168590213830e+00
1.000013207322449915e+00
1.000013246054692662e+00
1.000013284786941403e+00
1.000013323519196806e+00
1.000013362251458648e+00
1.000013400983726486e+00
1.000013439716000985e+00
1.000013478448281923e+00
1.000013517180569078e+00
1.000013555912862673e+00
1.000013594645162707e+00
1.000013633377469180e+00
1.000013672109781870e+00
1.000013710842101000e+00
1.000013749574426569e+00
1.000013788306758578e+00
1.000013827039097025e+00
1.000013865771441690e+00
1.000013904503792572e+00
1.000013943236149894e+00
1.000013981968514098e+00
1.000014020700884076e+00
1.000014059433260716e+00
1.000014098165643572e+00
1.000014136898032868e+00
1.000014175630428825e+00
1.000014214362831222e+00
1.000014253095239392e+00
1.000014291827654445e+00
1.000014330560075715e+00
1.000014369292503424e+00
1.000014408024937351e+00
1.000014446757378161e+00
1.000014485489824967e+00
1.000014524222277990e+00
1.000014562954737674e+00
1.000014601687203575e+00
1.000014640419676137e+00
1.000014679152154917e+00
1.000014717884639914e+00
1.000014756617131351e+00
1.000014795349629226e+00
1.000014834082133763e+00
1.000014872814644518e+00
1.000014911547161489e+00
1.000014950279684900e+00
1.000014989012214972e+00
1.000015027744751039e+00
1.000015066477293546e+00
1.000015105209842714e+00
1.000015143942397877e+00
1.000015182674959702e+00
1.000015221407527966e+00
1.000015260140102002e+00
1.000015298872683145e+00
1.000015337605270727e+00
1.000015376337864303e+00
1.000015415070464320e+00
1.000015453803070775e+00
1.000015492535683670e+00
1.000015531268302560e+00
1.000015570000928111e+00
1.000015608733560546e+00
1.000015647466198754e+00
1.000015686198843401e+00
1.000015724931494709e+00
1.000015763664152013e+00
1.000015802396815978e+00
1.000015841129486382e+00
1.000015879862163226e+00
1.000015918594845843e+00
1.000015957327535565e+00
1.000015996060231505e+00
1.000016034792933439e+00
1.000016073525642035e+00
1.000016112258357071e+00
1.000016150991078545e+00
1.000016189723806015e+00
1.000016228456540368e+00
1.000016267189280716e+00
1.000016305922027726e+00
1.000016344654781175e+00
1.000016383387540841e+00
1.000016422120306725e+00
1.000016460853079048e+00
1.000016499585858032e+00
1.000016538318643011e+00
1.000016577051434874e+00
1.000016615784232954e+00
1.000016654517037029e+00
1.000016693249847766e+00
1.000016731982664719e+00
1.000016770715488335e+00
1.000016809448318389e+00
1.000016848181154883e+00
1.000016886913997149e+00
1.000016925646846300e+00
1.000016964379701667e+00
1.000017003112563696e+00
1.000017041845431942e+00
1.000017080578306405e+00
1.000017119311187308e+00
1.000017158044074650e+00
1.000017196776968431e+00
1.000017235509868652e+00
1.000017274242775089e+00
1.000017312975688188e+00
1.000017351708607283e+00
1.000017390441532816e+00
1.000017429174465011e+00
1.000017467907403645e+00
1.000017506640348497e+00
1.000017545373299344e+00
1.000017584106256630e+00
1.000017622839221021e+00
1.000017661572191185e+00
1.000017700305168011e+00
1.000017739038151277e+00
1.000017777771140759e+00
1.000017816504136459e+00
1.000017855237138820e+00
1.000017893970147398e+00
1.000017932703162415e+00
1.000017971436183872e+00
1.000018010169211768e+00
1.000018048902245660e+00
1.000018087635286657e+00
1.000018126368333427e+00
1.000018165101386858e+00
1.000018203834446506e+00
1.000018242567512816e+00
1.000018281300585121e+00
1.000018320033663866e+00
1.000018358766749271e+00
1.000018397499840894e+00
1.000018436232938956e+00
1.000018474966043458e+00
1.000018513699154399e+00
1.000018552432271335e+00
1.000018591165394932e+00
1.000018629898525191e+00
1.000018668631661223e+00
1.000018707364804138e+00
1.000018746097953048e+00
1.000018784831108620e+00
1.000018823564270409e+00
1.000018862297438860e+00
1.000018901030613527e+00
1.000018939763794412e+00
1.000018978496981514e+00
1.000019017230175722e+00
1.000019055963375481e+00
1.000019094696582345e+00
1.000019133429795426e+00
1.000019172163014725e+00
1.000019210896240462e+00
1.000019249629472640e+00
1.000019288362710812e+00
1.000019327095956090e+00
1.000019365829207363e+00
1.000019404562464631e+00
1.000019443295728561e+00
1.000019482028999152e+00
1.000019520762276182e+00
1.000019559495559207e+00
1.000019598228848894e+00
1.000019636962144798e+00
1.000019675695446919e+00
1.000019714428755702e+00
1.000019753162070923e+00
1.000019791895392585e+00
1.000019830628720463e+00
1.000019869362054559e+00
1.000019908095394872e+00
1.000019946828741846e+00
1.000019985562095703e+00
1.000020024295455334e+00
1.000020063028821626e+00
1.000020101762194358e+00
1.000020140495572862e+00
1.000020179228958472e+00
1.000020217962350078e+00
1.000020256695748344e+00
1.000020295429152828e+00
1.000020334162563529e+00
1.000020372895980891e+00
1.000020411629404471e+00
1.000020450362834268e+00
1.000020489096270948e+00
1.000020527829713846e+00
1.000020566563162738e+00
1.000020605296618292e+00
1.000020644030080286e+00
1.000020682763548496e+00
1.000020721497023590e+00
1.000020760230504457e+00
1.000020798963992208e+00
1.000020837697485732e+00
1.000020876430986139e+00
1.000020915164492763e+00
1.000020953898005827e+00
1.000020992631525329e+00
1.000021031365051272e+00
1.000021070098583209e+00
1.000021108832121586e+00
1.000021147565666624e+00
1.000021186299218101e+00
1.000021225032775796e+00
1.000021263766340152e+00
1.000021302499910059e+00
1.000021341233487071e+00
1.000021379967070301e+00
1.000021418700659970e+00
1.000021457434256300e+00
1.000021496167858626e+00
1.000021534901467168e+00
1.000021573635082150e+00
1.000021612368704016e+00
1.000021651102331877e+00
1.000021689835966177e+00
1.000021728569606916e+00
1.000021767303254094e+00
1.000021806036907490e+00
1.000021844770567103e+00
1.000021883504233822e+00
1.000021922237906313e+00
1.000021960971585466e+00
1.000021999705270614e+00
1.000022038438962424e+00
1.000022077172660673e+00
1.000022115906365139e+00
1.000022154640076266e+00
1.000022193373793611e+00
1.000022232107517173e+00
1.000022270841247174e+00
1.000022309574983836e+00
1.000022348308726494e+00
1.000022387042476035e+00
1.000022425776231350e+00
1.000022464509993325e+00
1.000022503243761962e+00
1.000022541977536816e+00
1.000022580711317888e+00
1.000022619445105398e+00
1.000022658178899571e+00
1.000022696912699516e+00
1.000022735646506344e+00
1.000022774380319390e+00
1.000022813114139097e+00
1.000022851847964800e+00
1.000022890581797164e+00
1.000022929315635523e+00
1.000022968049480765e+00
1.000023006783332002e+00
1.000023045517189901e+00
1.000023084251054017e+00
1.000023122984924795e+00
1.000023161718801346e+00
1.000023200452684780e+00
1.000023239186574653e+00
1.000023277920470965e+00
1.000023316654373051e+00
1.000023355388282020e+00
1.000023394122197207e+00
1.000023432856119054e+00
1.000023471590046675e+00
1.000023510323981180e+00
1.000023549057921901e+00
1.000023587791869284e+00
1.000023626525822662e+00
1.000023665259782701e+00
1.000023703993748736e+00
1.000023742727721876e+00
1.000023781461700789e+00
1.000023820195686586e+00
1.000023858929678378e+00
1.000023897663676387e+00
1.000023936397680835e+00
1.000023975131692167e+00
1.000024013865709716e+00
1.000024052599733260e+00
1.000024091333763243e+00
1.000024130067799888e+00
1.000024168801843194e+00
1.000024207535892273e+00
1.000024246269948014e+00
1.000024285004009972e+00
1.000024323738078369e+00
1.000024362472153205e+00
1.000024401206234703e+00
1.000024439940322418e+00
1.000024478674416128e+00
1.000024517408516500e+00
1.000024556142623311e+00
1.000024594876736339e+00
1.000024633610856251e+00
1.000024672344982157e+00
1.000024711079114503e+00
1.000024749813253289e+00
1.000024788547398069e+00
1.000024827281549733e+00
1.000024866015707392e+00
1.000024904749871713e+00
1.000024943484042472e+00
1.000024982218219449e+00
1.000025020952402866e+00
1.000025059686592277e+00
1.000025098420788794e+00
1.000025137154991306e+00
1.000025175889200035e+00
1.000025214623415426e+00
1.000025253357637256e+00
1.000025292091865081e+00
1.000025330826099790e+00
1.000025369560340494e+00
1.000025408294587859e+00
1.000025447028841663e+00
1.000025485763101463e+00
1.000025524497367924e+00
1.000025563231640602e+00
1.000025601965919941e+00
1.000025640700205498e+00
1.000025679434497272e+00
1.000025718168795485e+00
1.000025756903100360e+00
1.000025795637411452e+00
1.000025834371728983e+00
1.000025873106052732e+00
1.000025911840382919e+00
1.000025950574719547e+00
1.000025989309062613e+00
1.000026028043412119e+00
1.000026066777767841e+00
1.000026105512130226e+00
1.000026144246498827e+00
1.000026182980873424e+00
1.000026221715254682e+00
1.000026260449642601e+00
1.000026299184036738e+00
1.000026337918437092e+00
1.000026376652844107e+00
1.000026415387257339e+00
1.000026454121676789e+00
1.000026492856102678e+00
1.000026531590535228e+00
1.000026570324973996e+00
1.000026609059419203e+00
1.000026647793870627e+00
1.000026686528328712e+00
1.000026725262793015e+00
1.000026763997263757e+00
1.000026802731740716e+00
1.000026841466224337e+00
1.000026880200713952e+00
1.000026918935210229e+00
1.000026957669712724e+00
1.000026996404221880e+00
1.000027035138737697e+00
1.000027073873259065e+00
1.000027112607787316e+00
1.000027151342322007e+00
1.000027190076862693e+00
1.000027228811410263e+00
1.000027267545963827e+00
1.000027306280524053e+00
1.000027345015090274e+00
1.000027383749663157e+00
1.000027422484242701e+00
1.000027461218828018e+00
1.000027499953420218e+00
1.000027538688018636e+00
1.000027577422623049e+00
1.000027616157234567e+00
1.000027654891851858e+00
1.000027693626476033e+00
1.000027732361106203e+00
1.000027771095743034e+00
1.000027809830386305e+00
1.000027848565035349e+00
1.000027887299691498e+00
1.000027926034353642e+00
1.000027964769022226e+00
1.000028003503697249e+00
1.000028042238378490e+00
1.000028080973066391e+00
1.000028119707760732e+00
1.000028158442461290e+00
1.000028197177168288e+00
1.000028235911881280e+00
1.000028274646601156e+00
1.000028313381327250e+00
1.000028352116059560e+00
1.000028390850798532e+00
1.000028429585543943e+00
1.000028468320295572e+00
1.000028507055053417e+00
1.000028545789817924e+00
1.000028584524588648e+00
1.000028623259366034e+00
1.000028661994149637e+00
1.000028700728939457e+00
1.000028739463735494e+00
1.000028778198538193e+00
1.000028816933347553e+00
1.000028855668162908e+00
1.000028894402984925e+00
1.000028933137813381e+00
1.000028971872647610e+00
1.000029010607488722e+00
1.000029049342336274e+00
1.000029088077189821e+00
1.000029126812050029e+00
1.000029165546916676e+00
1.000029204281789319e+00
1.000029243016668845e+00
1.000029281751554588e+00
1.000029320486446549e+00
1.000029359221345393e+00
1.000029397956250010e+00
1.000029436691161289e+00
1.000029475426078784e+00
1.000029514161002941e+00
1.000029552895933538e+00
1.000029591630869907e+00
1.000029630365813382e+00
1.000029669100762852e+00
1.000029707835718540e+00
1.000029746570681111e+00
1.000029785305649677e+00
1.000029824040624904e+00
1.000029862775606571e+00
1.000029901510594232e+00
1.000029940245588556e+00
1.000029978980589096e+00
1.000030017715596076e+00
1.000030056450609717e+00
1.000030095185629353e+00
1.000030133920655429e+00
1.000030172655688165e+00
1.000030211390726897e+00
1.000030250125772291e+00
1.000030288860824124e+00
1.000030327595882174e+00
1.000030366330946663e+00
1.000030405066017591e+00
1.000030443801094959e+00
1.000030482536178322e+00
1.000030521271268347e+00
1.000030560006365032e+00
1.000030598741467269e+00
1.000030637476576834e+00
1.000030676211692615e+00
1.000030714946814170e+00
1.000030753681942608e+00
1.000030792417077485e+00
1.000030831152218358e+00
1.000030869887365892e+00
1.000030908622519643e+00
1.000030947357680278e+00
1.000030986092846685e+00
1.000031024828019754e+00
1.000031063563199263e+00
1.000031102298384988e+00
1.000031141033577153e+00
1.000031179768775536e+00
1.000031218503980579e+00
1.000031257239192062e+00
1.000031295974409318e+00
1.000031334709633457e+00
1.000031373444864258e+00
1.000031412180101054e+00
1.000031450915344511e+00
1.000031489650594185e+00
1.000031528385849855e+00
1.000031567121112630e+00
1.000031605856381178e+00
1.000031644591656610e+00
1.000031683326938037e+00
1.000031722062225903e+00
1.000031760797520208e+00
1.000031799532820953e+00
1.000031838268128137e+00
1.000031877003441538e+00
1.000031915738761601e+00
1.000031954474087881e+00
1.000031993209420378e+00
1.000032031944759314e+00
1.000032070680104912e+00
1.000032109415456505e+00
1.000032148150814981e+00
1.000032186886179675e+00
1.000032225621550364e+00
1.000032264356927492e+00
1.000032303092311503e+00
1.000032341827701732e+00
1.000032380563097956e+00
1.000032419298500841e+00
1.000032458033909943e+00
1.000032496769325485e+00
1.000032535504747910e+00
1.000032574240176331e+00
1.000032612975610968e+00
1.000032651711052489e+00
1.000032690446499783e+00
1.000032729181953739e+00
1.000032767917414134e+00
1.000032806652880746e+00
1.000032845388353797e+00
1.000032884123833732e+00
1.000032922859319440e+00
1.000032961594811587e+00
1.000033000330309951e+00
1.000033039065815421e+00
1.000033077801326886e+00
1.000033116536844569e+00
1.000033155272368468e+00
1.000033194007899251e+00
1.000033232743436029e+00
1.000033271478979691e+00
1.000033310214529347e+00
1.000033348950085443e+00
1.000033387685647757e+00
1.000033426421216953e+00
1.000033465156791923e+00
1.000033503892373776e+00
1.000033679915912632e+00
1.000034472636480043e+00
1.000035265359721981e+00
1.000036058085637558e+00
1.000036850814227218e+00
1.000037643545491406e+00
1.000038436279429455e+00
1.000039229016041809e+00
1.000040021755327802e+00
1.000040814497288322e+00
1.000041607241923147e+00
1.000042399989232056e+00
1.000043192739215048e+00
1.000043985491872123e+00
1.000044778247203947e+00
1.000045571005209855e+00
1.000046363765889845e+00
1.000047156529243919e+00
1.000047949295272520e+00
1.000048742063975205e+00
1.000049534835352638e+00
1.000050327609403933e+00
1.000051120386129755e+00
1.000051913165529660e+00
1.000052705947604315e+00
1.000053498732352830e+00
1.000054291519776095e+00
1.000055084309873665e+00
1.000055877102645541e+00
1.000056669898091943e+00
1.000057462696212429e+00
1.000058255497007886e+00
1.000059048300477427e+00
1.000059841106621494e+00
1.000060633915439867e+00
1.000061426726932989e+00
1.000062219541100417e+00
1.000063012357942593e+00
1.000063805177459075e+00
1.000064597999650307e+00
1.000065390824515399e+00
1.000066183652055907e+00
1.000066976482270498e+00
1.000068260667748454e+00
1.000069615335918094e+00
1.000070970011895266e+00
1.000072324695681525e+00
1.000073679387276204e+00
1.000075034086678860e+00
1.000076388793890603e+00
1.000077743508910988e+00
1.000079098231739794e+00
1.000080452962377464e+00
1.000081807700823777e+00
1.000083162447078955e+00
1.000084517201143441e+00
1.000085871963016793e+00
1.000087226732698564e+00
1.000088581510190089e+00
1.000089936295491144e+00
1.000091291088600398e+00
1.000092645889519405e+00
1.000094000698247720e+00
1.000095355514785567e+00
1.000096710339132944e+00
1.000098065171289186e+00
1.000099420011255846e+00
1.000100837795338427e+00
1.000102747150823479e+00
1.000104656521818791e+00
1.000106565908325029e+00
1.000108475310341527e+00
1.000110384727869395e+00
1.000112294160908410e+00
1.000114203609459018e+00
1.000116113073520774e+00
1.000118022553094566e+00
1.000119932048179505e+00
1.000121841558776703e+00
1.000123751084886381e+00
1.000125660626508317e+00
1.000127570183642733e+00
1.000129479756289630e+00
1.000131389344449673e+00
1.000133298948122640e+00
1.000135508498672943e+00
1.000137970167003010e+00
1.000140431861112011e+00
1.000142893581000836e+00
1.000145355326669261e+00
1.000147817098118175e+00
1.000150278895347578e+00
1.000152740718357913e+00
1.000155202567149626e+00
1.000157664441723160e+00
1.000160126342078293e+00
1.000162588268216357e+00
1.000165050220137131e+00
1.000167512197840836e+00
1.000170477307487094e+00
1.000173490235921392e+00
1.000176503202969691e+00
1.000179516208632435e+00
1.000182529252910735e+00
1.000185542335804811e+00
1.000188555457315775e+00
1.000191568617444071e+00
1.000194581816190142e+00
1.000197595053554656e+00
1.000200608329538721e+00
1.000204048286734926e+00
1.000207611907138361e+00
1.000211175581556144e+00
1.000214739309989165e+00
1.000218303092438976e+00
1.000221866928906467e+00
1.000225430819392525e+00
1.000228994763898482e+00
1.000232558762425006e+00
1.000236319248153594e+00
1.000240433214141911e+00
1.000244547252109539e+00
1.000248661362058034e+00
1.000252775543989392e+00
1.000256889797905169e+00
1.000261004123806696e+00
1.000265118521696639e+00
1.000269341762214825e+00
1.000274005879502992e+00
1.000278670089300492e+00
1.000283334391609547e+00
1.000287998786432597e+00
1.000292663273772531e+00
1.000297327853631568e+00
1.000301992526012151e+00
1.000335571203146756e+00
1.000369154674030980e+00
1.000402742939575873e+00
1.000436336000694260e+00
1.000469933858300076e+00
1.000503536513305480e+00
1.000537143966624853e+00
1.000570756219171686e+00
1.000604373271859915e+00
1.000637995125603030e+00
1.000671621781316745e+00
1.000705253239914327e+00
1.000738889502310602e+00
1.000772530569421725e+00
1.000806176442162299e+00
1.000839827121448034e+00
1.000873482608193754e+00
1.000907142903316727e+00
1.000940808007731997e+00
1.000974477922356165e+00
1.001008152648106275e+00
1.001041832185898706e+00
1.001075516536649834e+00
1.001109205701277816e+00
1.001142899680699472e+00
1.001176598475832735e+00
1.001210302087595316e+00
1.001244010516905369e+00
1.001277723764681049e+00
1.001311441831840954e+00
1.001345164719304126e+00
1.001378892427988720e+00
1.001412624958815112e+00
1.001446362312701455e+00
1.001480104490567680e+00
1.001513851493334162e+00
1.001547603321920388e+00
1.001581359977246954e+00
1.001615121460234015e+00
1.001648887771802610e+00
1.001682658912873558e+00
1.001716434884367679e+00
1.001750215687206902e+00
1.001784001322312490e+00
1.001817791790606593e+00
1.001851587093010476e+00
1.001885387230447177e+00
1.001919192203838405e+00
1.001953002014107641e+00
1.001986816662177482e+00
1.002020636148970745e+00
1.002054460475410913e+00
1.002088289642421692e+00
1.002122123650927454e+00
1.002155962501851016e+00
1.002189806196117416e+00
1.002223654734650582e+00
1.002257508118375995e+00
1.002291366348217805e+00
1.002325229425101272e+00
1.002359097349952322e+00
1.002392970123695770e+00
1.002426847747257321e+00
1.002460730221563567e+00
1.002494617547540656e+00
1.002528509726114736e+00
1.002562406758212177e+00
1.002596308644760237e+00
1.002630215386686174e+00
1.002664126984917248e+00
1.002698043440380937e+00
1.002731964754004723e+00
1.002765890926716752e+00
1.002799821959446058e+00
1.002833757853119456e+00
1.002867698608667091e+00
1.002901644227017330e+00
1.002935594709098766e+00
1.002969550055841319e+00
1.003003510268174470e+00
1.003037475347027474e+00
1.003071445293331365e+00
1.003105420108015400e+00
1.003139399792009723e+00
1.003173384346246477e+00
1.003207373771655142e+00
1.003241368069167416e+00
1.003275367239714111e+00
1.003309371284228035e+00
1.003343380203639779e+00
1.003377393998881706e+00
1.003411412670885738e+00
1.003445436220585130e+00
1.003479464648911801e+00
1.003513497956798339e+00
1.003547536145178665e+00
1.003581579214985808e+00
1.003615627167153246e+00
1.003649680002614897e+00
1.003683737722304459e+00
1.003717800327156073e+00
1.003751867818105215e+00
1.003785940196085136e+00
1.003820017462031977e+00
1.003854099616880102e+00
1.003888186661564985e+00
1.003922278597022100e+00
1.003956375424187586e+00
1.003990477143997584e+00
1.004024583757387790e+00
1.004058695265294787e+00
1.004092811668655383e+00
1.004126932968406383e+00
1.004161059165485037e+00
1.004195190260829040e+00
1.004229326255375421e+00
1.004263467150062095e+00
1.004297612945827423e+00
1.004331763643609321e+00
1.004365919244346372e+00
1.004400079748977159e+00
1.004434245158441374e+00
1.004468415473676934e+00
1.004502590695624198e+00
1.004536770825222414e+00
1.004570955863411275e+00
1.004605145811131361e+00
1.004639340669322145e+00
1.004673540438924872e+00
1.004707745120879903e+00
1.004741954716128260e+00
1.004776169225611415e+00
1.004810388650270392e+00
1.004844612991046660e+00
1.004878842248882798e+00
1.004913076424720053e+00
1.004947315519501894e+00
1.004981559534169788e+00
1.005015808469666538e+00
1.005050062326936278e+00
1.005084321106920919e+00
1.005118584810564597e+00
1.005152853438810778e+00
1.005187126992603153e+00
1.005221405472886298e+00
1.005255688880604348e+00
1.005289977216702102e+00
1.005324270482123916e+00
1.005358568677815256e+00
1.005392871804721144e+00
1.005427179863787046e+00
1.005461492855958650e+00
1.005495810782182087e+00
1.005530133643403490e+00
1.005564461440569213e+00
1.005598794174625832e+00
1.005633131846519923e+00
1.005667474457199395e+00
1.005701822007610380e+00
1.005736174498701452e+00
1.005770531931419853e+00
1.005804894306713493e+00
1.005839261625530945e+00
1.005873633888820784e+00
1.005908011097531141e+00
1.005942393252610811e+00
1.005976780355009481e+00
1.006011172405676168e+00
1.006045569405561002e+00
1.006079971355613001e+00
1.006114378256782516e+00
1.006148790110019675e+00
1.006183206916275275e+00
1.006217628676499887e+00
1.006252055391644529e+00
1.006286487062660218e+00
1.006320923690498415e+00
1.006355365276110581e+00
1.006389811820449287e+00
1.006424263324465773e+00
1.006458719789112610e+00
1.006493181215342814e+00
1.006527647604108289e+00
1.006562118956362717e+00
1.006596595273059336e+00
1.006631076555151383e+00
1.006665562803592540e+00
1.006700054019336488e+00
1.006734550203338241e+00
1.006769051356551481e+00
1.006803557479930999e+00
1.006838068574431366e+00
1.006872584641008261e+00
1.006907105680616255e+00
1.006941631694211470e+00
1.006976162682749143e+00
1.007010698647185842e+00
1.007045239588477692e+00
1.007079785507580594e+00
1.007114336405451782e+00
1.007148892283047825e+00
1.007183453141326179e+00
1.007218018981244079e+00
1.007252589803758758e+00
1.007287165609828561e+00
1.007321746400411611e+00
1.007356332176466029e+00
1.007390922938950162e+00
1.007425518688823241e+00
1.007460119427043832e+00
1.007494725154570947e+00
1.007529335872364928e+00
1.007563951581384565e+00
1.007598572282590199e+00
1.007633197976941730e+00
1.007667828665399723e+00
1.007702464348924520e+00
1.007737105028477353e+00
1.007771750705019231e+00
1.007806401379511163e+00
1.007841057052914602e+00
1.007875717726191667e+00
1.007910383400304477e+00
1.007945054076215152e+00
1.007979729754885145e+00
1.008014410437278796e+00
1.008049096124358224e+00
1.008083786817086214e+00
1.008118482516426662e+00
1.008153183223343019e+00
1.008187888938799182e+00
1.008222599663759267e+00
1.008257315399187615e+00
1.008292036146048343e+00
1.008326761905306901e+00
1.008361492677927851e+00
1.008396228464876643e+00
1.008430969267118504e+00
1.008465715085619552e+00
1.008500465921345457e+00
1.008535221775262336e+00
1.008569982648336749e+00
1.008604748541535479e+00
1.008639519455824640e+00
1.008674295392172349e+00
1.008709076351545608e+00
1.008743862334911423e+00
1.008778653343238574e+00
1.008813449377494065e+00
1.008848250438647343e+00
1.008883056527665856e+00
1.008917867645518607e+00
1.008952683793175265e+00
1.008987504971604166e+00
1.009022331181775201e+00
1.009057162424657594e+00
1.009091998701222126e+00
1.009126840012437798e+00
1.009161686359276500e+00
1.009196537742707012e+00
1.009231394163701667e+00
1.009266255623230801e+00
1.009301122122265859e+00
1.009335993661778730e+00
1.009370870242740414e+00
1.009405751866123913e+00
1.009440638532901113e+00
1.009475530244044128e+00
1.009510427000526178e+00
1.009545328803319819e+00
1.009580235653398272e+00
1.009615147551735204e+00
1.009650064499304500e+00
1.009684986497079606e+00
1.009719913546034853e+00
1.009754845647144572e+00
1.009789782801383318e+00
1.009824725009726087e+00
1.009859672273147879e+00
1.009894624592624135e+00
1.009929581969129853e+00
1.009964544403641584e+00
1.009999511897134772e+00
1.010034484450585746e+00
1.010069462064971502e+00
1.010104444741268148e+00
1.010139432480453126e+00
1.010174425283503208e+00
1.010209423151395836e+00
1.010244426085109115e+00
1.010279434085620709e+00
1.010314447153908723e+00
1.010349465290951265e+00
1.010384488497727995e+00
1.010419516775216575e+00
1.010454550124396667e+00
1.010489588546247708e+00
1.010524632041748916e+00
1.010559680611880173e+00
1.010594734257621585e+00
1.010629792979953701e+00
1.010664856779856402e+00
1.010699925658311127e+00
1.010734999616298424e+00
1.010770078654799509e+00
1.010805162774796262e+00
1.010840251977269677e+00
1.010875346263202079e+00
1.010910445633576238e+00
1.010945550089373368e+00
1.010980659631577350e+00
1.011015774261170286e+00
1.011050893979135168e+00
1.011086018786455654e+00
1.011121148684115623e+00
1.011156283673098732e+00
1.011191423754389085e+00
1.011226568928970559e+00
1.011261719197828368e+00
1.011296874561946835e+00
1.011332035022311615e+00
1.011367200579907477e+00
1.011402371235719855e+00
1.011437546990734404e+00
1.011472727845937891e+00
1.011507913802315528e+00
1.011543104860854525e+00
1.011578301022541204e+00
1.011613502288362332e+00
1.011648708659306006e+00
1.011683920136358550e+00
1.011719136720508283e+00
1.011754358412742860e+00
1.011789585214050602e+00
1.011824817125419607e+00
1.011860054147838639e+00
1.011895296282296908e+00
1.011930543529782733e+00
1.011965795891286213e+00
1.012001053367796777e+00
1.012036315960303634e+00
1.012071583669797326e+00
1.012106856497268170e+00
1.012142134443707153e+00
1.012177417510103927e+00
1.012212705697450366e+00
1.012247999006737453e+00
1.012283297438956842e+00
1.012318600995100182e+00
1.012353909676159569e+00
1.012389223483126655e+00
1.012424542416994644e+00
1.012459866478756076e+00
1.012495195669403714e+00
1.012530529989930761e+00
1.012565869441330646e+00
1.012601214024597240e+00
1.012636563740724194e+00
1.012671918590705600e+00
1.012707278575536218e+00
1.012742643696210365e+00
1.012778013953722800e+00
1.012813389349069615e+00
1.012848769883244460e+00
1.012884155557244314e+00
1.012919546372064827e+00
1.012954942328701646e+00
1.012990343428151085e+00
1.013025749671410125e+00
1.013061161059475301e+00
1.013096577593344039e+00
1.013131999274012873e+00
1.013167426102480118e+00
1.013202858079742974e+00
1.013238295206799755e+00
1.013273737484648995e+00
1.013309184914288785e+00
1.013344637496717882e+00
1.013380095232935041e+00
1.013415558123940352e+00
1.013451026170732572e+00
1.013486499374311789e+00
1.013521977735677426e+00
1.013557461255830239e+00
1.013592949935770537e+00
1.013628443776498855e+00
1.013663942779016391e+00
1.013699446944324345e+00
1.013734956273423693e+00
1.013770470767316745e+00
1.013805990427004478e+00
1.013841515253489867e+00
1.013877045247774999e+00
1.013912580410863074e+00
1.013948120743755954e+00
1.013983666247457505e+00
1.014019216922970701e+00
1.014054772771299628e+00
1.014090333793447707e+00
1.014125899990419466e+00
1.014161471363218325e+00
1.014197047912850147e+00
1.014232629640319017e+00
1.014268216546630130e+00
1.014303808632789128e+00
1.014339405899800983e+00
1.014375008348672003e+00
1.014410615980408270e+00
1.014446228796015426e+00
1.014481846796501108e+00
1.014517469982871178e+00
1.014553098356132832e+00
1.014588731917293929e+00
1.014624370667360997e+00
1.014660014607343008e+00
1.014695663738247600e+00
1.014731318061082410e+00
1.014766977576856188e+00
1.014802642286578127e+00
1.014838312191257419e+00
1.014873987291902369e+00
1.014909667589523279e+00
1.014945353085129565e+00
1.014981043779731307e+00
1.015016739674338586e+00
1.015052440769962150e+00
1.015088147067612523e+00
1.015123858568300896e+00
1.015159575273038239e+00
1.015195297182836187e+00
1.015231024298706597e+00
1.015266756621660882e+00
1.015302494152711787e+00
1.015338236892871615e+00
1.015373984843152888e+00
1.015409738004568352e+00
1.015445496378132306e+00
1.015481259964857053e+00
1.015517028765756669e+00
1.015552802781845010e+00
1.015588582014136598e+00
1.015624366463645734e+00
1.015660156131386715e+00
1.015695951018374954e+00
1.015731751125625193e+00
1.015767556454153064e+00
1.015803367004974422e+00
1.015839182779105343e+00
1.015875003777561236e+00
1.015910830001358844e+00
1.015946661451514910e+00
1.015982498129046618e+00
1.016018340034970713e+00
1.016054187170305267e+00
1.016090039536066580e+00
1.016125897133274059e+00
1.016161759962944666e+00
1.016197628026098032e+00
1.016233501323751565e+00
1.016269379856925115e+00
1.016305263626637201e+00
1.016341152633907674e+00
1.016377046879755719e+00
1.016412946365201408e+00
1.016448851091265260e+00
1.016484761058967567e+00
1.016520676269328183e+00
1.016556596723368955e+00
1.016592522422110401e+00
1.016628453366574591e+00
1.016664389557782266e+00
1.016700330996756163e+00
1.016736277684518130e+00
1.016772229622090684e+00
1.016808186810496339e+00
1.016844149250757612e+00
1.016880116943897905e+00
1.016916089890940844e+00
1.016952068092910055e+00
1.016988051550829386e+00
1.017024040265722684e+00
1.017060034238614463e+00
1.017096033470529681e+00
1.017132037962492630e+00
1.017168047715529378e+00
1.017204062730664216e+00
1.017240083008923435e+00
1.017276108551333547e+00
1.017312139358919065e+00
1.017348175432707613e+00
1.017384216773725703e+00
1.017420263383000290e+00
1.017456315261558553e+00
1.017492372410427004e+00
1.017528434830634154e+00
1.017564502523207848e+00
1.017600575489176151e+00
1.017636653729567353e+00
1.017672737245410630e+00
1.017708826037733827e+00
1.017744920107567452e+00
1.017781019455940017e+00
1.017817124083881586e+00
1.017853233992421780e+00
1.017889349182591108e+00
1.017925469655419857e+00
1.017961595411938980e+00
1.017997726453178986e+00
1.018033862780171495e+00
1.018070004393946792e+00
1.018106151295538275e+00
1.018142303485976896e+00
1.018178460966294940e+00
1.018214623737525137e+00
1.018250791800699995e+00
1.018286965156852464e+00
1.018323143807015496e+00
1.018359327752222931e+00
1.018395516993509053e+00
1.018431711531907036e+00
1.018467911368450496e+00
1.018504116504175272e+00
1.018540326940115426e+00
1.018576542677306573e+00
1.018612763716782776e+00
1.018648990059580317e+00
1.018685221706734811e+00
1.018721458659282542e+00
1.018757700918259124e+00
1.018793948484701950e+00
1.018830201359647081e+00
1.018866459544131686e+00
1.018902723039192937e+00
1.018938991845868669e+00
1.018975265965196941e+00
1.019011545398215146e+00
1.019047830145962008e+00
1.019084120209476030e+00
1.019120415589795492e+00
1.019156716287960451e+00
1.019193022305009411e+00
1.019229333641982205e+00
1.019265650299918446e+00
1.019301972279858637e+00
1.019338299582843055e+00
1.019374632209911979e+00
1.019410970162106578e+00
1.019447313440467573e+00
1.019483662046036798e+00
1.019520015979855643e+00
1.019556375242965940e+00
1.019592739836410189e+00
1.019629109761230001e+00
1.019665485018468987e+00
1.019701865609169200e+00
1.019738251534374029e+00
1.019774642795127306e+00
1.019811039392472418e+00
1.019847441327453419e+00
1.019883848601113918e+00
1.019920261214499302e+00
1.019956679168653846e+00
1.019993102464622048e+00
1.020029531103449738e+00
1.020065965086182080e+00
1.020102404413865127e+00
1.020138849087544708e+00
1.020175299108267097e+00
1.020211754477078792e+00
1.020248215195026287e+00
1.020284681263156967e+00
1.020321152682517551e+00
1.020357629454156090e+00
1.020394111579120855e+00
1.020430599058458787e+00
1.020467091893218603e+00
1.020503590084449241e+00
1.020540093633199197e+00
1.020576602540517408e+00
1.020613116807453924e+00
1.020649636435057461e+00
1.020686161424378069e+00
1.020722691776466240e+00
1.020759227492372245e+00
1.020795768573146800e+00
1.020832315019840397e+00
1.020868866833504640e+00
1.020905424015190466e+00
1.020941986565950144e+00
1.020978554486835277e+00
1.021015127778897913e+00
1.021051706443190987e+00
1.021088290480766103e+00
1.021124879892677750e+00
1.021161474679978198e+00
1.021198074843721493e+00
1.021234680384961235e+00
1.021271291304750806e+00
1.021307907604145804e+00
1.021344529284198943e+00
1.021381156345966934e+00
1.021417788790503378e+00
1.021454426618864320e+00
1.021491069832104914e+00
1.021527718431281428e+00
1.021564372417449684e+00
1.021601031791666392e+00
1.021637696554987595e+00
1.021674366708470671e+00
1.021711042253172552e+00
1.021747723190150392e+00
1.021784409520462678e+00
1.021821101245166119e+00
1.021857798365320091e+00
1.021894500881982415e+00
1.021931208796211576e+00
1.021967922109067395e+00
1.022004640821608357e+00
1.022041364934894281e+00
1.022078094449984764e+00
1.022114829367940070e+00
1.022151569689820461e+00
1.022188315416686422e+00
1.022225066549598660e+00
1.022261823089618327e+00
1.022298585037806795e+00
1.022335352395225661e+00
1.022372125162936518e+00
1.022408903342002073e+00
1.022445686933484144e+00
1.022482475938445878e+00
1.022519270357949539e+00
1.022556070193058719e+00
1.022592875444837235e+00
1.022629686114348235e+00
1.022666502202655536e+00
1.022703323710823842e+00
1.022740150639917411e+00
1.022776982991001171e+00
1.022813820765140047e+00
1.022850663963399631e+00
1.022887512586844627e+00
1.022924366636541516e+00
1.022961226113556554e+00
1.022998091018955780e+00
1.023034961353805894e+00
1.023071837119173155e+00
1.023108718316126042e+00
1.023145604945730813e+00
1.023182497009055947e+00
1.023219394507168811e+00
1.023256297441137441e+00
1.023293205812030537e+00
1.023330119620917023e+00
1.023367038868865819e+00
1.023403963556946739e+00
1.023440893686227815e+00
1.023477829257780192e+00
1.023514770272673458e+00
1.023551716731977645e+00
1.023588668636764121e+00
1.023625625988103138e+00
1.023662588787066063e+00
1.023699557034723817e+00
1.023736530732148653e+00
1.023773509880412380e+00
1.023810494480587030e+00
1.023847484533745078e+00
1.023884480040959222e+00
1.023921481003302603e+00
1.023958487421848140e+00
1.023995499297670086e+00
1.024032516631841583e+00
1.024069539425437103e+00
1.024106567679530233e+00
1.024143601395196335e+00
1.024180640573510548e+00
1.024217685215547124e+00
1.024254735322381649e+00
1.024291790895089926e+00
1.024328851934748430e+00
1.024365918442432077e+00
1.024402990419218895e+00
1.024440067866184689e+00
1.024477150784405932e+00
1.024514239174961094e+00
1.024551333038927314e+00
1.024588432377382397e+00
1.024625537191403923e+00
1.024662647482070810e+00
1.024699763250461304e+00
1.024736884497654543e+00
1.024774011224729886e+00
1.024811143432766691e+00
1.024848281122843874e+00
1.024885424296042347e+00
1.024922572953441691e+00
1.024959727096123707e+00
1.024996886725167755e+00
1.025034051841655414e+00
1.025071222446668040e+00
1.025108398541287213e+00
1.025145580126594513e+00
1.025182767203671963e+00
1.025219959773602918e+00
1.025257157837468958e+00
1.025294361396353437e+00
1.025331570451339713e+00
1.025368785003510919e+00
1.025406005053951519e+00
1.025443230603744871e+00
1.025480461653974773e+00
1.025517698205727024e+00
1.025554940260085868e+00
1.025592187818136436e+00
1.025629440880964083e+00
1.025666699449654606e+00
1.025703963525293583e+00
1.025741233108967476e+00
1.025778508201762307e+00
1.025815788804765871e+00
1.025853074919064412e+00
1.025890366545745280e+00
1.025927663685896496e+00
1.025964966340605189e+00
1.026002274510959822e+00
1.026039588198049080e+00
1.026076907402961202e+00
1.026114232126785097e+00
1.026151562370610115e+00
1.026188898135525829e+00
1.026226239422621811e+00
1.026263586232987857e+00
1.026300938567714871e+00
1.026338296427892871e+00
1.026375659814612762e+00
1.026413028728965893e+00
1.026450403172043613e+00
1.026487783144937715e+00
1.026525168648739550e+00
1.026562559684541798e+00
1.026599956253437140e+00
1.026637358356518037e+00
1.026674765994877392e+00
1.026712179169608996e+00
1.026749597881805753e+00
1.026787022132562566e+00
1.026824451922972781e+00
1.026861887254131078e+00
1.026899328127131472e+00
1.026936774543069975e+00
1.026974226503041487e+00
1.027011684008141135e+00
1.027049147059464929e+00
1.027086615658109325e+00
1.027124089805170115e+00
1.027161569501744198e+00
1.027199054748928253e+00
1.027236545547819846e+00
1.027274041899516321e+00
1.027311543805115024e+00
1.027349051265714186e+00
1.027386564282412484e+00
1.027424082856308152e+00
1.027461606988499865e+00
1.027499136680086744e+00
1.027536671932168577e+00
1.027574212745844706e+00
1.027611759122215362e+00
1.027649311062380555e+00
1.027686868567440959e+00
1.027724431638497249e+00
1.027762000276650545e+00
1.027799574483002187e+00
1.027837154258653296e+00
1.027874739604706766e+00
1.027912330522263940e+00
1.027949927012427933e+00
1.027987529076300754e+00
1.028025136714985743e+00
1.028062749929586461e+00
1.028100368721206470e+00
1.028137993090948665e+00
1.028175623039918385e+00
1.028213258569219635e+00
1.028250899679957309e+00
1.028288546373236301e+00
1.028326198650161949e+00
1.028363856511839147e+00
1.028401519959374566e+00
1.028439188993873987e+00
1.028476863616443415e+00
1.028514543828190186e+00
1.028552229630220971e+00
1.028589921023642662e+00
1.028627618009563260e+00
1.028665320589090104e+00
1.028703028763331861e+00
1.028740742533396535e+00
1.028778461900392349e+00
1.028816186865429083e+00
1.028853917429615183e+00
1.028891653594060651e+00
1.028929395359875043e+00
1.028967142728168138e+00
1.029004895700050826e+00
1.029042654276633328e+00
1.029080418459026758e+00
1.029118188248343113e+00
1.029155963645691951e+00
1.029193744652186826e+00
1.029231531268938626e+00
1.029269323497060684e+00
1.029307121337664777e+00
1.029344924791864013e+00
1.029382733860771504e+00
1.029420548545500802e+00
1.029458368847166350e+00
1.029496194766880812e+00
1.029534026305759520e+00
1.029571863464916692e+00
1.029609706245467438e+00
1.029647554648526642e+00
1.029685408675209857e+00
1.029723268326633301e+00
1.029761133603912748e+00
1.029799004508163973e+00
1.029836881040504526e+00
1.029874763202050625e+00
1.029912650993919376e+00
1.029950544417229441e+00
1.029988443473096815e+00
1.030026348162640826e+00
1.030064258486979245e+00
1.030102174447230734e+00
1.030140096044514397e+00
1.030178023279949340e+00
1.030215956154655110e+00
1.030253894669751480e+00
1.030291838826358441e+00
1.030329788625596876e+00
1.030367744068586333e+00
1.030405705156448359e+00
1.030443671890304502e+00
1.030481644271276087e+00
1.030519622300484661e+00
1.030557605979052438e+00
1.030595595308102075e+00
1.030633590288756007e+00
1.030671590922136671e+00
1.030709597209368278e+00
1.030747609151573929e+00
1.030785626749877837e+00
1.030823650005403325e+00
1.030861678919275493e+00
1.030899713492618552e+00
1.030937753726557604e+00
1.030975799622218858e+00
1.031013851180726526e+00
1.031051908403207706e+00
1.031089971290787943e+00
1.031128039844593669e+00
1.031166114065752204e+00
1.031204193955390425e+00
1.031242279514634985e+00
1.031280370744613872e+00
1.031318467646455517e+00
1.031356570221287683e+00
1.031394678470239024e+00
1.031432792394438414e+00
1.031470911995014950e+00
1.031509037273098173e+00
1.031547168229817180e+00
1.031585304866302844e+00
1.031623447183684705e+00
1.031661595183093860e+00
1.031699748865660737e+00
1.031737908232517764e+00
1.031776073284795148e+00
1.031814244023625537e+00
1.031852420450140029e+00
1.031890602565471937e+00
1.031928790370753246e+00
1.031966983867117271e+00
1.032005183055697328e+00
1.032043387937627177e+00
1.032081598514040355e+00
1.032119814786070622e+00
1.032158036754853514e+00
1.032196264421522791e+00
1.032234497787214211e+00
1.032272736853062645e+00
1.032310981620203627e+00
1.032349232089774027e+00
1.032387488262909603e+00
1.032425750140747001e+00
1.032464017724423311e+00
1.032502291015075402e+00
1.032540570013841030e+00
1.032578854721857509e+00
1.032617145140263037e+00
1.032655441270196262e+00
1.032693743112795826e+00
1.032732050669200596e+00
1.032770363940549885e+00
1.032808682927983446e+00
1.032847007632640812e+00
1.032885338055662849e+00
1.032923674198189090e+00
1.032962016061361288e+00
1.033000363646320086e+00
1.033038716954207015e+00
1.033077075986164273e+00
1.033115440743333391e+00
1.033153811226857011e+00
1.033192187437877552e+00
1.033230569377537877e+00
1.033268957046981740e+00
1.033307350447352224e+00
1.033345749579793527e+00
1.033384154445449621e+00
1.033422565045464925e+00
1.033460981380984522e+00
1.033499403453153276e+00
1.033537831263117157e+00
1.033576264812021028e+00
1.033614704101011750e+00
1.033653149131234850e+00
1.033691599903837632e+00
1.033730056419967180e+00
1.033768518680770576e+00
1.033806986687395124e+00
1.033845460440989461e+00
1.033883939942700891e+00
1.033922425193678940e+00
1.033960916195071800e+00
1.033999412948028329e+00
1.034037915453698497e+00
1.034076423713232495e+00
1.034114937727779848e+00
1.034153457498490969e+00
1.034191983026516937e+00
1.034230514313007943e+00
1.034269051359116620e+00
1.034307594165994271e+00
1.034346142734793084e+00
1.034384697066664804e+00
1.034423257162762955e+00
1.034461823024239946e+00
1.034500394652248856e+00
1.034538972047944538e+00
1.034577555212478961e+00
1.034616144147008310e+00
1.034654738852685885e+00
1.034693339330667428e+00
1.034731945582107349e+00
1.034770557608161612e+00
1.034809175409985293e+00
1.034847798988735912e+00
1.034886428345568765e+00
1.034925063481641372e+00
1.034963704398110584e+00
1.035002351096134143e+00
1.035041003576869789e+00
1.035079661841474818e+00
1.035118325891108970e+00
1.035156995726929985e+00
1.035195671350098046e+00
1.035234352761772447e+00
1.035273039963112485e+00
1.035311732955278119e+00
1.035350431739430421e+00
1.035389136316730019e+00
1.035427846688337539e+00
1.035466562855414496e+00
1.035505284819123517e+00
1.035544012580625228e+00
1.035582746141083144e+00
1.035621485501659889e+00
1.035660230663514092e+00
1.035698981627807047e+00
1.035737738395707153e+00
1.035776500968379032e+00
1.035815269346989309e+00
1.035854043532701496e+00
1.035892823526681550e+00
1.035931609330094538e+00
1.035970400944104863e+00
1.036009198369877593e+00
1.036048001608579350e+00
1.036086810661377200e+00
1.036161737198612265e+00
1.036197853901760224e+00
1.036233975639824223e+00
1.036270102413741068e+00
1.036306234224452671e+00
1.036342371072899837e+00
1.036378512960024256e+00
1.036414659886765177e+00
1.036450811854064735e+00
1.036486968862864622e+00
1.036523130914107860e+00
1.036559298008738139e+00
1.036595470147698261e+00
1.036631647331931472e+00
1.036667829562377463e+00
1.036704016839981035e+00
1.036740209165682991e+00
1.036776406540431461e+00
1.036812608965167026e+00
1.036848816440832266e+00
1.036885028968367539e+00
1.036921246548713427e+00
1.036957469182873348e+00
1.036993696871715054e+00
1.037029929616212653e+00
1.037066167417312501e+00
1.037102410275958952e+00
1.037138658193099028e+00
1.037174911169678193e+00
1.037211169206642358e+00
1.037247432304938988e+00
1.037283700465513769e+00
1.037319973689314168e+00
1.037356251977287647e+00
1.037392535330381005e+00
1.037428823749542373e+00
1.037465117235719436e+00
1.037501415789860548e+00
1.037537719412913173e+00
1.037574028105826329e+00
1.037610341869549035e+00
1.037646660705029422e+00
1.037682984613217396e+00
1.037719313595061310e+00
1.037755647651511071e+00
1.037791986783516807e+00
1.037828330992028425e+00
1.037864680277995832e+00
1.037901034642369380e+00
1.037937394086100085e+00
1.037973758610138075e+00
1.038010128215434591e+00
1.038046502902941093e+00
1.038082882673608376e+00
1.038119267528388567e+00
1.038155657468233795e+00
1.038192052494095963e+00
1.038228452606926533e+00
1.038264857807678743e+00
1.038301268097304719e+00
1.038337683476757700e+00
1.038374103946990701e+00
1.038410529508956959e+00
1.038446960163610155e+00
1.038483395911904195e+00
1.038519836754792536e+00
1.038556282693229749e+00
1.038592733728170403e+00
1.038629189860569069e+00
1.038665651091372544e+00
1.038702117421548499e+00
1.038738588852046396e+00
1.038775065383821916e+00
1.038811547017830739e+00
1.038848033755028544e+00
1.038884525596371011e+00
1.038921022542815153e+00
1.038957524595316650e+00
1.038994031754831848e+00
1.039030544022318425e+00
1.039067061398732728e+00
1.039103583885032211e+00
1.039140111482174333e+00
1.039176644191116994e+00
1.039213182012817871e+00
1.039249724948234421e+00
1.039286272998325655e+00
1.039322826164049918e+00
1.039359384446365553e+00
1.039395947846231572e+00
1.039432516364607428e+00
1.039469090002451912e+00
1.039505668760724699e+00
1.039542252640385689e+00
1.039578841642394780e+00
1.039615435767711871e+00
1.039652035017296861e+00
1.039688639392111202e+00
1.039725248893115017e+00
1.039761863521269758e+00
1.039798483277536212e+00
1.039835108162875610e+00
1.039871738178249627e+00
1.039908373324620383e+00
1.039945013602949775e+00
1.039981659014199700e+00
1.040018309559332721e+00
1.040054965239312068e+00
1.040091626055099416e+00
1.040128292007658661e+00
1.040164963097952811e+00
1.040201639326945315e+00
1.040238320695600072e+00
1.040275007204880531e+00
1.040311698855750366e+00
1.040348395649175028e+00
1.040385097586118412e+00
1.040421804667544858e+00
1.040458516894420038e+00
1.040495234267708069e+00
1.040531956788375512e+00
1.040568684457386928e+00
1.040605417275708433e+00
1.040642155244306366e+00
1.040678898364145955e+00
1.040715646636194647e+00
1.040752400061418115e+00
1.040789158640784251e+00
1.040825922375259172e+00
1.040862691265810103e+00
1.040899465313404937e+00
1.040936244519010900e+00
1.040973028883596108e+00
1.041009818408128451e+00
1.041046613093576489e+00
1.041083412940908559e+00
1.041120217951093219e+00
1.041157028125099693e+00
1.041193843463896540e+00
1.041230663968453429e+00
1.041267489639740251e+00
1.041304320478726675e+00
1.041341156486382369e+00
1.041377997663677890e+00
1.041414844011582908e+00
1.041451695531068866e+00
1.041488552223105879e+00
1.041525414088665391e+00
1.041562281128718404e+00
1.041599153344237028e+00
1.041636030736191820e+00
1.041672913305555781e+00
1.041709801053299911e+00
1.041746693980397209e+00
1.041783592087820232e+00
1.041820495376541533e+00
1.041857403847533892e+00
1.041894317501770972e+00
1.041931236340225997e+00
1.041968160363872187e+00
1.042005089573683430e+00
1.042042023970633835e+00
1.042078963555697957e+00
1.042115908329850127e+00
1.042152858294064677e+00
1.042189813449316382e+00
1.042226773796580908e+00
1.042263739336832806e+00
1.042300710071048409e+00
1.042337686000203156e+00
1.042374667125272492e+00
1.042411653447233189e+00
1.042448644967061355e+00
1.042485641685733988e+00
1.042522643604227417e+00
1.042559650723518860e+00
1.042596663044585537e+00
1.042633680568405108e+00
1.042670703295954793e+00
1.042707731228213364e+00
1.042744764366157817e+00
1.042781802710767369e+00
1.042818846263019905e+00
1.042855895023894863e+00
1.042892948994370572e+00
1.042930008175427137e+00
1.042967072568043108e+00
1.043004142173198590e+00
1.043041216991873021e+00
1.043078297025046952e+00
1.043115382273700709e+00
1.043152472738814618e+00
1.043189568421369451e+00
1.043226669322345979e+00
1.043263775442725416e+00
1.043300886783489201e+00
1.043338003345619214e+00
1.043375125130096448e+00
1.043412252137903895e+00
1.043449384370022770e+00
1.043486521827436730e+00
1.043523664511127214e+00
1.043560812422078099e+00
1.043597965561272378e+00
1.043635123929693043e+00
1.043672287528323750e+00
1.043709456358148380e+00
1.043746630420151256e+00
1.043783809715316258e+00
1.043820994244627931e+00
1.043858184009071266e+00
1.043895379009630586e+00
1.043932579247291326e+00
1.043969784723038696e+00
1.044006995437858798e+00
1.044044211392736621e+00
1.044081432588658709e+00
1.044118659026611162e+00
1.044155890707580081e+00
1.044193127632552676e+00
1.044230369802515268e+00
1.044267617218455291e+00
1.044304869881359954e+00
1.044342127792216912e+00
1.044379390952013820e+00
1.044416659361738775e+00
1.044453933022379877e+00
1.044491211934925889e+00
1.044528496100364912e+00
1.044565785519686596e+00
1.044603080193879485e+00
1.044640380123933010e+00
1.044677685310837489e+00
1.044714995755581466e+00
1.044752311459155703e+00
1.044789632422550296e+00
1.044826958646755122e+00
1.044864290132762052e+00
1.044901626881561185e+00
1.044938968894143949e+00
1.044976316171500885e+00
1.045013668714624089e+00
1.045051026524506099e+00
1.045088389602137458e+00
1.045125757948511369e+00
1.045163131564620373e+00
1.045200510451457010e+00
1.045237894610013596e+00
1.045275284041283781e+00
1.045312678746261215e+00
1.045350078725938880e+00
1.045387483981311094e+00
1.045424894513371950e+00
1.045462310323115540e+00
1.045499731411536404e+00
1.045537157779628856e+00
1.045574589428388546e+00
1.045612026358810009e+00
1.045649468571888896e+00
1.045686916068620853e+00
1.045724368850001529e+00
1.045761826917027681e+00
1.045799290270694293e+00
1.045836758911999009e+00
1.045874232841938367e+00
1.045911712061509125e+00
1.045949196571708928e+00
1.045986686373534091e+00
1.046024181467983372e+00
1.046061681856054415e+00
1.046099187538745312e+00
1.046136698517054153e+00
1.046174214791979695e+00
1.046211736364520917e+00
1.046249263235676796e+00
1.046286795406446313e+00
1.046324332877829555e+00
1.046361875650825279e+00
1.046399423726434241e+00
1.046436977105656307e+00
1.046474535789491567e+00
1.046512099778941440e+00
1.046549669075006017e+00
1.046587243678686496e+00
1.046624823590984743e+00
1.046662408812901734e+00
1.046699999345439336e+00
1.046737595189599856e+00
1.046775196346384718e+00
1.046812802816797339e+00
1.046850414601839807e+00
1.046888031702515542e+00
1.046925654119827520e+00
1.046963281854778716e+00
1.047000914908373215e+00
1.047038553281614881e+00
1.047076196975507356e+00
1.047113845991055392e+00
1.047151500329263296e+00
1.047189159991135821e+00
1.047226824977677717e+00
1.047264495289894626e+00
1.047302170928792187e+00
1.047339851895374929e+00
1.047377538190649826e+00
1.047415229815622739e+00
1.047452926771299753e+00
1.047490629058687839e+00
1.047528336678793304e+00
1.047566049632623786e+00
1.047603767921186479e+00
1.047641491545488579e+00
1.047679220506537945e+00
1.047716954805342882e+00
1.047754694442911472e+00
1.047792439420251798e+00
1.047830189738373274e+00
1.047867945398284206e+00
1.047905706400993564e+00
1.047943472747511651e+00
1.047981244438847659e+00
1.048019021476011003e+00
1.048056803860012876e+00
1.048094591591862246e+00
1.048132384672570305e+00
1.048170183103147801e+00
1.048207986884605925e+00
1.048245796017955644e+00
1.048283610504208374e+00
1.048321430344375971e+00
1.048359255539470292e+00
1.048397086090503860e+00
1.048434921998488312e+00
1.048472763264436836e+00
1.048510609889362177e+00
1.048548461874278193e+00
1.048586319220196739e+00
1.048624181928132115e+00
1.048662049999098844e+00
1.048699923434109893e+00
1.048737802234179783e+00
1.048775686400323703e+00
1.048813575933555953e+00
1.048851470834891275e+00
1.048889371105345303e+00
1.048927276745933446e+00
1.048965187757671336e+00
1.049003104141575049e+00
1.049041025898660218e+00
1.049078953029944028e+00
1.049116885536442556e+00
1.049154823419172988e+00
1.049192766679151845e+00
1.049230715317396756e+00
1.049268669334925574e+00
1.049306628732755930e+00
1.049344593511905899e+00
1.049382563673393776e+00
1.049420539218237858e+00
1.049458520147456886e+00
1.049496506462070045e+00
1.049534498163096297e+00
1.049572495251555937e+00
1.049610497728467706e+00
1.049648505594851677e+00
1.049686518851728589e+00
1.049724537500118293e+00
1.049762561541041750e+00
1.049800590975519698e+00
1.049838625804572878e+00
1.049876666029223804e+00
1.049914711650493437e+00
1.049952762669403183e+00
1.049990819086975780e+00
1.050028880904232409e+00
1.050066948122197363e+00
1.050105020741892048e+00
1.050143098764340088e+00
1.050181182190564000e+00
1.050219271021588296e+00
1.050257365258436382e+00
1.050295464902131881e+00
1.050333569953699309e+00
1.050371680414162734e+00
1.050409796284547337e+00
1.050447917565877853e+00
1.050486044259179463e+00
1.050524176365477347e+00
1.050562313885797128e+00
1.050600456821165096e+00
1.050638605172607098e+00
1.050676758941149425e+00
1.050714918127818587e+00
1.050753082733641763e+00
1.050791252759646133e+00
1.050829428206858873e+00
1.050867609076307163e+00
1.050905795369019069e+00
1.050943987086022657e+00
1.050982184228346439e+00
1.051020386797018480e+00
1.051058594793067957e+00
1.051096808217523382e+00
1.051135027071414152e+00
1.051173251355770111e+00
1.051211481071619991e+00
1.051249716219995411e+00
1.051287956801924883e+00
1.051326202818439581e+00
1.051364454270570015e+00
1.051402711159347358e+00
1.051440973485802344e+00
1.051479241250967034e+00
1.051517514455872382e+00
1.051555793101550451e+00
1.051594077189033527e+00
1.051632366719354339e+00
1.051670661693544506e+00
1.051708962112637202e+00
1.051747267977666045e+00
1.051785579289663763e+00
1.051823896049664420e+00
1.051862218258701853e+00
1.051900545917809904e+00
1.051938879028022633e+00
1.051977217590374769e+00
1.052015561605901262e+00
1.052053911075636616e+00
1.052092266000616450e+00
1.052130626381876599e+00
1.052168992220452681e+00
1.052207363517379868e+00
1.052245740273695107e+00
1.052284122490434903e+00
1.052322510168635539e+00
1.052360903309334406e+00
1.052399301913568452e+00
1.052437705982375293e+00
1.052476115516792321e+00
1.052514530517857816e+00
1.052552950986610281e+00
1.052591376924086886e+00
1.052629808331327244e+00
1.052668245209369857e+00
1.052706687559254339e+00
1.052745135382020081e+00
1.052783588678706028e+00
1.052822047450352905e+00
1.052860511698000101e+00
1.052898981422688562e+00
1.052937456625458790e+00
1.052975937307351284e+00
1.053014423469407657e+00
1.053052915112668853e+00
1.053091412238176261e+00
1.053129914846972159e+00
1.053168422940098825e+00
1.053206936518597869e+00
1.053245455583512458e+00
1.053283980135884645e+00
1.053322510176758486e+00
1.053361045707176924e+00
1.053399586728182902e+00
1.053438133240820918e+00
1.053476685246134359e+00
1.053515242745168390e+00
1.053553805738966842e+00
1.053592374228574657e+00
1.053630948215037000e+00
1.053669527699398811e+00
1.053708112682705922e+00
1.053746703166004384e+00
1.053785299150339361e+00
1.053823900636757571e+00
1.053862507626305955e+00
1.053901120120030566e+00
1.053939738118978342e+00
1.053978361624196891e+00
1.054016990636733597e+00
1.054055625157636289e+00
1.054094265187953017e+00
1.054132910728731387e+00
1.054171561781020339e+00
1.054210218345868366e+00
1.054248880424325074e+00
1.054287548017438514e+00
1.054326221126259178e+00
1.054364899751836226e+00
1.054403583895219487e+00
1.054442273557459675e+00
1.054480968739606617e+00
1.054519669442711916e+00
1.054558375667825398e+00
1.054597087415998891e+00
1.054635804688283995e+00
1.054674527485731650e+00
1.054713255809394790e+00
1.054751989660324796e+00
1.054790729039574382e+00
1.054829473948195817e+00
1.054868224387242481e+00
1.054906980357767310e+00
1.054945741860824349e+00
1.054984508897466755e+00
1.055023281468748353e+00
1.055062059575723188e+00
1.055100843219445972e+00
1.055139632400971417e+00
1.055178427121354012e+00
1.055217227381649137e+00
1.055256033182912390e+00
1.055294844526198927e+00
1.055333661412565460e+00
1.055372483843067366e+00
1.055411311818761133e+00
1.055450145340704138e+00
1.055488984409951980e+00
1.055527829027563147e+00
1.055566679194594570e+00
1.055605534912103183e+00
1.055644396181147693e+00
1.055683263002786365e+00
1.055722135378076798e+00
1.055761013308078811e+00
1.055799896793850223e+00
1.055838785836450633e+00
1.055877680436939192e+00
1.055916580596375942e+00
1.055955486315820258e+00
1.055994397596333290e+00
1.056033314438974413e+00
1.056072236844804557e+00
1.056111164814884429e+00
1.056150098350275846e+00
1.056189037452039958e+00
1.056227982121238140e+00
1.056266932358931987e+00
1.056305888166184426e+00
1.056344849544057496e+00
1.056383816493613903e+00
1.056422789015916353e+00
1.056461767112028882e+00
1.056500750783013531e+00
1.056539740029934560e+00
1.056578734853856449e+00
1.056617735255842794e+00
1.056656741236958075e+00
1.056695752798266996e+00
1.056734769940834928e+00
1.056773792665726130e+00
1.056812820974006639e+00
1.056851854866742046e+00
1.056890894344998166e+00
1.056929939409841923e+00
1.056968990062338465e+00
1.057008046303555382e+00
1.057047108134559155e+00
1.057086175556417595e+00
1.057125248570197407e+00
1.057164327176966623e+00
1.057203411377793723e+00
1.057242501173745852e+00
1.057281596565891935e+00
1.057320697555301114e+00
1.057359804143041870e+00
1.057398916330183791e+00
1.057438034117796244e+00
1.057477157506948817e+00
1.057516286498711100e+00
1.057555421094154235e+00
1.057594561294348257e+00
1.057633707100363640e+00
1.057672858513271974e+00
1.057712015534144179e+00
1.057751178164051398e+00
1.057790346404066106e+00
1.057829520255259892e+00
1.057868699718704564e+00
1.057907884795474152e+00
1.057947075486640243e+00
1.057986271793275534e+00
1.058025473716453835e+00
1.058064681257249173e+00
1.058103894416734692e+00
1.058143113195984641e+00
1.058182337596073497e+00
1.058221567618075509e+00
1.058260803263065375e+00
1.058300044532118678e+00
1.058339291426310336e+00
1.058378543946716155e+00
1.058417802094411719e+00
1.058457065870473501e+00
1.058496335275977529e+00
1.058535610312000497e+00
1.058574890979619099e+00
1.058614177279910695e+00
1.058653469213952647e+00
1.058692766782822536e+00
1.058732069987598390e+00
1.058771378829357790e+00
1.058810693309179873e+00
1.058850013428142889e+00
1.058889339187325973e+00
1.058928670587808041e+00
1.058968007630668673e+00
1.059007350316987450e+00
1.059046698647844176e+00
1.059086052624319541e+00
1.059125412247493569e+00
1.059164777518447398e+00
1.059204148438261273e+00
1.059243525008016995e+00
1.059282907228795700e+00
1.059322295101679634e+00
1.059361688627750375e+00
1.059401087808090169e+00
1.059440492643781484e+00
1.059479903135907231e+00
1.059519319285550543e+00
1.059558741093794554e+00
1.059598168561722398e+00
1.059637601690418984e+00
1.059677040480967225e+00
1.059716484934452030e+00
1.059755935051957865e+00
1.059795390834569417e+00
1.059834852283372042e+00
1.059874319399450870e+00
1.059913792183892145e+00
1.059953270637780331e+00
1.059992754762203004e+00
1.060032244558245740e+00
1.060071740026995446e+00
1.060111241169538587e+00
1.060150747986963182e+00
1.060190260480356139e+00
1.060229778650804811e+00
1.060269302499397659e+00
1.060308832027222703e+00
1.060348367235368627e+00
1.060387908124924117e+00
1.060427454696977856e+00
1.060467006952619196e+00
1.060506564892937265e+00
1.060546128519022080e+00
1.060585697831964325e+00
1.060625272832853350e+00
1.060664853522779838e+00
1.060704439902834473e+00
1.060744031974108603e+00
1.060783629737693579e+00
1.060823233194680304e+00
1.060862842346161461e+00
1.060902457193228399e+00
1.060942077736974243e+00
1.060981703978490343e+00
1.061021335918877595e+00
1.061060973559216691e+00
1.061100616900606308e+00
1.061140265944140459e+00
1.061179920690913159e+00
1.061219581142017754e+00
1.061259247298549591e+00
1.061298919161602905e+00
1.061338596732273043e+00
1.061378280011654685e+00
1.061417969000843398e+00
1.061457663700934972e+00
1.061497364113026087e+00
1.061537070238212088e+00
1.061576782077589653e+00
1.061616499632255906e+00
1.061656222903307967e+00
1.061695951891842959e+00
1.061735686598958228e+00
1.061775427025752228e+00
1.061815173173322302e+00
1.061854925042767794e+00
1.061894682635186937e+00
1.061934445951677963e+00
1.061974214993341326e+00
1.062013989761275035e+00
1.062053770256579543e+00
1.062093556480355083e+00
1.062133348433701441e+00
1.062173146117718625e+00
1.062212949533508421e+00
1.062252758682170839e+00
1.062292573564807663e+00
1.062332394182519790e+00
1.062372220536410561e+00
1.062412052627579762e+00
1.062451890457131398e+00
1.062491734026167700e+00
1.062531583335790897e+00
1.062571438387105438e+00
1.062611299181213109e+00
1.062651165719218804e+00
1.062691038002225863e+00
1.062730916031338513e+00
1.062770799807660982e+00
1.062810689332298830e+00
1.062850584606355842e+00
1.062890485630937798e+00
1.062930392407150038e+00
1.062970304936098564e+00
1.063010223218888939e+00
1.063050147256627609e+00
1.063090077050421689e+00
1.063130012601377183e+00
1.063169953910601206e+00
1.063209900979201761e+00
1.063249853808285739e+00
1.063289812398961143e+00
1.063329776752336864e+00
1.063369746869520682e+00
1.063409722751621267e+00
1.063449704399747509e+00
1.063489691815009186e+00
1.063529684998514968e+00
1.063569683951374856e+00
1.063609688674699294e+00
1.063649699169597840e+00
1.063689715437181382e+00
1.063729737478561033e+00
1.063769765294847014e+00
1.063809798887151326e+00
1.063849838256584857e+00
1.063889883404260051e+00
1.063929934331289351e+00
1.063969991038784091e+00
1.064010053527858046e+00
1.064050121799623438e+00
1.064090195855193599e+00
1.064130275695682526e+00
1.064170361322203329e+00
1.064210452735870005e+00
1.064250549937797441e+00
1.064290652929099412e+00
1.064330761710891249e+00
1.064370876284287393e+00
1.064410996650403618e+00
1.064451122810355921e+00
1.064491254765259631e+00
1.064531392516230524e+00
1.064571536064385482e+00
1.064611685410841169e+00
1.064651840556714690e+00
1.064692001503122709e+00
1.064732168251182998e+00
1.064772340802013328e+00
1.064812519156731696e+00
1.064852703316456317e+00
1.064892893282306074e+00
1.064933089055399407e+00
1.064973290636855863e+00
1.065013498027794103e+00
1.065053711229334343e+00
1.065093930242596132e+00
1.065134155068699462e+00
1.065174385708765659e+00
1.065214622163914271e+00
1.065254864435267068e+00
1.065295112523944931e+00
1.065335366431069186e+00
1.065375626157761824e+00
1.065415891705144835e+00
1.065456163074340878e+00
1.065496440266471723e+00
1.065536723282661136e+00
1.065577012124031775e+00
1.065617306791706964e+00
1.065657607286810915e+00
1.065697913610466729e+00
1.065738225763799285e+00
1.065778543747933016e+00
1.065818867563992356e+00
1.065859197213102627e+00
1.065899532696388485e+00
1.065939874014976141e+00
1.065980221169991360e+00
1.066020574162559686e+00
1.066060932993807997e+00
1.066101297664862946e+00
1.066141668176851409e+00
1.066182044530900264e+00
1.066222426728137052e+00
1.066262814769689538e+00
1.066303208656686152e+00
1.066343608390254882e+00
1.066384013971524158e+00
1.066424425401622411e+00
1.066464842681679404e+00
1.066505265812824232e+00
1.066545694796186439e+00
1.066586129632896007e+00
1.066626570324083145e+00
1.066667016870877838e+00
1.066707469274411402e+00
1.066747927535814489e+00
1.066788391656218860e+00
1.066828861636755388e+00
1.066869337478555835e+00
1.066909819182753072e+00
1.066950306750478861e+00
1.066990800182866295e+00
1.067031299481047357e+00
1.067071804646155808e+00
1.067112315679324963e+00
1.067152832581688804e+00
1.067193355354380868e+00
1.067233883998535582e+00
1.067274418515287815e+00
1.067314958905771993e+00
1.067355505171122987e+00
1.067396057312476554e+00
1.067436615330968452e+00
1.067477179227734441e+00
1.067517749003910277e+00
1.067558324660632829e+00
1.067598906199038966e+00
1.067639493620265334e+00
1.067680086925448801e+00
1.067720686115728013e+00
1.067761291192240281e+00
1.067801902156122695e+00
1.067842519008515012e+00
1.067883141750555653e+00
1.067923770383382820e+00
1.067964404908136489e+00
1.068005045325955527e+00
1.068045691637979688e+00
1.068086343845349617e+00
1.068127001949204846e+00
1.068167665950686684e+00
1.068208335850934887e+00
1.068249011651091873e+00
1.068289693352297842e+00
1.068330380955695658e+00
1.068371074462426185e+00
1.068411773873632065e+00
1.068452479190455939e+00
1.068493190414040450e+00
1.068533907545528461e+00
1.068574630586063723e+00
1.068615359536789322e+00
1.068656094398849454e+00
1.068696835173388093e+00
1.068737581861549879e+00
1.068778334464479229e+00
1.068819092983321450e+00
1.068859857419221182e+00
1.068900627773324619e+00
1.068941404046777510e+00
1.068982186240725385e+00
1.069022974356314881e+00
1.069063768394693303e+00
1.069104568357006624e+00
1.069145374244402147e+00
1.069186186058027843e+00
1.069227003799031017e+00
1.069267827468560306e+00
1.069308657067762791e+00
1.069349492597788664e+00
1.069390334059785452e+00
1.069431181454902902e+00
1.069472034784290093e+00
1.069512894049096996e+00
1.069553759250473579e+00
1.069594630389569367e+00
1.069635507467536328e+00
1.069676390485523987e+00
1.069717279444684088e+00
1.069758174346167712e+00
1.069799075191126381e+00
1.069839981980712063e+00
1.069880894716077391e+00
1.069921813398374111e+00
1.069962738028755522e+00
1.070003668608374037e+00
1.070044605138384064e+00
1.070085547619938238e+00
1.070126496054190524e+00
1.070167450442295554e+00
1.070208410785407072e+00
1.070249377084680376e+00
1.070290349341270320e+00
1.070331327556331757e+00
1.070372311731020876e+00
1.070413301866492528e+00
1.070454297963903567e+00
1.070495300024410623e+00
1.070536308049169438e+00
1.070577322039337975e+00
1.070618341996072642e+00
1.070659367920531180e+00
1.070700399813871551e+00
1.070741437677251495e+00
1.070782481511829642e+00
1.070823531318764621e+00
1.070864587099215282e+00
1.070905648854340475e+00
1.070946716585299496e+00
1.070987790293252973e+00
1.071028869979360643e+00
1.071069955644782024e+00
1.071111047290678853e+00
1.071152144918210869e+00
1.071193248528540698e+00
1.071234358122827857e+00
1.071275473702235415e+00
1.071316595267924887e+00
1.071357722821058900e+00
1.071398856362799634e+00
1.071439995894309938e+00
1.071481141416753324e+00
1.071522292931292863e+00
1.071563450439092291e+00
1.071604613941316009e+00
1.071645783439127309e+00
1.071686958933691036e+00
1.071728140426172482e+00
1.071769327917736492e+00
1.071810521409547912e+00
1.071851720902773364e+00
1.071892926398577472e+00
1.071934137898127748e+00
1.071975355402589924e+00
1.072016578913130624e+00
1.072057808430916692e+00
1.072099043957116304e+00
1.072140285492896750e+00
1.072181533039426204e+00
1.072222786597873512e+00
1.072264046169406848e+00
1.072305311755195945e+00
1.072346583356409644e+00
1.072387860974216567e+00
1.072429144609777341e+00
1.072470434264275907e+00
1.072511729938877334e+00
1.072553031634752241e+00
1.072594339353070358e+00
1.072635653095002750e+00
1.072676972861721367e+00
1.072718298654397939e+00
1.072759630474204862e+00
1.072800968322312976e+00
1.072842312199895565e+00
1.072883662108124136e+00
1.072925018048173307e+00
1.072966380021215915e+00
1.073007748028425246e+00
1.073049122070974803e+00
1.073090502150039871e+00
1.073131888266794620e+00
1.073173280422413445e+00
1.073214678618070739e+00
1.073256082854942894e+00
1.073297493134205638e+00
1.073338909457034029e+00
1.073380331824604239e+00
1.073421760238093325e+00
1.073463194698677903e+00
1.073504635207534141e+00
1.073546081765840654e+00
1.073587534374774277e+00
1.073628993035512957e+00
1.073670457749234641e+00
1.073711928517118608e+00
1.073753405340342804e+00
1.073794888220086730e+00
1.073836377157529220e+00
1.073877872153850221e+00
1.073919373210229677e+00
1.073960880327847534e+00
1.074002393507884623e+00
1.074043912751520891e+00
1.074085438059938280e+00
1.074126969434317624e+00
1.074168506875840645e+00
1.074210050385689286e+00
1.074251599965045711e+00
1.074293155615092532e+00
1.074334717337012135e+00
1.074376285131988018e+00
1.074417859001203457e+00
1.074459438945841949e+00
1.074501024967087437e+00
1.074542617066124750e+00
1.074584215244138496e+00
1.074590132862724312e+00
1.074596050604313291e+00
1.074601968468908098e+00
1.074607886456513617e+00
1.074613804567131847e+00
1.074619722800767230e+00
1.074625641157421985e+00
1.074630883145251570e+00
1.074636104210538123e+00
1.074641325371564538e+00
1.074646546628333033e+00
1.074651767980846273e+00
1.074656989429105813e+00
1.074662210973114984e+00
1.074667432242445209e+00
1.074671955934025425e+00
1.074676479697471709e+00
1.074681003532785395e+00
1.074685527439967814e+00
1.074690051419020742e+00
1.074694575469945734e+00
1.074699099592743901e+00
1.074703623787417461e+00
1.074708148053967083e+00
1.074712112363510164e+00
1.074715938003454774e+00
1.074719763694791608e+00
1.074723589437522220e+00
1.074727415231646610e+00
1.074731241077166777e+00
1.074735066974082276e+00
1.074738892922395328e+00
1.074742718922105711e+00
1.074746544973215645e+00
1.074750371075724908e+00
1.074753551864708001e+00
1.074756678239265018e+00
1.074759804648141248e+00
1.074762931091336027e+00
1.074766057568850686e+00
1.074769184080685225e+00
1.074772310626841199e+00
1.074775437207317941e+00
1.074778563822116118e+00
1.074781690471236839e+00
1.074784817154679661e+00
1.074787943872446361e+00
1.074791070624536271e+00
1.074793770932327863e+00
1.074796195913092278e+00
1.074798620914502179e+00
1.074801045936558230e+00
1.074803470979259545e+00
1.074805896042607234e+00
1.074808321126601296e+00
1.074810746231241954e+00
1.074813171356529651e+00
1.074815596502463944e+00
1.074818021669045498e+00
1.074820446856274980e+00
1.074822872064152168e+00
1.074825297292676840e+00
1.074827722541850550e+00
1.074830147811671965e+00
1.074832573102142641e+00
1.074834686946407825e+00
1.074836403884299463e+00
1.074838120832540156e+00
1.074839837791128572e+00
1.074841554760066042e+00
1.074843271739352124e+00
1.074844988728986817e+00
1.074846705728970564e+00
1.074848422739303144e+00
1.074850139759984557e+00
1.074851856791015248e+00
1.074853573832394771e+00
1.074855290884124015e+00
1.074857007946202758e+00
1.074858725018630112e+00
1.074860442101407632e+00
1.074862159194534428e+00
1.074863876298011167e+00
1.074865593411837628e+00
1.074867310536013809e+00
1.074869027670539712e+00
1.074870744815415780e+00
1.074872461970642235e+00
1.074874179136218411e+00
1.074875734775257552e+00
1.074876594512120143e+00
1.074877454251577991e+00
1.074878313993629764e+00
1.074879173738276128e+00
1.074880033485517083e+00
1.074880893235352630e+00
1.074881752987782324e+00
1.074882612742807053e+00
1.074883472500426151e+00
1.074884332260639841e+00
1.074885192023447900e+00
1.074886051788850772e+00
1.074886911556848235e+00
1.074887771327440289e+00
1.074888631100627379e+00
1.074889490876408615e+00
1.074890350654784443e+00
1.074891210435755307e+00
1.074892070219320317e+00
1.074892930005480363e+00
1.074893789794234777e+00
1.074894649585584228e+00
1.074895509379528269e+00
1.074896369176066901e+00
1.074897228975200125e+00
1.074898088776928606e+00
1.074898948581251679e+00
1.074899808388169342e+00
1.074900668197682263e+00
1.074901528009789331e+00
1.074902387824491434e+00
1.074903247641788129e+00
1.074904107461679637e+00
1.074904967284166180e+00
1.074905827109247314e+00
1.074906686936923705e+00
1.074907546767194688e+00
1.074908406600060706e+00
1.074909266435521316e+00
1.074910126273577182e+00
1.074910986114227862e+00
1.074911845957473133e+00
1.074912705803313440e+00
1.074913565651748559e+00
1.074914425502778714e+00
1.074915285356404127e+00
1.074916145212624130e+00
1.074917005071439169e+00
1.074917256088442352e+00
1.074917304420000885e+00
1.074917352751567412e+00
1.074917401083141932e+00
1.074917449414724668e+00
1.074917497746316064e+00
1.074917546077915453e+00
1.074917594409522614e+00
1.074917642741138213e+00
1.074917691072762027e+00
1.074917739404394279e+00
1.074917787736034747e+00
1.074917836067682986e+00
1.074917884399339885e+00
1.074917932731004555e+00
1.074917981062677663e+00
1.074918029394358765e+00
1.074918077726048304e+00
1.074918126057745837e+00
1.074918174389451808e+00
1.074918222721165995e+00
1.074918271052888397e+00
1.074918319384618348e+00
1.074918367716357182e+00
1.074918416048104230e+00
1.074918464379859273e+00
1.074918512711622531e+00
1.074918561043393783e+00
1.074918609375173473e+00
1.074918657706961378e+00
1.074918706038757499e+00
1.074918754370561613e+00
1.074918802702373943e+00
1.074918851034194489e+00
1.074918899366023695e+00
1.074918947697860672e+00
1.074918996029706086e+00
1.074919044361559051e+00
1.074919092693421119e+00
1.074919141025290736e+00
1.074919189357169014e+00
1.074919237689055285e+00
1.074919286020949549e+00
1.074919334352852029e+00
1.074919382684762947e+00
1.074919431016681859e+00
1.074919479348609208e+00
1.074919527680544551e+00
1.074919576012488331e+00
1.074919624344439884e+00
1.074919672676400095e+00
1.074919721008368079e+00
1.074919769340344500e+00
1.074919817672329136e+00
1.074919866004322211e+00
1.074919914336323279e+00
1.074919962668332118e+00
1.074920011000349618e+00
1.074920059332375555e+00
1.074920107664409485e+00
1.074920155996450966e+00
1.074920204328501327e+00
1.074920252660559683e+00
1.074920300992626254e+00
1.074920349324701263e+00
1.074920397656784044e+00
1.074920445988875262e+00
1.074920494320974473e+00
1.074920542653082567e+00
1.074920590985198210e+00
1.074920639317322069e+00
1.074920687649454365e+00
1.074920735981594655e+00
1.074920784313743383e+00
1.074920832645900326e+00
1.074920880978064819e+00
1.074920929310238193e+00
1.074920977642420006e+00
1.074921025974609368e+00
1.074921074306807167e+00
1.074921122639012960e+00
1.074921170971227413e+00
1.074921219303449638e+00
1.074921267635680300e+00
1.074921315967918733e+00
1.074921364300165827e+00
1.074921412632421358e+00
1.074921460964684661e+00
1.074921509296956179e+00
1.074921557629235913e+00
1.074921605961523863e+00
1.074921654293820028e+00
1.074921702626124409e+00
1.074921750958437006e+00
1.074921799290757818e+00
1.074921847623086846e+00
1.074921895955424089e+00
1.074921944287769326e+00
1.074921992620122779e+00
1.074922040952484448e+00
1.074922089284854554e+00
1.074922137617232432e+00
1.074922185949619191e+00
1.074922234282013722e+00
1.074922282614416025e+00
1.074922330946827653e+00
1.074922379279246609e+00
1.074922427611674003e+00
1.074922475944109390e+00
1.074922524276553215e+00
1.074922572609004812e+00
1.074922620941465068e+00
1.074922669273933762e+00
1.074922717606410005e+00
1.074922765938894686e+00
1.074922814271387805e+00
1.074922862603889140e+00
1.074922910936398246e+00
1.074922959268915790e+00
1.074923007601441549e+00
1.074923055933975524e+00
1.074923104266517715e+00
1.074923152599068121e+00
1.074923200931626521e+00
1.074923249264193359e+00
1.074923297596768412e+00
1.074923345929351459e+00
1.074923394261942722e+00
1.074923442594541978e+00
1.074923490927149672e+00
1.074923539259766025e+00
1.074923587592389929e+00
1.074923635925022269e+00
1.074923684257662826e+00
1.074923732590311598e+00
1.074923780922968586e+00
1.074923829255634011e+00
1.074923877588306764e+00
1.074923925920988177e+00
1.074923974253678249e+00
1.074924022586376315e+00
1.074924070919082153e+00
1.074924119251796428e+00
1.074924167584519141e+00
1.074924215917249848e+00
1.074924264249988548e+00
1.074924312582735686e+00
1.074924360915490817e+00
1.074924409248254609e+00
1.074924457581026171e+00
1.074924505913806394e+00
1.074924554246594166e+00
1.074924602579390598e+00
1.074924650912195023e+00
1.074924699245007886e+00
1.074924747577828521e+00
1.074924795910657593e+00
1.074924844243495103e+00
1.074924892576340829e+00
1.074924940909194548e+00
1.074924989242056261e+00
1.074925037574926412e+00
1.074925085907804556e+00
1.074925134240691138e+00
1.074925182573585936e+00
1.074925230906488727e+00
1.074925279239399512e+00
1.074925327572318956e+00
1.074925375905246616e+00
1.074925424238182048e+00
1.074925472571126139e+00
1.074925520904078224e+00
1.074925569237038303e+00
1.074925617570007041e+00
1.074925665902983773e+00
1.074925714235968499e+00
1.074925762568961440e+00
1.074925810901962819e+00
1.074925859234972414e+00
1.074925907567990002e+00
1.074925955901015806e+00
1.074926004234050048e+00
1.074926052567092061e+00
1.074926100900142512e+00
1.074926149233201400e+00
1.074926197566268282e+00
1.074926245899343158e+00
1.074926294232426693e+00
1.074926342565518222e+00
1.074926390898617967e+00
1.074926439231725261e+00
1.074926487564841660e+00
1.074926535897965829e+00
1.074926584231098436e+00
1.074926632564239037e+00
1.074926680897387854e+00
1.074926729230544886e+00
1.074926777563710356e+00
1.074926825896884042e+00
1.074926874230065277e+00
1.074926922563255172e+00
1.074926970896453282e+00
1.074927019229659608e+00
1.074927067562874150e+00
1.074927115896096463e+00
1.074927164229327436e+00
1.074927212562566625e+00
1.074927260895814030e+00
1.074927309229069428e+00
1.074927357562332819e+00
1.074927405895604648e+00
1.074927454228884693e+00
1.074927502562173398e+00
1.074927550895469430e+00
1.074927599228774122e+00
1.074927647562087030e+00
1.074927695895408375e+00
1.074927744228737492e+00
1.074927792562074824e+00
1.074927840895420372e+00
1.074927889228774358e+00
1.074927937562136560e+00
1.074927985895506533e+00
1.074928034228884943e+00
1.074928082562271348e+00
1.074928130895666412e+00
1.074928179229069469e+00
1.074928227562480743e+00
1.074928275895900232e+00
1.074928324229327714e+00
1.074928372562763412e+00
1.074928420896207548e+00
1.074928469229659900e+00
1.074928517563120245e+00
1.074928565896588584e+00
1.074928614230065582e+00
1.074928662563551018e+00
1.074928710897044004e+00
1.074928759230545205e+00
1.074928807564055067e+00
1.074928855897572699e+00
1.074928904231098992e+00
1.074928952564632834e+00
1.074929000898175335e+00
1.074929049231726275e+00
1.074929097565284986e+00
1.074929145898852134e+00
1.074929194232427054e+00
1.074929242566010412e+00
1.074929290899602208e+00
1.074929339233201997e+00
1.074929387566810002e+00
1.074929435900426000e+00
1.074929484234050880e+00
1.074929532567683088e+00
1.074929580901324178e+00
1.074929629234972817e+00
1.074929677568630115e+00
1.074929725902295408e+00
1.074929774235969360e+00
1.074929822569651083e+00
1.074929870903341023e+00
1.074929919237039400e+00
1.074929967570745548e+00
1.074930015904460356e+00
1.074930064238183158e+00
1.074930112571913954e+00
1.074930160905653409e+00
1.074930209239400858e+00
1.074930257573156300e+00
1.074930305906920180e+00
1.074930354240691832e+00
1.074930402574472144e+00
1.074930450908260671e+00
1.074930499242057191e+00
1.074930547575862150e+00
1.074930595909674880e+00
1.074930644243496047e+00
1.074930692577325653e+00
1.074930740911163252e+00
1.074930789245008844e+00
1.074930837578863096e+00
1.074930885912725120e+00
1.074930934246595582e+00
1.074930982580474481e+00
1.074931030914360708e+00
1.074931079248255816e+00
1.074931127582158918e+00
1.074931175916070458e+00
1.074931224249990214e+00
1.074931272583917741e+00
1.074931320917853705e+00
1.074931369251797886e+00
1.074931417585750282e+00
1.074931465919711115e+00
1.074931514253679499e+00
1.074931562587656542e+00
1.074931610921641800e+00
1.074931659255635497e+00
1.074931707589636964e+00
1.074931755923646426e+00
1.074931804257664547e+00
1.074931852591690662e+00
1.074931900925725214e+00
1.074931949259767761e+00
1.074931997593818522e+00
1.074932045927877278e+00
1.074932094261944915e+00
1.074932142596020102e+00
1.074932190930103282e+00
1.074932239264195344e+00
1.074932287598295177e+00
1.074932335932403671e+00
1.074932384266519936e+00
1.074932432600644194e+00
1.074932480934777113e+00
1.074932529268918024e+00
1.074932577603067152e+00
1.074932625937224717e+00
1.074932674271390054e+00
1.074932722605563828e+00
1.074932770939745819e+00
1.074932819273936024e+00
1.074932867608134224e+00
1.074932915942340861e+00
1.074932964276555714e+00
1.074933012610778560e+00
1.074933060945009844e+00
1.074933109279248900e+00
1.074933157613496837e+00
1.074933205947752102e+00
1.074933254282016470e+00
1.074933302616288611e+00
1.074933350950568967e+00
1.074933399284857316e+00
1.074933447619154103e+00
1.074933495953459106e+00
1.074933544287772325e+00
1.074933592622093537e+00
1.074933640956422964e+00
1.074933689290761052e+00
1.074933737625107133e+00
1.074933785959460764e+00
1.074933834293823276e+00
1.074933882628194004e+00
1.074933930962572726e+00
1.074933979296959663e+00
1.074934027631354594e+00
1.074934075965757962e+00
1.074934124300169547e+00
1.074934172634589569e+00
1.074934220969017584e+00
1.074934269303453149e+00
1.074934317637897596e+00
1.074934365972350259e+00
1.074934414306810915e+00
1.074934462641279787e+00
1.074934510975757096e+00
1.074934559310242177e+00
1.074934607644735918e+00
1.074934655979237874e+00
1.074934704313747602e+00
1.074934752648265324e+00
1.074934800982792149e+00
1.074934849317326524e+00
1.074934897651869559e+00
1.074934945986420143e+00
1.074934994320979165e+00
1.074935042655546402e+00
1.074935090990122299e+00
1.074935139324705968e+00
1.074935187659297853e+00
1.074935235993897953e+00
1.074935284328506047e+00
1.074935332663122800e+00
1.074935380997747547e+00
1.074935429332380510e+00
1.074935477667021688e+00
1.074935526001670860e+00
1.074935574336328470e+00
1.074935622670994073e+00
1.074935671005667892e+00
1.074935719340349927e+00
1.074935767675040621e+00
1.074935816009739309e+00
1.074935864344445546e+00
1.074935912679160888e+00
1.074935961013883778e+00
1.074936009348615107e+00
1.074936057683354651e+00
1.074936106018102189e+00
1.074936154352858164e+00
1.074936202687622355e+00
1.074936251022394762e+00
1.074936299357175162e+00
1.074936347691964000e+00
1.074936396026760832e+00
1.074936444361565657e+00
1.074936492696379142e+00
1.074936541031200843e+00
1.074936589366030093e+00
1.074936637700868447e+00
1.074936686035714350e+00
1.074936734370568692e+00
1.074936782705431249e+00
1.074936831040301799e+00
1.074936879375180787e+00
1.074936927710067991e+00
1.074936976044963410e+00
1.074937024379866601e+00
1.074937072714778452e+00
1.074937121049698519e+00
1.074937169384626579e+00
1.074937217719562632e+00
1.074937266054507123e+00
1.074937314389460052e+00
1.074937362724420753e+00
1.074937411059389891e+00
1.074937459394367245e+00
1.074937507729352593e+00
1.074937556064346378e+00
1.074937604399348601e+00
1.074937652734358595e+00
1.074937701069376805e+00
1.074937749404403009e+00
1.074937797739437872e+00
1.074937846074480952e+00
1.074937894409531802e+00
1.074937942744591091e+00
1.074937991079658595e+00
1.074938039414734314e+00
1.074938087749818250e+00
1.074938136084910401e+00
1.074938184420010545e+00
1.074938232755119127e+00
1.074938281090235703e+00
1.074938329425360495e+00
1.074938377760493724e+00
1.074938426095634725e+00
1.074938474430784607e+00
1.074938522765942261e+00
1.074938571101108131e+00
1.074938619436282439e+00
1.074938667771464518e+00
1.074938716106654812e+00
1.074938764441853767e+00
1.074938812777060715e+00
1.074938861112275656e+00
1.074938909447498814e+00
1.074938957782730409e+00
1.074939006117969997e+00
1.074939054453217802e+00
1.074939102788474043e+00
1.074939151123738057e+00
1.074939199459010730e+00
1.074939247794291397e+00
1.074939296129580057e+00
1.074939344464877156e+00
1.074939392800182691e+00
1.074939441135496221e+00
1.074939489470817744e+00
1.074939537806147705e+00
1.074939586141485659e+00
1.074939634476832051e+00
1.074939682812186437e+00
1.074939731147549260e+00
1.074939779482920299e+00
1.074939827818299110e+00
1.074939876153686358e+00
1.074939924489082044e+00
1.074939972824485501e+00
1.074940021159897396e+00
1.074940069495317285e+00
1.074940117830745834e+00
1.074940166166182376e+00
1.074940214501626912e+00
1.074940262837079663e+00
1.074940311172540852e+00
1.074940359508010035e+00
1.074940407843487655e+00
1.074940456178973491e+00
1.074940504514467099e+00
1.074940552849969144e+00
1.074940601185479183e+00
1.074940649520997882e+00
1.074940697856524574e+00
1.074940746192059260e+00
1.074940794527602606e+00
1.074940842863153723e+00
1.074940891198713278e+00
1.074940939534281048e+00
1.074940987869856812e+00
1.074941036205440570e+00
1.074941084541033209e+00
1.074941132876633842e+00
1.074941181212242247e+00
1.074941229547858867e+00
1.074941277883484148e+00
1.074941326219117421e+00
1.074941374554758911e+00
1.074941422890408393e+00
1.074941471226066314e+00
1.074941519561732450e+00
1.074941567897406802e+00
1.074941616233089370e+00
1.074941664568779709e+00
1.074941712904478486e+00
1.074941761240185700e+00
1.074941809575901130e+00
1.074941857911624332e+00
1.074941906247356194e+00
1.074941954583096049e+00
1.074942002918844119e+00
1.074942051254600184e+00
1.074942099590364686e+00
1.074942147926137181e+00
1.074942196261918115e+00
1.074942244597707264e+00
1.074942292933504628e+00
1.074942341269309765e+00
1.074942389605123338e+00
1.074942437940945350e+00
1.074942486276775799e+00
1.074942534612613798e+00
1.074942582948460013e+00
1.074942631284314665e+00
1.074942679620177755e+00
1.074942727956048616e+00
1.074942776291927915e+00
1.074942824627815430e+00
1.074942872963711160e+00
1.074942921299614884e+00
1.074942969635527046e+00
1.074943017971447201e+00
1.074943066307375572e+00
1.074943114643312381e+00
1.074943162979257183e+00
1.074943211315210423e+00
1.074943259651171434e+00
1.074943307987141106e+00
1.074943356323118548e+00
1.074943404659104429e+00
1.074943452995098303e+00
1.074943501331100615e+00
1.074943549667110920e+00
1.074943598003129885e+00
1.074943646339156844e+00
1.074943694675191574e+00
1.074943743011234742e+00
1.074943791347286126e+00
1.074943839683345947e+00
1.074943888019413984e+00
1.074943936355490015e+00
1.074943984691574039e+00
1.074944033027666501e+00
1.074944081363767179e+00
1.074944129699876072e+00
1.074944178035992959e+00
1.074944226372118283e+00
1.074944274708251601e+00
1.074944323044393579e+00
1.074944371380543329e+00
1.074944419716701294e+00
1.074944468052867474e+00
1.074944516389041871e+00
1.074944564725224483e+00
1.074944613061415533e+00
1.074944661397614354e+00
1.074944709733821613e+00
1.074944758070037309e+00
1.074944806406261000e+00
1.074944854742492684e+00
1.074944903078732583e+00
1.074944951414980920e+00
1.074944999751237473e+00
1.074945048087502020e+00
1.074945096423775004e+00
1.074945144760055982e+00
1.074945193096344953e+00
1.074945241432642806e+00
1.074945289768948209e+00
1.074945338105261605e+00
1.074945386441583661e+00
1.074945434777914155e+00
1.074945483114252864e+00
1.074945531450599345e+00
1.074945579786953820e+00
1.074945628123317176e+00
1.074945676459688526e+00
1.074945724796068092e+00
1.074945773132455429e+00
1.074945821468851204e+00
1.074945869805255416e+00
1.074945918141667622e+00
1.074945966478088044e+00
1.074946014814516682e+00
1.074946063150953313e+00
1.074946111487398381e+00
1.074946159823851444e+00
1.074946208160313388e+00
1.074946256496782437e+00
1.074946304833260591e+00
1.074946353169746516e+00
1.074946401506240656e+00
1.074946449842743457e+00
1.074946498179253584e+00
1.074946546515772594e+00
1.074946594852300041e+00
1.074946643188834816e+00
1.074946691525378473e+00
1.074946739861929901e+00
1.074946788198489767e+00
1.074946836535057848e+00
1.074946884871634145e+00
1.074946933208218658e+00
1.074946981544811164e+00
1.074947029881411886e+00
1.074947078218021268e+00
1.074947126554638199e+00
1.074947174891264012e+00
1.074947223227897153e+00
1.074947271564538953e+00
1.074947319901189191e+00
1.074947368237847423e+00
1.074947416574513648e+00
1.074947464911188533e+00
1.074947513247871189e+00
1.074947561584562505e+00
1.074947609921261815e+00
1.074947658257968675e+00
1.074947706594684416e+00
1.074947754931408150e+00
1.074947803268140545e+00
1.074947851604880711e+00
1.074947899941629093e+00
1.074947948278385912e+00
1.074947996615150281e+00
1.074948044951923531e+00
1.074948093288704776e+00
1.074948141625494014e+00
1.074948189962291689e+00
1.074948238299097580e+00
1.074948286635911687e+00
1.074948334972733788e+00
1.074948383309564326e+00
1.074948431646403080e+00
1.074948479983249827e+00
1.074948528320105012e+00
1.074948576656967969e+00
1.074948624993839585e+00
1.074948673330718973e+00
1.074948721667607021e+00
1.074948770004502840e+00
1.074948818341407097e+00
1.074948866678319570e+00
1.074948915015240036e+00
1.074948963352169162e+00
1.074949011689106060e+00
1.074949060026051173e+00
1.074949108363004502e+00
1.074949156699966268e+00
1.074949205036936029e+00
1.074949253373914004e+00
1.074949301710900418e+00
1.074949350047894603e+00
1.074949398384897226e+00
1.074949446721908286e+00
1.074949495058927340e+00
1.074949543395954388e+00
1.074949591732989873e+00
1.074949640070033574e+00
1.074949688407085269e+00
1.074949736744145179e+00
1.074949785081213527e+00
1.074949833418289868e+00
1.074949881755374648e+00
1.074949930092467643e+00
1.074949978429568409e+00
1.074950026766677613e+00
1.074950075103795033e+00
1.074950123440920668e+00
1.074950171778054520e+00
1.074950220115196586e+00
1.074950268452346869e+00
1.074950316789505145e+00
1.074950365126671858e+00
1.074950413463846566e+00
1.074950461801029489e+00
1.074950510138220849e+00
1.074950558475420204e+00
1.074950606812627996e+00
1.074950655149843559e+00
1.074950703487067560e+00
1.074950751824299777e+00
1.074950800161540432e+00
1.074950848498788858e+00
1.074950896836045722e+00
1.074950945173310801e+00
1.074950993510584096e+00
1.074951041847865607e+00
1.074951090185155334e+00
1.074951138522453054e+00
1.074951186859758767e+00
1.074951235197073141e+00
1.074951283534395508e+00
1.074951331871726312e+00
1.074951380209064888e+00
1.074951428546412124e+00
1.074951476883767132e+00
1.074951525221130577e+00
1.074951573558502238e+00
1.074951621895882115e+00
1.074951670233270207e+00
1.074951718570666515e+00
1.074951766908070816e+00
1.074951815245483555e+00
1.074951863582904288e+00
1.074951911920333458e+00
1.074951960257770400e+00
1.074952008595216002e+00
1.074952056932669375e+00
1.074952105270131186e+00
1.074952153607601435e+00
1.074952201945079677e+00
1.074952250282565913e+00
1.074952298620060587e+00
1.074952346957563476e+00
1.074952395295074581e+00
1.074952443632593901e+00
1.074952491970120771e+00
1.074952540307656745e+00
1.074952588645200269e+00
1.074952636982752452e+00
1.074952685320312629e+00
1.074952733657881021e+00
1.074952781995457851e+00
1.074952830333042675e+00
1.074952878670635714e+00
1.074952927008236969e+00
1.074952975345845996e+00
1.074953023683463904e+00
1.074953072021089806e+00
1.074953120358723702e+00
1.074953168696366035e+00
1.074953217034016362e+00
1.074953265371674904e+00
1.074953313709341662e+00
1.074953362047016858e+00
1.074953410384700048e+00
1.074953458722391231e+00
1.074953507060091296e+00
1.074953555397798910e+00
1.074953603735514962e+00
1.074953652073238786e+00
1.074953700410971491e+00
1.074953748748712190e+00
1.074953797086461105e+00
1.074953845424218013e+00
1.074953893761983137e+00
1.074953942099756699e+00
1.074953990437538032e+00
1.074954038775328025e+00
1.074954087113126011e+00
1.074954135450932213e+00
1.074954183788746631e+00
1.074954232126569487e+00
1.074954280464400114e+00
1.074954328802239401e+00
1.074954377140086237e+00
1.074954425477941955e+00
1.074954473815805223e+00
1.074954522153677150e+00
1.074954570491557293e+00
1.074954618829445652e+00
1.074954667167341782e+00
1.074954715505246572e+00
1.074954763843159578e+00
1.074954812181080355e+00
1.074954860519009570e+00
1.074954908856947000e+00
1.074954957194892868e+00
1.074955005532846508e+00
1.074955053870808586e+00
1.074955102208778879e+00
1.074955150546757388e+00
1.074955198884743890e+00
1.074955247222738608e+00
1.074955295560741764e+00
1.074955343898753135e+00
1.074955392236772278e+00
1.074955440574800081e+00
1.074955488912835655e+00
1.074955537250879667e+00
1.074955585588932339e+00
1.074955633926992338e+00
1.074955682265060997e+00
1.074955730603137871e+00
1.074955778941222961e+00
1.074955827279316267e+00
1.074955875617417567e+00
1.074955923955527526e+00
1.074955972293644813e+00
1.074956020631771203e+00
1.074956068969905365e+00
1.074956117308047965e+00
1.074956165646198558e+00
1.074956213984356923e+00
1.074956262322524392e+00
1.074956310660699410e+00
1.074956358998882866e+00
1.074956407337074760e+00
1.074956455675274203e+00
1.074956504013482306e+00
1.074956552351698624e+00
1.074956600689923158e+00
1.074956649028155464e+00
1.074956697366396430e+00
1.074956745704645611e+00
1.074956794042902786e+00
1.074956842381168398e+00
1.074956890719441782e+00
1.074956939057723604e+00
1.074956987396013641e+00
1.074957035734311894e+00
1.074957084072618585e+00
1.074957132410932825e+00
1.074957180749255725e+00
1.074957229087586841e+00
1.074957277425925950e+00
1.074957325764273497e+00
1.074957374102629037e+00
1.074957422440992794e+00
1.074957470779364987e+00
1.074957519117745397e+00
1.074957567456133800e+00
1.074957615794530419e+00
1.074957664132935031e+00
1.074957712471348081e+00
1.074957760809769569e+00
1.074957809148198828e+00
1.074957857486636525e+00
1.074957905825082438e+00
1.074957954163536344e+00
1.074958002501998688e+00
1.074958050840468804e+00
1.074958099178947801e+00
1.074958147517434348e+00
1.074958195855929777e+00
1.074958244194432977e+00
1.074958292532944171e+00
1.074958340871463802e+00
1.074958389209991649e+00
1.074958437548527712e+00
1.074958485887072213e+00
1.074958534225624263e+00
1.074958582564185194e+00
1.074958630902753898e+00
1.074958679241330817e+00
1.074958727579916173e+00
1.074958775918509524e+00
1.074958824257111090e+00
1.074958872595721093e+00
