1.000000000000000000e+00
1.000000032427819763e+00
1.000000064855636195e+00
1.000000097283450851e+00
1.000000129711262842e+00
1.000000162139070836e+00
1.000000194566877720e+00
1.000000226994680830e+00
1.000000259422481941e+00
1.000000291850279943e+00
1.000000324278075947e+00
1.000000356705868843e+00
1.000000389133658629e+00
1.000000421561445751e+00
1.000000453989230431e+00
1.000000486417013335e+00
1.000000518844792463e+00
1.000000551272569149e+00
1.000000583700343171e+00
1.000000616128114528e+00
1.000000648555882998e+00
1.000000680983649470e+00
1.000000713411413278e+00
1.000000745839173311e+00
1.000000778266931345e+00
1.000000810694686937e+00
1.000000843122439198e+00
1.000000875550189239e+00
1.000000907977936837e+00
1.000000940405681549e+00
1.000000972833423152e+00
1.000001005261162312e+00
1.000001037688898586e+00
1.000001070116632640e+00
1.000001102544364251e+00
1.000001134972092753e+00
1.000001167399818813e+00
1.000001199827542209e+00
1.000001232255262273e+00
1.000001264682979674e+00
1.000001297110695520e+00
1.000001329538407591e+00
1.000001361966117441e+00
1.000001394393824627e+00
1.000001426821528483e+00
1.000001459249230784e+00
1.000001491676929533e+00
1.000001524104626727e+00
1.000001556532319924e+00
1.000001588960010679e+00
1.000001621387699213e+00
1.000001653815384861e+00
1.000001686243068511e+00
1.000001718670748607e+00
1.000001751098426039e+00
1.000001783526101251e+00
1.000001815953773576e+00
1.000001848381442793e+00
1.000001880809109789e+00
1.000001913236774120e+00
1.000001945664435565e+00
1.000001978092094346e+00
1.000002010519750684e+00
1.000002042947403913e+00
1.000002075375055366e+00
1.000002107802703710e+00
1.000002140230349168e+00
1.000002172657992183e+00
1.000002205085631646e+00
1.000002237513269332e+00
1.000002269940904576e+00
1.000002302368536711e+00
1.000002334796165959e+00
1.000002367223792765e+00
1.000002399651416685e+00
1.000002432079038162e+00
1.000002464506656974e+00
1.000002496934272900e+00
1.000002529361886383e+00
1.000002561789497202e+00
1.000002594217104690e+00
1.000002626644710624e+00
1.000002659072313449e+00
1.000002691499913166e+00
1.000002723927510884e+00
1.000002756355105049e+00
1.000002788782697216e+00
1.000002821210286497e+00
1.000002853637873335e+00
1.000002886065457508e+00
1.000002918493038351e+00
1.000002950920616751e+00
1.000002983348192487e+00
1.000003015775765558e+00
1.000003048203336631e+00
1.000003080630904151e+00
1.000003113058469228e+00
1.000003145486032308e+00
1.000003177913591612e+00
1.000003210341148252e+00
1.000003242768703560e+00
1.000003275196255315e+00
1.000003307623804627e+00
1.000003340051350609e+00
1.000003372478893926e+00
1.000003404906435023e+00
1.000003437333974343e+00
1.000003469761509445e+00
1.000003502189042992e+00
1.000003534616572987e+00
1.000003567044100761e+00
1.000003599471625648e+00
1.000003631899148759e+00
1.000003664326667874e+00
1.000003696754184768e+00
1.000003729181698553e+00
1.000003761609210562e+00
1.000003794036719462e+00
1.000003826464226142e+00
1.000003858891729047e+00
1.000003891319230398e+00
1.000003923746728196e+00
1.000003956174223774e+00
1.000003988601716465e+00
1.000004021029207379e+00
1.000004053456694297e+00
1.000004085884178995e+00
1.000004118311661250e+00
1.000004150739141284e+00
1.000004183166617322e+00
1.000004215594091583e+00
1.000004248021563402e+00
1.000004280449032112e+00
1.000004312876498158e+00
1.000004345303961539e+00
1.000004377731422034e+00
1.000004410158880974e+00
1.000004442586335918e+00
1.000004475013788197e+00
1.000004507441238033e+00
1.000004539868685871e+00
1.000004572296130156e+00
1.000004604723572221e+00
1.000004637151011400e+00
1.000004669578448580e+00
1.000004702005882207e+00
1.000004734433313169e+00
1.000004766860742134e+00
1.000004799288167767e+00
1.000004831715591402e+00
1.000004864143011707e+00
1.000004896570430013e+00
1.000004928997844544e+00
1.000004961425257077e+00
1.000004993852666946e+00
1.000005026280073928e+00
1.000005058707478689e+00
1.000005091134880786e+00
1.000005123562279774e+00
1.000005155989676098e+00
1.000005188417069979e+00
1.000005220844461196e+00
1.000005253271849526e+00
1.000005285699235635e+00
1.000005318126617748e+00
1.000005350553998529e+00
1.000005382981377089e+00
1.000005415408750986e+00
1.000005447836123773e+00
1.000005480263493451e+00
1.000005512690860243e+00
1.000005545118224370e+00
1.000005577545586499e+00
1.000005609972945297e+00
1.000005642400301431e+00
1.000005674827654456e+00
1.000005707255005705e+00
1.000005739682353623e+00
1.000005772109699986e+00
1.000005804537043019e+00
1.000005836964382722e+00
1.000005869391720204e+00
1.000005901819055021e+00
1.000005934246387618e+00
1.000005966673716884e+00
1.000005999101043708e+00
1.000006031528367645e+00
1.000006063955689140e+00
1.000006096383007970e+00
1.000006128810324135e+00
1.000006161237638302e+00
1.000006193664948251e+00
1.000006226092256423e+00
1.000006258519561708e+00
1.000006290946864551e+00
1.000006323374164507e+00
1.000006355801462021e+00
1.000006388228756427e+00
1.000006420656048833e+00
1.000006453083337465e+00
1.000006485510624765e+00
1.000006517937907624e+00
1.000006550365189817e+00
1.000006582792468013e+00
1.000006615219744210e+00
1.000006647647017077e+00
1.000006680074287946e+00
1.000006712501555484e+00
1.000006744928821689e+00
1.000006777356083676e+00
1.000006809783343442e+00
1.000006842210600766e+00
1.000006874637854981e+00
1.000006907065106754e+00
1.000006939492356084e+00
1.000006971919602750e+00
1.000007004346846085e+00
1.000007036774087421e+00
1.000007069201325649e+00
1.000007101628561434e+00
1.000007134055794555e+00
1.000007166483025012e+00
1.000007198910252582e+00
1.000007231337478153e+00
1.000007263764700394e+00
1.000007296191919748e+00
1.000007328619136882e+00
1.000007361046351573e+00
1.000007393473562711e+00
1.000007425900772073e+00
1.000007458327977883e+00
1.000007490755181028e+00
1.000007523182382618e+00
1.000007555609581100e+00
1.000007588036776252e+00
1.000007620463968960e+00
1.000007652891158783e+00
1.000007685318347050e+00
1.000007717745532210e+00
1.000007750172714260e+00
1.000007782599894091e+00
1.000007815027069924e+00
1.000007847454243981e+00
1.000007879881416262e+00
1.000007912308584768e+00
1.000007944735751275e+00
1.000007977162914674e+00
1.000008009590074742e+00
1.000008042017233034e+00
1.000008074444388217e+00
1.000008106871541402e+00
1.000008139298691701e+00
1.000008171725838668e+00
1.000008204152983415e+00
1.000008236580125054e+00
1.000008269007264472e+00
1.000008301434401448e+00
1.000008333861535537e+00
1.000008366288666295e+00
1.000008398715795277e+00
1.000008431142920706e+00
1.000008463570043693e+00
1.000008495997165570e+00
1.000008528424282783e+00
1.000008560851398665e+00
1.000008593278510771e+00
1.000008625705620657e+00
1.000008658132727435e+00
1.000008690559831770e+00
1.000008722986933885e+00
1.000008755414034001e+00
1.000008787841129454e+00
1.000008820268223575e+00
1.000008852695314365e+00
1.000008885122403157e+00
1.000008917549488840e+00
1.000008949976571637e+00
1.000008982403652213e+00
1.000009014830729903e+00
1.000009047257805150e+00
1.000009079684877733e+00
1.000009112111946985e+00
1.000009144539013795e+00
1.000009176966078162e+00
1.000009209393139864e+00
1.000009241820198902e+00
1.000009274247255497e+00
1.000009306674309206e+00
1.000009339101360029e+00
1.000009371528407964e+00
1.000009403955453013e+00
1.000009436382496730e+00
1.000009468809537116e+00
1.000009501236574616e+00
1.000009533663609229e+00
1.000009566090640956e+00
1.000009598517671128e+00
1.000009630944697303e+00
1.000009663371722146e+00
1.000009695798743881e+00
1.000009728225761840e+00
1.000009760652778246e+00
1.000009793079791542e+00
1.000009825506802175e+00
1.000009857933810808e+00
1.000009890360816334e+00
1.000009922787818750e+00
1.000009955214818724e+00
1.000009987641816256e+00
1.000010020068810013e+00
1.000010052495802437e+00
1.000010084922792419e+00
1.000010117349778849e+00
1.000010149776762614e+00
1.000010182203744380e+00
1.000010214630722816e+00
1.000010247057698809e+00
1.000010279484671694e+00
1.000010311911642358e+00
1.000010344338610579e+00
1.000010376765575471e+00
1.000010409192537475e+00
1.000010441619498147e+00
1.000010474046455711e+00
1.000010506473409722e+00
1.000010538900361956e+00
1.000010571327310638e+00
1.000010603754256877e+00
1.000010636181201118e+00
1.000010668608142028e+00
1.000010701035080052e+00
1.000010733462016743e+00
1.000010765888949438e+00
1.000010798315879690e+00
1.000010830742807721e+00
1.000010863169732422e+00
1.000010895596654903e+00
1.000010928023574497e+00
1.000010960450491648e+00
1.000010992877405913e+00
1.000011025304317958e+00
1.000011057731227115e+00
1.000011090158132943e+00
1.000011122585036771e+00
1.000011155011937491e+00
1.000011187438835547e+00
1.000011219865731382e+00
1.000011252292624553e+00
1.000011284719514615e+00
1.000011317146402012e+00
1.000011349573287189e+00
1.000011382000169258e+00
1.000011414427048440e+00
1.000011446853925401e+00
1.000011479280799920e+00
1.000011511707670886e+00
1.000011544134539854e+00
1.000011576561405713e+00
1.000011608988269352e+00
1.000011641415130326e+00
1.000011673841988635e+00
1.000011706268843614e+00
1.000011738695696373e+00
1.000011771122546467e+00
1.000011803549394340e+00
1.000011835976239105e+00
1.000011868403080539e+00
1.000011900829919531e+00
1.000011933256756747e+00
1.000011965683590409e+00
1.000011998110422073e+00
1.000012030537250629e+00
1.000012062964076520e+00
1.000012095390899303e+00
1.000012127817720087e+00
1.000012160244538206e+00
1.000012192671353217e+00
1.000012225098166452e+00
1.000012257524975468e+00
1.000012289951782929e+00
1.000012322378587726e+00
1.000012354805389192e+00
1.000012387232188660e+00
1.000012419658985019e+00
1.000012452085778714e+00
1.000012484512569966e+00
1.000012516939358331e+00
1.000012549366143810e+00
1.000012581792926847e+00
1.000012614219707663e+00
1.000012646646485148e+00
1.000012679073260191e+00
1.000012711500032569e+00
1.000012743926802283e+00
1.000012776353569777e+00
1.000012808780334161e+00
1.000012841207095216e+00
1.000012873633854493e+00
1.000012906060610440e+00
1.000012938487364389e+00
1.000012970914115229e+00
1.000013003340863849e+00
1.000013035767609582e+00
1.000013068194351540e+00
1.000013100621091944e+00
1.000013133047830127e+00
1.000013165474564536e+00
1.000013197901296946e+00
1.000013230328026470e+00
1.000013262754753107e+00
1.000013295181477080e+00
1.000013327608199054e+00
1.000013360034917698e+00
1.000013392461633677e+00
1.000013424888347213e+00
1.000013457315058307e+00
1.000013489741766515e+00
1.000013522168471169e+00
1.000013554595174492e+00
1.000013587021874262e+00
1.000013619448571589e+00
1.000013651875266252e+00
1.000013684301958472e+00
1.000013716728647806e+00
1.000013749155334253e+00
1.000013781582018701e+00
1.000013814008699820e+00
1.000013846435378495e+00
1.000013878862054062e+00
1.000013911288727186e+00
1.000013943715397868e+00
1.000013976142066108e+00
1.000014008568732127e+00
1.000014040995393927e+00
1.000014073422053507e+00
1.000014105848710422e+00
1.000014138275365783e+00
1.000014170702017147e+00
1.000014203128666734e+00
1.000014235555312769e+00
1.000014267981956140e+00
1.000014300408597512e+00
1.000014332835236441e+00
1.000014365261871818e+00
1.000014397688504975e+00
1.000014430115135466e+00
1.000014462541762850e+00
1.000014494968387568e+00
1.000014527395010289e+00
1.000014559821630789e+00
1.000014592248247070e+00
1.000014624674861352e+00
1.000014657101472970e+00
1.000014689528082146e+00
1.000014721954689101e+00
1.000014754381292281e+00
1.000014786807893019e+00
1.000014819234491315e+00
1.000014851661086945e+00
1.000014884087679468e+00
1.000014916514270213e+00
1.000014948940857629e+00
1.000014981367442379e+00
1.000015013794024687e+00
1.000015046220604331e+00
1.000015078647181310e+00
1.000015111073755625e+00
1.000015143500326387e+00
1.000015175926895816e+00
1.000015208353461249e+00
1.000015240780025128e+00
1.000015273206585675e+00
1.000015305633143781e+00
1.000015338059699666e+00
1.000015370486252220e+00
1.000015402912802109e+00
1.000015435339349112e+00
1.000015467765894117e+00
1.000015500192435791e+00
1.000015532618975689e+00
1.000015565045512034e+00
1.000015597472045714e+00
1.000015629898576952e+00
1.000015662325105747e+00
1.000015694751632100e+00
1.000015727178154901e+00
1.000015759604675925e+00
1.000015792031193396e+00
1.000015824457708202e+00
1.000015856884221233e+00
1.000015889310731820e+00
1.000015921737238411e+00
1.000015954163743670e+00
1.000015986590244932e+00
1.000016019016743973e+00
1.000016051443240350e+00
1.000016083869734063e+00
1.000016116296225110e+00
1.000016148722714160e+00
1.000016181149199213e+00
1.000016213575682267e+00
1.000016246002163323e+00
1.000016278428641048e+00
1.000016310855115886e+00
1.000016343281588060e+00
1.000016375708057792e+00
1.000016408134524637e+00
1.000016440560989261e+00
1.000016472987450999e+00
1.000016505413910073e+00
1.000016537840366038e+00
1.000016570266819338e+00
1.000016602693270196e+00
1.000016635119719055e+00
1.000016667546164806e+00
1.000016699972607892e+00
1.000016732399047426e+00
1.000016764825485627e+00
1.000016797251919831e+00
1.000016829678351815e+00
1.000016862104782467e+00
1.000016894531208234e+00
1.000016926957632890e+00
1.000016959384053994e+00
1.000016991810472433e+00
1.000017024236889096e+00
1.000017056663302650e+00
1.000017089089713096e+00
1.000017121516121765e+00
1.000017153942526438e+00
1.000017186368929334e+00
1.000017218795329788e+00
1.000017251221727133e+00
1.000017283648122035e+00
1.000017316074513829e+00
1.000017348500902514e+00
1.000017380927289645e+00
1.000017413353672779e+00
1.000017445780055247e+00
1.000017478206433497e+00
1.000017510632809081e+00
1.000017543059182445e+00
1.000017575485552923e+00
1.000017607911920514e+00
1.000017640338285885e+00
1.000017672764649035e+00
1.000017705191009076e+00
1.000017737617365343e+00
1.000017770043720056e+00
1.000017802470071659e+00
1.000017834896421265e+00
1.000017867322767762e+00
1.000017899749111816e+00
1.000017932175452540e+00
1.000017964601790599e+00
1.000017997028126437e+00
1.000018029454459834e+00
1.000018061880790787e+00
1.000018094307117744e+00
1.000018126733443369e+00
1.000018159159765219e+00
1.000018191586085070e+00
1.000018224012402257e+00
1.000018256438716335e+00
1.000018288865028415e+00
1.000018321291336720e+00
1.000018353717643027e+00
1.000018386143946447e+00
1.000018418570248091e+00
1.000018450996545960e+00
1.000018483422841609e+00
1.000018515849134593e+00
1.000018548275424468e+00
1.000018580701711901e+00
1.000018613127997114e+00
1.000018645554279662e+00
1.000018677980558435e+00
1.000018710406835654e+00
1.000018742833109542e+00
1.000018775259381210e+00
1.000018807685650435e+00
1.000018840111915885e+00
1.000018872538179115e+00
1.000018904964439903e+00
1.000018937390698248e+00
1.000018969816953263e+00
1.000019002243206501e+00
1.000019034669456408e+00
1.000019067095704095e+00
1.000019099521948007e+00
1.000019131948190587e+00
1.000019164374429614e+00
1.000019196800666643e+00
1.000019229226900119e+00
1.000019261653131819e+00
1.000019294079359966e+00
1.000019326505586337e+00
1.000019358931808711e+00
1.000019391358030418e+00
1.000019423784247907e+00
1.000019456210462954e+00
1.000019488636675113e+00
1.000019521062885053e+00
1.000019553489092328e+00
1.000019585915297160e+00
1.000019618341498218e+00
1.000019650767698387e+00
1.000019683193894560e+00
1.000019715620088290e+00
1.000019748046279133e+00
1.000019780472467756e+00
1.000019812898653715e+00
1.000019845324837009e+00
1.000019877751016750e+00
1.000019910177194937e+00
1.000019942603369127e+00
1.000019975029541541e+00
1.000020007455711735e+00
1.000020039881878819e+00
1.000020072308042574e+00
1.000020104734204107e+00
1.000020137160363420e+00
1.000020169586519847e+00
1.000020202012673387e+00
1.000020234438823818e+00
1.000020266864972251e+00
1.000020299291118020e+00
1.000020331717261124e+00
1.000020364143401119e+00
1.000020396569538672e+00
1.000020428995673116e+00
1.000020461421804896e+00
1.000020493847935121e+00
1.000020526274062238e+00
1.000020558700185802e+00
1.000020591126307812e+00
1.000020623552426047e+00
1.000020655978542283e+00
1.000020688404655189e+00
1.000020720830765875e+00
1.000020753256874784e+00
1.000020785682979696e+00
1.000020818109082832e+00
1.000020850535182637e+00
1.000020882961279334e+00
1.000020915387374476e+00
1.000020947813466288e+00
1.000020980239556101e+00
1.000021012665642139e+00
1.000021045091726180e+00
1.000021077517807555e+00
1.000021109943886266e+00
1.000021142369962091e+00
1.000021174796035917e+00
1.000021207222105746e+00
1.000021239648174021e+00
1.000021272074239187e+00
1.000021304500301023e+00
1.000021336926361304e+00
1.000021369352418477e+00
1.000021401778472763e+00
1.000021434204524384e+00
1.000021466630573785e+00
1.000021499056620078e+00
1.000021531482664372e+00
1.000021563908705113e+00
1.000021596334743634e+00
1.000021628760778825e+00
1.000021661186812238e+00
1.000021693612842988e+00
1.000021726038870185e+00
1.000021758464895605e+00
1.000021790890917472e+00
1.000021823316937120e+00
1.000021855742953658e+00
1.000021888168968198e+00
1.000021920594980074e+00
1.000021953020989285e+00
1.000021985446995165e+00
1.000022017872998825e+00
1.000022050298999376e+00
1.000022082724997485e+00
1.000022115150993152e+00
1.000022147576986153e+00
1.000022180002976713e+00
1.000022212428963941e+00
1.000022244854948728e+00
1.000022277280930849e+00
1.000022309706910528e+00
1.000022342132886877e+00
1.000022374558861005e+00
1.000022406984832912e+00
1.000022439410801711e+00
1.000022471836767179e+00
1.000022504262731315e+00
1.000022536688692121e+00
1.000022569114650040e+00
1.000022601540605294e+00
1.000022633966557217e+00
1.000022666392507809e+00
1.000022698818455069e+00
1.000022731244399443e+00
1.000022763670341597e+00
1.000022796096280642e+00
1.000022828522217688e+00
1.000022860948151404e+00
1.000022893374082900e+00
1.000022925800011508e+00
1.000022958225936787e+00
1.000022990651860288e+00
1.000023023077780460e+00
1.000023055503698632e+00
1.000023087929614141e+00
1.000023120355526096e+00
1.000023152781436497e+00
1.000023185207342902e+00
1.000023217633247752e+00
1.000023250059149271e+00
1.000023282485048348e+00
1.000023314910945427e+00
1.000023347336838730e+00
1.000023379762730036e+00
1.000023412188618233e+00
1.000023444614503987e+00
1.000023477040387299e+00
1.000023509466267502e+00
1.000023541892144596e+00
1.000023574318019692e+00
1.000023606743891680e+00
1.000023639169762113e+00
1.000023671595628771e+00
1.000023704021493431e+00
1.000023736447354983e+00
1.000023768873213870e+00
1.000023801299069870e+00
1.000023833724922762e+00
1.000023866150774543e+00
1.000023898576622328e+00
1.000023931002467670e+00
1.000023963428310125e+00
1.000023995854150582e+00
1.000024028279988153e+00
1.000024060705823281e+00
1.000024093131655745e+00
1.000024125557484656e+00
1.000024157983311568e+00
1.000024190409135372e+00
1.000024222834956733e+00
1.000024255260775652e+00
1.000024287686591462e+00
1.000024320112404830e+00
1.000024352538215755e+00
1.000024384964023794e+00
1.000024417389829168e+00
1.000024449815632099e+00
1.000024482241431700e+00
1.000024514667229081e+00
1.000024547093023575e+00
1.000024579518815182e+00
1.000024611944604791e+00
1.000024644370391513e+00
1.000024676796175349e+00
1.000024709221956520e+00
1.000024741647735027e+00
1.000024774073511091e+00
1.000024806499283603e+00
1.000024838925054560e+00
1.000024871350822631e+00
1.000024903776587593e+00
1.000024936202350556e+00
1.000024968628109745e+00
1.000025001053866491e+00
1.000025033479621683e+00
1.000025065905373323e+00
1.000025098331122075e+00
1.000025130756868830e+00
1.000025163182612031e+00
1.000025195608353457e+00
1.000025228034091773e+00
1.000025260459827425e+00
1.000025292885560635e+00
1.000025325311290958e+00
1.000025357737018394e+00
1.000025390162742944e+00
1.000025422588465496e+00
1.000025455014184939e+00
1.000025487439901939e+00
1.000025519865616497e+00
1.000025552291327946e+00
1.000025584717036287e+00
1.000025617142743517e+00
1.000025649568446529e+00
1.000025681994147098e+00
1.000025714419845446e+00
1.000025746845540908e+00
1.000025779271233706e+00
1.000025811696924061e+00
1.000025844122611307e+00
1.000025876548296555e+00
1.000025908973977806e+00
1.000025941399657503e+00
1.000025973825334313e+00
1.000026006251008459e+00
1.000026038676679718e+00
1.000026071102348535e+00
1.000026103528015131e+00
1.000026135953677731e+00
1.000026168379338554e+00
1.000026200804997378e+00
1.000026233230652206e+00
1.000026265656304370e+00
1.000026298081954534e+00
1.000026330507601813e+00
1.000026362933245982e+00
1.000026395358888598e+00
1.000026427784527439e+00
1.000026460210164059e+00
1.000026492635797570e+00
1.000026525061428861e+00
1.000026557487057488e+00
1.000026589912683672e+00
1.000026622338306748e+00
1.000026654763926715e+00
1.000026687189544905e+00
1.000026719615159987e+00
1.000026752040772404e+00
1.000026784466381935e+00
1.000026816891989467e+00
1.000026849317593669e+00
1.000026881743195650e+00
1.000026914168794079e+00
1.000026946594390065e+00
1.000026979019984052e+00
1.000027011445575820e+00
1.000027043871163812e+00
1.000027076296748918e+00
1.000027108722332470e+00
1.000027141147912690e+00
1.000027173573490691e+00
1.000027205999065805e+00
1.000027238424637366e+00
1.000027270850206706e+00
1.000027303275773827e+00
1.000027335701337616e+00
1.000027368126899852e+00
1.000027400552458534e+00
1.000027432978014774e+00
1.000027465403568350e+00
1.000027497829119039e+00
1.000027530254666397e+00
1.000027562680212423e+00
1.000027595105755118e+00
1.000027627531296037e+00
1.000027659956832515e+00
1.000027692382367439e+00
1.000027724807899476e+00
1.000027757233429515e+00
1.000027789658956001e+00
1.000027822084480045e+00
1.000027854510000758e+00
1.000027886935519916e+00
1.000027919361035744e+00
1.000027951786549352e+00
1.000027984212059406e+00
1.000028016637567685e+00
1.000028049063072855e+00
1.000028196412068970e+00
1.000028859995033548e+00
1.000029523576875246e+00
1.000030187157595618e+00
1.000030850737193999e+00
1.000031514315669723e+00
1.000032177893023455e+00
1.000032841469254974e+00
1.000033505044364945e+00
1.000034168618352481e+00
1.000034832191217804e+00
1.000035495762960913e+00
1.000036159333582031e+00
1.000036822903081157e+00
1.000037486471457182e+00
1.000038150038711438e+00
1.000038813604843702e+00
1.000039477169853974e+00
1.000040140733741589e+00
1.000040804296506769e+00
1.000041467858149957e+00
1.000042131418670932e+00
1.000042794978069471e+00
1.000043458536346241e+00
1.000044122093499466e+00
1.000044785649532031e+00
1.000045449204441494e+00
1.000046112758228301e+00
1.000046776310893115e+00
1.000047439862435494e+00
1.000048103412856104e+00
1.000048766962153390e+00
1.000049430510328685e+00
1.000050094057381767e+00
1.000050757603312190e+00
1.000051421148119957e+00
1.000052084691806398e+00
1.000052748234369071e+00
1.000053411775809975e+00
1.000054075316127555e+00
1.000054738855324477e+00
1.000055402393397630e+00
1.000056065930348348e+00
1.000057140686180901e+00
1.000058274420577265e+00
1.000059408151697360e+00
1.000060541879539411e+00
1.000061675604104305e+00
1.000062809325392932e+00
1.000063943043403070e+00
1.000065076758135829e+00
1.000066210469591654e+00
1.000067344177770101e+00
1.000068477882670503e+00
1.000069611584293305e+00
1.000070745282638063e+00
1.000071878977705442e+00
1.000073012669496109e+00
1.000074146358007621e+00
1.000075280043240866e+00
1.000076413725197844e+00
1.000077547403876332e+00
1.000078681079276555e+00
1.000079814751398288e+00
1.000080948420241533e+00
1.000082082085808288e+00
1.000083215748095000e+00
1.000084402068377898e+00
1.000085999690506045e+00
1.000087597306123843e+00
1.000089194915229740e+00
1.000090792517825733e+00
1.000092390113909602e+00
1.000093987703481568e+00
1.000095585286541411e+00
1.000097182863090017e+00
1.000098780433125834e+00
1.000100377996650192e+00
1.000101975553662426e+00
1.000103573104161425e+00
1.000105170648147634e+00
1.000106768185621275e+00
1.000108365716582570e+00
1.000109963241030409e+00
1.000111560758964790e+00
1.000113409179352875e+00
1.000115468480589964e+00
1.000117527771003489e+00
1.000119587050592340e+00
1.000121646319356961e+00
1.000123705577296240e+00
1.000125764824410401e+00
1.000127824060699222e+00
1.000129883286162036e+00
1.000131942500798177e+00
1.000134001704608533e+00
1.000136060897591550e+00
1.000138120079747228e+00
1.000140179251076011e+00
1.000142659193676842e+00
1.000145179082589264e+00
1.000147698955284881e+00
1.000150218811764136e+00
1.000152738652025253e+00
1.000155258476068232e+00
1.000157778283892407e+00
1.000160298075496446e+00
1.000162817850881458e+00
1.000165337610045890e+00
1.000167857352989298e+00
1.000170733833537495e+00
1.000173713654213259e+00
1.000176693452200505e+00
1.000179673227497679e+00
1.000182652980104336e+00
1.000185632710018924e+00
1.000188612417241218e+00
1.000191592101769889e+00
1.000194571763604490e+00
1.000197715624039807e+00
1.000201154916487756e+00
1.000204594178695450e+00
1.000208033410660668e+00
1.000211472612382080e+00
1.000214911783857907e+00
1.000218350925087041e+00
1.000221790036067482e+00
1.000225320031604026e+00
1.000229218423537958e+00
1.000233116776596987e+00
1.000237015090780224e+00
1.000240913366085227e+00
1.000244811602509110e+00
1.000248709800050095e+00
1.000252607958705964e+00
1.000280665454922779e+00
1.000308720937280738e+00
1.000336774404989582e+00
1.000364825857256390e+00
1.000392875293286243e+00
1.000420922712286664e+00
1.000448968113462955e+00
1.000477011496021529e+00
1.000505052859168131e+00
1.000533092202109842e+00
1.000561129524050186e+00
1.000589164824196908e+00
1.000617198101754424e+00
1.000645229355926480e+00
1.000673258585919045e+00
1.000701285790937201e+00
1.000729310970185804e+00
1.000757334122867492e+00
1.000785355248188901e+00
1.000813374345353113e+00
1.000841391413563430e+00
1.000869406452025157e+00
1.000897419459941817e+00
1.000925430436515828e+00
1.000953439380952048e+00
1.000981446292452892e+00
1.001009451170221665e+00
1.001037454013460559e+00
1.001065454821373768e+00
1.001093453593162597e+00
1.001121450328029461e+00
1.001149445025178109e+00
1.001177437683808735e+00
1.001205428303124645e+00
1.001233416882327809e+00
1.001261403420618867e+00
1.001289387917199791e+00
1.001317370371272331e+00
1.001345350782036903e+00
1.001373329148694369e+00
1.001401305470446701e+00
1.001429279746493650e+00
1.001457251976036522e+00
1.001485222158274180e+00
1.001513190292407485e+00
1.001541156377638186e+00
1.001569120413163594e+00
1.001597082398185456e+00
1.001625042331902637e+00
1.001653000213513556e+00
1.001680956042218851e+00
1.001708909817217608e+00
1.001736861537707801e+00
1.001764811202887850e+00
1.001792758811957951e+00
1.001820704364115411e+00
1.001848647858559538e+00
1.001876589294486308e+00
1.001904528671096362e+00
1.001932465987586118e+00
1.001960401243152221e+00
1.001988334436993977e+00
1.002016265568308473e+00
1.002044194636292129e+00
1.002072121640142477e+00
1.002100046579055270e+00
1.002127969452229150e+00
1.002155890258859872e+00
1.002183808998142966e+00
1.002211725669274855e+00
1.002239640271452625e+00
1.002267552803871808e+00
1.002295463265727715e+00
1.002323371656214546e+00
1.002351277974531163e+00
1.002379182219870213e+00
1.002407084391426340e+00
1.002434984488396630e+00
1.002462882509974618e+00
1.002490778455354947e+00
1.002518672323732929e+00
1.002546564114300987e+00
1.002574453826254652e+00
1.002602341458789015e+00
1.002630227011094499e+00
1.002658110482368192e+00
1.002685991871802074e+00
1.002713871178589677e+00
1.002741748401922983e+00
1.002769623540996413e+00
1.002797496595002169e+00
1.002825367563134007e+00
1.002853236444583018e+00
1.002881103238541849e+00
1.002908967944204477e+00
1.002936830560760662e+00
1.002964691087403049e+00
1.002992549523324284e+00
1.003020405867713905e+00
1.003048260119765223e+00
1.003076112278669330e+00
1.003103962343615763e+00
1.003131810313797390e+00
1.003159656188403304e+00
1.003187499966624818e+00
1.003215341647652359e+00
1.003243181230676795e+00
1.003271018714886997e+00
1.003298854099473614e+00
1.003326687383626625e+00
1.003354518566535569e+00
1.003382347647389539e+00
1.003410174625378071e+00
1.003437999499690703e+00
1.003465822269515861e+00
1.003493642934041974e+00
1.003521461492459022e+00
1.003549277943954321e+00
1.003577092287716743e+00
1.003604904522934937e+00
1.003632714648796220e+00
1.003660522664487464e+00
1.003688328569198873e+00
1.003716132362115987e+00
1.003743934042427233e+00
1.003771733609319261e+00
1.003799531061978945e+00
1.003827326399594266e+00
1.003855119621350545e+00
1.003882910726435318e+00
1.003910699714035015e+00
1.003938486583334955e+00
1.003966271333522009e+00
1.003994053963782607e+00
1.004021834473300956e+00
1.004049612861265039e+00
1.004077389126856845e+00
1.004105163269264134e+00
1.004132935287672224e+00
1.004160705181263769e+00
1.004188472949226529e+00
1.004216238590743382e+00
1.004244002104998978e+00
1.004271763491178415e+00
1.004299522748464346e+00
1.004327279876042089e+00
1.004355034873094965e+00
1.004382787738806293e+00
1.004410538472359837e+00
1.004438287072939362e+00
1.004466033539727743e+00
1.004493777871907856e+00
1.004521520068663243e+00
1.004549260129175670e+00
1.004576998052627790e+00
1.004604733838201813e+00
1.004632467485081726e+00
1.004660198992446851e+00
1.004687928359481619e+00
1.004715655585365797e+00
1.004743380669281816e+00
1.004771103610411220e+00
1.004798824407934665e+00
1.004826543061033473e+00
1.004854259568888741e+00
1.004881973930681349e+00
1.004909686145591508e+00
1.004937396212799650e+00
1.004965104131485765e+00
1.004992809900830730e+00
1.005020513520014092e+00
1.005048214988215838e+00
1.005075914304615292e+00
1.005103611468391778e+00
1.005131306478725284e+00
1.005158999334794023e+00
1.005186690035777763e+00
1.005214378580855383e+00
1.005242064969203764e+00
1.005269749200004004e+00
1.005297431272432984e+00
1.005325111185668474e+00
1.005352788938889574e+00
1.005380464531273610e+00
1.005408137961997461e+00
1.005435809230240229e+00
1.005463478335177907e+00
1.005491145275988929e+00
1.005518810051848178e+00
1.005546472661934754e+00
1.005574133105424206e+00
1.005601791381493859e+00
1.005629447489318595e+00
1.005657101428076405e+00
1.005684753196941950e+00
1.005712402795092331e+00
1.005740050221702431e+00
1.005767695475947132e+00
1.005795338557003538e+00
1.005822979464045863e+00
1.005850618196248991e+00
1.005878254752788692e+00
1.005905889132838515e+00
1.005933521335574232e+00
1.005961151360169836e+00
1.005988779205798656e+00
1.006016404871635572e+00
1.006044028356855025e+00
1.006071649660629452e+00
1.006099268782132850e+00
1.006126885720540320e+00
1.006154500475021862e+00
1.006182113044754134e+00
1.006209723428907576e+00
1.006237331626655962e+00
1.006264937637171952e+00
1.006292541459627987e+00
1.006320143093195840e+00
1.006347742537048173e+00
1.006375339790356760e+00
1.006402934852293818e+00
1.006430527722030233e+00
1.006458118398737334e+00
1.006485706881587339e+00
1.006513293169751799e+00
1.006540877262399380e+00
1.006568459158702522e+00
1.006596038857832776e+00
1.006623616358959250e+00
1.006651191661252387e+00
1.006678764763882850e+00
1.006706335666020191e+00
1.006733904366833965e+00
1.006761470865495500e+00
1.006789035161172796e+00
1.006816597253035184e+00
1.006844157140252438e+00
1.006871714821993447e+00
1.006899270297426430e+00
1.006926823565720941e+00
1.006954374626045423e+00
1.006981923477567875e+00
1.007009470119456074e+00
1.007037014550879572e+00
1.007064556771004815e+00
1.007092096778999579e+00
1.007119634574032974e+00
1.007147170155269889e+00
1.007174703521879877e+00
1.007202234673028052e+00
1.007229763607883077e+00
1.007257290325610954e+00
1.007284814825376795e+00
1.007312337106349265e+00
1.007339857167693475e+00
1.007367375008576538e+00
1.007394890628162454e+00
1.007422404025619000e+00
1.007449915200109070e+00
1.007477424150801770e+00
1.007504930876858884e+00
1.007532435377448188e+00
1.007559937651732795e+00
1.007587437698877819e+00
1.007614935518049259e+00
1.007642431108409120e+00
1.007669924469122735e+00
1.007697415599355439e+00
1.007724904498269458e+00
1.007752391165029460e+00
1.007779875598799224e+00
1.007807357798741643e+00
1.007834837764019831e+00
1.007862315493797123e+00
1.007889790987236633e+00
1.007917264243501032e+00
1.007944735261752989e+00
1.007972204041154729e+00
1.007999670580869589e+00
1.008027134880057352e+00
1.008054596937882685e+00
1.008082056753505817e+00
1.008109514326088973e+00
1.008136969654793713e+00
1.008164422738780042e+00
1.008191873577210629e+00
1.008219322169245258e+00
1.008246768514046154e+00
1.008274212610773546e+00
1.008301654458586993e+00
1.008329094056647390e+00
1.008356531404114742e+00
1.008383966500149942e+00
1.008411399343910331e+00
1.008438829934558578e+00
1.008466258271252691e+00
1.008493684353151565e+00
1.008521108179414760e+00
1.008548529749201617e+00
1.008575949061671029e+00
1.008603366115981448e+00
1.008630780911291325e+00
1.008658193446758444e+00
1.008685603721541701e+00
1.008713011734799103e+00
1.008740417485688212e+00
1.008767820973367257e+00
1.008795222196993357e+00
1.008822621155722521e+00
1.008850017848714309e+00
1.008877412275123842e+00
1.008904804434108904e+00
1.008932194324826392e+00
1.008959581946432760e+00
1.008986967298083126e+00
1.009014350378934610e+00
1.009041731188143443e+00
1.009069109724865410e+00
1.009096485988255409e+00
1.009123859977470117e+00
1.009151231691663320e+00
1.009178601129991470e+00
1.009205968291609690e+00
1.009233333175672209e+00
1.009260695781333261e+00
1.009288056107749076e+00
1.009315414154072110e+00
1.009342769919458371e+00
1.009370123403060759e+00
1.009397474604032618e+00
1.009424823521528847e+00
1.009452170154702566e+00
1.009479514502707342e+00
1.009506856564695410e+00
1.009534196339820999e+00
1.009561533827236346e+00
1.009588869026093683e+00
1.009616201935547020e+00
1.009643532554747702e+00
1.009670860882847077e+00
1.009698186918999596e+00
1.009725510662355052e+00
1.009752832112066345e+00
1.009780151267283266e+00
1.009807468127159602e+00
1.009834782690844923e+00
1.009862094957490353e+00
1.009889404926247236e+00
1.009916712596266253e+00
1.009944017966697860e+00
1.009971321036692515e+00
1.009998621805400454e+00
1.010025920271971023e+00
1.010053216435554679e+00
1.010080510295301659e+00
1.010107801850360643e+00
1.010135091099880977e+00
1.010162378043012454e+00
1.010189662678903977e+00
1.010216945006703559e+00
1.010244225025561882e+00
1.010271502734625848e+00
1.010298778133043252e+00
1.010326051219964549e+00
1.010353321994536202e+00
1.010380590455906002e+00
1.010407856603222188e+00
1.010435120435632550e+00
1.010462381952283550e+00
1.010489641152323426e+00
1.010516898034898192e+00
1.010544152599156087e+00
1.010571404844242238e+00
1.010598654769304439e+00
1.010625902373488483e+00
1.010653147655939721e+00
1.010680390615805946e+00
1.010707631252232286e+00
1.010734869564364535e+00
1.010762105551347378e+00
1.010789339212327054e+00
1.010816570546448467e+00
1.010843799552857858e+00
1.010871026230698133e+00
1.010898250579114643e+00
1.010925472597252517e+00
1.010952692284255550e+00
1.010979909639268204e+00
1.011007124661434498e+00
1.011034337349897783e+00
1.011061547703803187e+00
1.011088755722292731e+00
1.011115961404510211e+00
1.011143164749598977e+00
1.011170365756702161e+00
1.011197564424962225e+00
1.011224760753522522e+00
1.011251954741524406e+00
1.011279146388111894e+00
1.011306335692425007e+00
1.011333522653608874e+00
1.011360707270802184e+00
1.011387889543147844e+00
1.011415069469788319e+00
1.011442247049863408e+00
1.011469422282515351e+00
1.011496595166884838e+00
1.011523765702111666e+00
1.011550933887339188e+00
1.011578099721704982e+00
1.011605263204351290e+00
1.011632424334418134e+00
1.011659583111043981e+00
1.011686739533371293e+00
1.011713893600537206e+00
1.011741045311681741e+00
1.011768194665945364e+00
1.011795341662466985e+00
1.011822486300385071e+00
1.011849628578837645e+00
1.011876768496965839e+00
1.011903906053905899e+00
1.011931041248796515e+00
1.011958174080776818e+00
1.011985304548983944e+00
1.012012432652556360e+00
1.012039558390631200e+00
1.012066681762345599e+00
1.012093802766838024e+00
1.012120921403244722e+00
1.012148037670702161e+00
1.012175151568349474e+00
1.012202263095320465e+00
1.012229372250753379e+00
1.012256479033784018e+00
1.012283583443549295e+00
1.012310685479183237e+00
1.012337785139823421e+00
1.012364882424604762e+00
1.012391977332663284e+00
1.012419069863133236e+00
1.012446160015150198e+00
1.012473247787849751e+00
1.012500333180365919e+00
1.012527416191834062e+00
1.012554496821387762e+00
1.012581575068162154e+00
1.012608650931290155e+00
1.012635724409907123e+00
1.012662795503145974e+00
1.012689864210140955e+00
1.012716930530024539e+00
1.012743994461930974e+00
1.012771056004992065e+00
1.012798115158343393e+00
1.012825171921114320e+00
1.012852226292440205e+00
1.012879278271450856e+00
1.012906327857281408e+00
1.012933375049061890e+00
1.012960419845924775e+00
1.012987462247001869e+00
1.013014502251425197e+00
1.013041539858325901e+00
1.013068575066834898e+00
1.013095607876082216e+00
1.013122638285201216e+00
1.013149666293321038e+00
1.013176691899573045e+00
1.013203715103086600e+00
1.013230735902993063e+00
1.013257754298421132e+00
1.013284770288501724e+00
1.013311783872363536e+00
1.013338795049136598e+00
1.013365803817952049e+00
1.013392810177937031e+00
1.013419814128220908e+00
1.013446815667932377e+00
1.013473814796200134e+00
1.013500811512153987e+00
1.013527805814921301e+00
1.013554797703629884e+00
1.013581787177408655e+00
1.013608774235383869e+00
1.013635758876685999e+00
1.013662741100440412e+00
1.013689720905773139e+00
1.013716698291815099e+00
1.013743673257690547e+00
1.013770645802527071e+00
1.013797615925451368e+00
1.013824583625589248e+00
1.013851548902068300e+00
1.013878511754013889e+00
1.013905472180552048e+00
1.013932430180808808e+00
1.013959385753909315e+00
1.013986338898978934e+00
1.014013289615144364e+00
1.014040237901528529e+00
1.014067183757258128e+00
1.014094127181457194e+00
1.014121068173250428e+00
1.014148006731762308e+00
1.014174942856116868e+00
1.014201876545437697e+00
1.014228807798850829e+00
1.014255736615477188e+00
1.014282662994443696e+00
1.014309586934869944e+00
1.014336508435881745e+00
1.014363427496601799e+00
1.014390344116153031e+00
1.014417258293656809e+00
1.014444170028237169e+00
1.014471079319016811e+00
1.014497986165116661e+00
1.014524890565658533e+00
1.014551792519765128e+00
1.014578692026559592e+00
1.014605589085160631e+00
1.014632483694691389e+00
1.014659375854271683e+00
1.014686265563024881e+00
1.014713152820069686e+00
1.014740037624527469e+00
1.014766919975518267e+00
1.014793799872163671e+00
1.014820677313582165e+00
1.014847552298894895e+00
1.014874424827221455e+00
1.014901294897681661e+00
1.014928162509394882e+00
1.014955027661478937e+00
1.014981890353055638e+00
1.015008750583241248e+00
1.015035608351156471e+00
1.015062463655919345e+00
1.015089316496647687e+00
1.015116166872461534e+00
1.015143014782476927e+00
1.015169860225813014e+00
1.015196703201587169e+00
1.015223543708916543e+00
1.015250381746919173e+00
1.015277217314712654e+00
1.015304050411413472e+00
1.015330881036138333e+00
1.015357709188004165e+00
1.015384534866127675e+00
1.015411358069624681e+00
1.015438178797612778e+00
1.015464997049206008e+00
1.015491812823521744e+00
1.015518626119675583e+00
1.015545436936781787e+00
1.015572245273957730e+00
1.015599051130316122e+00
1.015625854504974557e+00
1.015652655397045301e+00
1.015679453805644394e+00
1.015706249729887212e+00
1.015733043168886462e+00
1.015759834121756855e+00
1.015786622587611987e+00
1.015813408565565457e+00
1.015840192054731528e+00
1.015866973054224021e+00
1.015893751563155645e+00
1.015920527580639110e+00
1.015947301105788458e+00
1.015974072137715734e+00
1.016000840675532313e+00
1.016027606718352683e+00
1.016054370265288442e+00
1.016081131315450747e+00
1.016107889867952307e+00
1.016134645921905166e+00
1.016161399476419591e+00
1.016188150530608514e+00
1.016214899083582202e+00
1.016241645134451366e+00
1.016268388682327828e+00
1.016295129726321633e+00
1.016321868265543271e+00
1.016348604299103009e+00
1.016375337826111336e+00
1.016402068845677409e+00
1.016428797356912384e+00
1.016455523358924973e+00
1.016482246850824778e+00
1.016508967831722288e+00
1.016535686300723551e+00
1.016562402256940389e+00
1.016589115699480628e+00
1.016615826627451646e+00
1.016642535039964157e+00
1.016669240936123542e+00
1.016695944315040956e+00
1.016722645175822448e+00
1.016749343517575843e+00
1.016776039339409188e+00
1.016802732640429863e+00
1.016829423419744360e+00
1.016856111676460506e+00
1.016882797409684569e+00
1.016909480618523709e+00
1.016936161302083752e+00
1.016962839459471191e+00
1.016989515089793183e+00
1.017016188192154003e+00
1.017042858765661473e+00
1.017069526809419200e+00
1.017096192322533232e+00
1.017122855304110285e+00
1.017149515753252853e+00
1.017176173669068540e+00
1.017202829050660284e+00
1.017229481897133025e+00
1.017256132207591257e+00
1.017282779981138807e+00
1.017309425216880614e+00
1.017336067913919617e+00
1.017362708071360311e+00
1.017389345688305413e+00
1.017415980763858974e+00
1.017442613297124154e+00
1.017469243287203229e+00
1.017495870733199359e+00
1.017522495634215041e+00
1.017549117989353435e+00
1.017575737797716373e+00
1.017602355058405461e+00
1.017628969770523417e+00
1.017655581933171849e+00
1.017682191545451698e+00
1.017708798606465237e+00
1.017735403115313408e+00
1.017762005071097153e+00
1.017788604472916747e+00
1.017815201319874463e+00
1.017841795611069466e+00
1.017868387345602033e+00
1.017894976522573325e+00
1.017921563141082064e+00
1.017948147200230080e+00
1.017974728699114317e+00
1.018001307636836383e+00
1.018027884012494111e+00
1.018054457825187553e+00
1.018081029074015653e+00
1.018107597758077354e+00
1.018134163876470488e+00
1.018160727428293999e+00
1.018187288412644831e+00
1.018213846828623925e+00
1.018240402675326006e+00
1.018266955951850239e+00
1.018293506657294900e+00
1.018320054790755602e+00
1.018346600351330622e+00
1.018373143338116460e+00
1.018399683750210727e+00
1.018426221586708813e+00
1.018452756846707885e+00
1.018479289529304443e+00
1.018505819633594545e+00
1.018532347158673801e+00
1.018558872103637825e+00
1.018585394467582894e+00
1.018611914249603290e+00
1.018638431448794845e+00
1.018664946064252508e+00
1.018691458095071667e+00
1.018717967540346159e+00
1.018744474399169819e+00
1.018770978670639149e+00
1.018797480353846874e+00
1.018823979447887496e+00
1.018850475951853296e+00
1.018876969864840776e+00
1.018903461185940662e+00
1.018929949914247013e+00
1.018956436048854330e+00
1.018982919588853342e+00
1.019009400533337439e+00
1.019035878881399571e+00
1.019062354632132683e+00
1.019088827784627727e+00
1.019115298337977871e+00
1.019141766291273621e+00
1.019168231643607037e+00
1.019194694394070178e+00
1.019221154541754437e+00
1.019247612085749655e+00
1.019274067025148112e+00
1.019300519359038093e+00
1.019326969086512769e+00
1.019353416206662200e+00
1.019379860718575559e+00
1.019406302621343130e+00
1.019432741914055418e+00
1.019459178595801818e+00
1.019485612665671059e+00
1.019512044122753647e+00
1.019538472966138087e+00
1.019564899194912888e+00
1.019591322808167666e+00
1.019617743804989818e+00
1.019644162184469183e+00
1.019670577945694268e+00
1.019696991087751137e+00
1.019723401609728297e+00
1.019749809510714034e+00
1.019776214789796187e+00
1.019802617446060600e+00
1.019829017478595778e+00
1.019855414886488232e+00
1.019881809668825579e+00
1.019908201824692329e+00
1.019934591353176323e+00
1.019960978253363182e+00
1.019987362524339192e+00
1.020013744165190417e+00
1.020040123175002478e+00
1.020066499552860551e+00
1.020092873297849811e+00
1.020119244409056103e+00
1.020145612885563713e+00
1.020171978726457818e+00
1.020198341930822705e+00
1.020224702497743774e+00
1.020251060426303535e+00
1.020277415715587166e+00
1.020303768364678731e+00
1.020330118372660966e+00
1.020356465738618157e+00
1.020382810461632817e+00
1.020409152540788789e+00
1.020435491975169029e+00
1.020461828763855605e+00
1.020488162905931251e+00
1.020514494400479366e+00
1.020540823246580686e+00
1.020567149443318611e+00
1.020593472989772765e+00
1.020619793885026549e+00
1.020646112128161809e+00
1.020672427718259723e+00
1.020698740654399694e+00
1.020725050935663791e+00
1.020751358561133193e+00
1.020777663529888191e+00
1.020803965841008631e+00
1.020830265493575251e+00
1.020856562486667451e+00
1.020882856819365747e+00
1.020909148490749097e+00
1.020935437499897569e+00
1.020961723845889901e+00
1.020988007527805719e+00
1.021014288544722870e+00
1.021040566895720536e+00
1.021066842579878120e+00
1.021093115596273693e+00
1.021119385943984215e+00
1.021145653622087979e+00
1.021171918629663500e+00
1.021198180965787961e+00
1.021224440629538988e+00
1.021250697619992875e+00
1.021276951936227473e+00
1.021303203577319074e+00
1.021329452542345972e+00
1.021355698830382908e+00
1.021381942440506396e+00
1.021408183371792289e+00
1.021434421623317546e+00
1.021460657194157351e+00
1.021486890083387111e+00
1.021513120290082455e+00
1.021539347813319010e+00
1.021565572652170406e+00
1.021591794805711828e+00
1.021618014273018016e+00
1.021644231053163487e+00
1.021670445145221429e+00
1.021696656548267912e+00
1.021722865261375013e+00
1.021749071283616583e+00
1.021775274614067364e+00
1.021801475251799651e+00
1.021827673195885744e+00
1.021853868445400160e+00
1.021880060999414530e+00
1.021906250857001819e+00
1.021932438017234102e+00
1.021958622479183232e+00
1.021984804241922618e+00
1.022010983304521448e+00
1.022037159666053796e+00
1.022063333325589296e+00
1.022089504282200467e+00
1.022115672534957609e+00
1.022141838082931020e+00
1.022168000925192111e+00
1.022194161060810957e+00
1.022220318488856527e+00
1.022246473208401563e+00
1.022272625218513253e+00
1.022298774518263009e+00
1.022324921106718021e+00
1.022351064982950586e+00
1.022377206146028339e+00
1.022403344595020025e+00
1.022429480328994167e+00
1.022455613347018621e+00
1.022481743648163910e+00
1.022507871231496557e+00
1.022533996096084641e+00
1.022560118240995353e+00
1.022586237665297215e+00
1.022612354368056975e+00
1.022638468348341378e+00
1.022664579605218282e+00
1.022690688137754211e+00
1.022716793945014579e+00
1.022742897026066800e+00
1.022768997379977396e+00
1.022795095005810451e+00
1.022821189902634265e+00
1.022847282069512254e+00
1.022873371505511164e+00
1.022899458209695744e+00
1.022925542181130965e+00
1.022951623418881573e+00
1.022977701922011429e+00
1.023003777689586169e+00
1.023029850720668987e+00
1.023055921014323744e+00
1.023081988569615852e+00
1.023108053385607841e+00
1.023134115461362237e+00
1.023160174795942901e+00
1.023186231388413026e+00
1.023212285237836250e+00
1.023238336343273103e+00
1.023264384703787222e+00
1.023290430318441802e+00
1.023316473186296705e+00
1.023342513306415125e+00
1.023368550677858035e+00
1.023394585299687520e+00
1.023420617170964331e+00
1.023446646290749662e+00
1.023472672658104710e+00
1.023498696272088671e+00
1.023524717131763406e+00
1.023550735236187670e+00
1.023576750584422435e+00
1.023602763175527341e+00
1.023628773008561144e+00
1.023654780082584148e+00
1.023680784396655996e+00
1.023706785949835218e+00
1.023732784741179680e+00
1.023758780769749022e+00
1.023784774034601552e+00
1.023810764534794471e+00
1.023836752269386530e+00
1.023862737237435372e+00
1.023888719437998862e+00
1.023914698870133533e+00
1.023940675532897693e+00
1.023966649425346986e+00
1.023992620546539500e+00
1.024018588895528881e+00
1.024044554471374324e+00
1.024070517273130587e+00
1.024096477299854202e+00
1.024122434550600147e+00
1.024148389024424732e+00
1.024174340720382936e+00
1.024200289637529071e+00
1.024226235774919003e+00
1.024252179131606377e+00
1.024278119706647061e+00
1.024304057499093590e+00
1.024329992508001386e+00
1.024355924732423651e+00
1.024381854171413808e+00
1.024407780824025949e+00
1.024433704689311719e+00
1.024459625766324766e+00
1.024485544054118069e+00
1.024511459551743942e+00
1.024537372258254253e+00
1.024563282172701095e+00
1.024589189294137226e+00
1.024615093621614070e+00
1.024640995154183276e+00
1.024666893890894936e+00
1.024692789830800699e+00
1.024718682972951322e+00
1.024744573316397567e+00
1.024770460860190191e+00
1.024796345603378178e+00
1.024822227545013176e+00
1.024848106684142390e+00
1.024873983019817469e+00
1.024899856551086730e+00
1.024925727276999154e+00
1.024951595196603504e+00
1.024977460308947874e+00
1.025003322613081469e+00
1.025029182108052828e+00
1.025055038792908713e+00
1.025080892666698329e+00
1.025106743728467107e+00
1.025132591977264029e+00
1.025158437412135859e+00
1.025184280032128692e+00
1.025210119836290623e+00
1.025235956823665751e+00
1.025261790993302391e+00
1.025287622344244642e+00
1.025313450875540378e+00
1.025339276586233472e+00
1.025365099475369357e+00
1.025390919541992352e+00
1.025416736785148553e+00
1.025442551203881392e+00
1.025468362797236521e+00
1.025494171564256485e+00
1.025519977503986047e+00
1.025545780615469527e+00
1.025571580897749469e+00
1.025597378349867972e+00
1.025623172970869579e+00
1.025648964759797277e+00
1.025674753715691612e+00
1.025700539837597791e+00
1.025726323124554140e+00
1.025752103575604535e+00
1.025777881189789076e+00
1.025803655966150751e+00
1.025829427903728330e+00
1.025855197001564356e+00
1.025880963258698930e+00
1.025906726674170821e+00
1.025932487247023461e+00
1.025958244976292955e+00
1.025983999861020957e+00
1.026009751900245792e+00
1.026035501093007563e+00
1.026061247438345259e+00
1.026086990935297871e+00
1.026112731582901283e+00
1.026138469380196039e+00
1.026164204326218909e+00
1.026189936420008664e+00
1.026215665660600740e+00
1.026241392047033241e+00
1.026267115578344269e+00
1.026292836253568153e+00
1.026318554071743216e+00
1.026344269031903567e+00
1.026369981133085529e+00
1.026395690374324543e+00
1.026421396754656712e+00
1.026447100273116364e+00
1.026472800928738716e+00
1.026498498720557873e+00
1.026524193647609273e+00
1.026549885708924581e+00
1.026575574903539900e+00
1.026601261230487783e+00
1.026626944688801446e+00
1.026652625277521436e+00
1.026678302995686298e+00
1.026703977842317927e+00
1.026729649816448209e+00
1.026755318917104587e+00
1.026780985143320946e+00
1.026806648494126728e+00
1.026832308968554264e+00
1.026857966565636548e+00
1.026883621284406578e+00
1.026909273123894684e+00
1.026934922083129198e+00
1.026984422121717255e+00
1.027008273587511678e+00
1.027032122557739235e+00
1.027055969031624993e+00
1.027079813008384690e+00
1.027103654487236506e+00
1.027127493467397068e+00
1.027151329948088332e+00
1.027175163928526258e+00
1.027198995407929027e+00
1.027222824385511935e+00
1.027246650860488719e+00
1.027270474832076008e+00
1.027294296299489096e+00
1.027318115261951270e+00
1.027341931718676271e+00
1.027365745668884500e+00
1.027389557111784146e+00
1.027413366046597609e+00
1.027437172472543070e+00
1.027460976388844482e+00
1.027484777794725135e+00
1.027508576689284414e+00
1.027532373071890381e+00
1.027556166941700821e+00
1.027579958297929696e+00
1.027603747139793411e+00
1.027627533466504595e+00
1.027651317277279208e+00
1.027675098571332990e+00
1.027698877347877460e+00
1.027722653606129910e+00
1.027746427345302749e+00
1.027770198564609272e+00
1.027793967263265218e+00
1.027817733440482106e+00
1.027841497095474788e+00
1.027865258227455669e+00
1.027889016835639824e+00
1.027912772919239215e+00
1.027936526477466028e+00
1.027960277509535114e+00
1.027984026014657548e+00
1.028007771992047958e+00
1.028031515440918087e+00
1.028055256360480119e+00
1.028078994749946018e+00
1.028102730608529081e+00
1.028126463935441270e+00
1.028150194729893219e+00
1.028173922991098888e+00
1.028197648718269352e+00
1.028221371910615911e+00
1.028245092567351415e+00
1.028268810687686274e+00
1.028292526270831342e+00
1.028316239315998359e+00
1.028339949822399735e+00
1.028363657789244767e+00
1.028387363215746308e+00
1.028411066101113880e+00
1.028434766444558335e+00
1.028458464245291193e+00
1.028482159502521309e+00
1.028505852215459981e+00
1.028529542383317397e+00
1.028553230005303742e+00
1.028576915080628318e+00
1.028600597608500866e+00
1.028624277588147340e+00
1.028647955018751947e+00
1.028671629899535978e+00
1.028695302229708286e+00
1.028718972008478394e+00
1.028742639235055378e+00
1.028766303908649427e+00
1.028789966028468283e+00
1.028813625593722136e+00
1.028837282603620729e+00
1.028860937057370917e+00
1.028884588954182666e+00
1.028908238293264832e+00
1.028931885073825381e+00
1.028955529295072502e+00
1.028979170956214828e+00
1.029002810056461659e+00
1.029026446595019628e+00
1.029050080571097592e+00
1.029073711983903516e+00
1.029097340832645369e+00
1.029120967116529783e+00
1.029144590834765838e+00
1.029168211986560388e+00
1.029191830571120958e+00
1.029215446587654403e+00
1.029239060035368469e+00
1.029262670913471567e+00
1.029286279221168332e+00
1.029309884957667620e+00
1.029333488122174733e+00
1.029357088713897195e+00
1.029380686732042083e+00
1.029404282175816032e+00
1.029427875044423901e+00
1.029451465337072991e+00
1.029475053052969935e+00
1.029498638191320703e+00
1.029522220751329264e+00
1.029545800732204697e+00
1.029569378133150748e+00
1.029592952953374052e+00
1.029616525192079468e+00
1.029640094848472076e+00
1.029663661921759177e+00
1.029687226411145629e+00
1.029710788315834957e+00
1.029734347635033131e+00
1.029757904367945898e+00
1.029781458513777004e+00
1.029805010071732863e+00
1.029828559041015668e+00
1.029852105420832720e+00
1.029875649210386879e+00
1.029899190408881449e+00
1.029922729015523508e+00
1.029946265029515029e+00
1.029969798450061091e+00
1.029993329276364333e+00
1.030016857507629835e+00
1.030040383143062011e+00
1.030063906181862832e+00
1.030087426623236713e+00
1.030110944466386957e+00
1.030134459710517314e+00
1.030157972354829976e+00
1.030181482398528470e+00
1.030204989840816543e+00
1.030228494680896167e+00
1.030251996917971091e+00
1.030275496551243286e+00
1.030298993579915168e+00
1.030322488003188930e+00
1.030345979820267655e+00
1.030369469030353535e+00
1.030392955632648988e+00
1.030416439626354874e+00
1.030439921010674942e+00
1.030463399784809830e+00
1.030486875947962178e+00
1.030510349499331513e+00
1.030533820438122694e+00
1.030557288763533696e+00
1.030580754474769156e+00
1.030604217571027936e+00
1.030627678051511564e+00
1.030651135915421346e+00
1.030674591161958586e+00
1.030698043790322815e+00
1.030721493799715782e+00
1.030744941189337682e+00
1.030768385958389155e+00
1.030791828106070618e+00
1.030815267631581600e+00
1.030838704534122519e+00
1.030862138812893569e+00
1.030885570467096057e+00
1.030908999495927292e+00
1.030932425898588578e+00
1.030955849674279001e+00
1.030979270822197869e+00
1.031002689341545153e+00
1.031026105231520162e+00
1.031049518491321537e+00
1.031072929120147919e+00
1.031096337117198836e+00
1.031119742481673152e+00
1.031143145212769729e+00
1.031166545309686322e+00
1.031189942771622459e+00
1.031213337597775004e+00
1.031236729787344597e+00
1.031260119339526993e+00
1.031283506253521942e+00
1.031306890528526088e+00
1.031330272163738737e+00
1.031353651158354978e+00
1.031377027511575006e+00
1.031400401222595242e+00
1.031423772290613661e+00
1.031447140714826460e+00
1.031470506494430728e+00
1.031493869628624660e+00
1.031517230116603567e+00
1.031540587957565869e+00
1.031563943150707985e+00
1.031587295695226114e+00
1.031610645590316011e+00
1.031633992835175873e+00
1.031657337429000343e+00
1.031680679370986953e+00
1.031704018660329902e+00
1.031727355296227611e+00
1.031750689277873834e+00
1.031774020604464326e+00
1.031797349275195952e+00
1.031820675289262912e+00
1.031843998645861626e+00
1.031867319344185852e+00
1.031890637383432008e+00
1.031913952762794517e+00
1.031937265481467358e+00
1.031960575538647173e+00
1.031983882933527275e+00
1.032007187665302750e+00
1.032030489733167133e+00
1.032053789136315958e+00
1.032077085873942757e+00
1.032100379945241508e+00
1.032123671349406635e+00
1.032146960085631227e+00
1.032170246153110149e+00
1.032193529551036049e+00
1.032216810278603125e+00
1.032240088335004247e+00
1.032263363719433169e+00
1.032286636431082316e+00
1.032309906469145444e+00
1.032333173832814532e+00
1.032356438521283559e+00
1.032379700533743838e+00
1.032402959869389125e+00
1.032426216527411622e+00
1.032449470507001532e+00
1.032472721807354166e+00
1.032495970427659948e+00
1.032519216367110859e+00
1.032542459624900211e+00
1.032565700200217318e+00
1.032588938092255493e+00
1.032612173300205383e+00
1.032635405823259855e+00
1.032658635660609336e+00
1.032681862811443585e+00
1.032705087274956135e+00
1.032728309050336524e+00
1.032751528136774954e+00
1.032774744533463185e+00
1.032797958239591418e+00
1.032821169254350746e+00
1.032844377576929817e+00
1.032867583206520168e+00
1.032890786142311557e+00
1.032913986383493299e+00
1.032937183929255154e+00
1.032960378778787991e+00
1.032983570931280903e+00
1.033006760385922762e+00
1.033029947141903548e+00
1.033053131198412800e+00
1.033076312554639165e+00
1.033099491209771736e+00
1.033122667162998498e+00
1.033145840413510763e+00
1.033169010960494516e+00
1.033192178803139072e+00
1.033215343940633080e+00
1.033238506372164300e+00
1.033261666096922715e+00
1.033284823114094531e+00
1.033307977422867729e+00
1.033331129022430517e+00
1.033354277911970431e+00
1.033377424090675456e+00
1.033400567557732463e+00
1.033423708312328326e+00
1.033446846353651472e+00
1.033469981680887217e+00
1.033493114293224657e+00
1.033516244189848665e+00
1.033539371369947002e+00
1.033562495832706762e+00
1.033585617577312599e+00
1.033608736602952272e+00
1.033631852908812432e+00
1.033654966494076621e+00
1.033678077357933267e+00
1.033701185499567687e+00
1.033724290918164535e+00
1.033747393612911347e+00
1.033770493582991890e+00
1.033793590827592368e+00
1.033816685345896991e+00
1.033839777137091076e+00
1.033862866200360608e+00
1.033885952534889574e+00
1.033909036139862625e+00
1.033932117014464858e+00
1.033955195157880036e+00
1.033978270569293700e+00
1.034001343247888505e+00
1.034024413192849989e+00
1.034047480403361474e+00
1.034070544878605835e+00
1.034093606617769501e+00
1.034116665620034015e+00
1.034139721884583141e+00
1.034162775410601087e+00
1.034185826197270064e+00
1.034208874243774501e+00
1.034231919549295720e+00
1.034254962113017262e+00
1.034278001934122893e+00
1.034301039011794376e+00
1.034324073345213701e+00
1.034347104933563299e+00
1.034370133776026490e+00
1.034393159871784151e+00
1.034416183220019159e+00
1.034439203819913722e+00
1.034462221670648052e+00
1.034485236771403915e+00
1.034508249121364409e+00
1.034531258719708635e+00
1.034554265565619913e+00
1.034577269658278675e+00
1.034600270996865579e+00
1.034623269580561056e+00
1.034646265408547094e+00
1.034669258480003684e+00
1.034692248794111258e+00
1.034715236350050471e+00
1.034738221147000647e+00
1.034761203184143552e+00
1.034784182460658064e+00
1.034807158975724173e+00
1.034830132728520979e+00
1.034853103718229583e+00
1.034876071944029308e+00
1.034899037405097477e+00
1.034922000100615191e+00
1.034944960029761551e+00
1.034967917191714548e+00
1.034990871585653283e+00
1.035013823210757300e+00
1.035036772066203703e+00
1.035059718151171593e+00
1.035082661464839848e+00
1.035105602006385572e+00
1.035128539774988088e+00
1.035151474769824498e+00
1.035174406990073015e+00
1.035197336434910298e+00
1.035220263103515892e+00
1.035243186995066678e+00
1.035266108108739092e+00
1.035289026443710236e+00
1.035311941999158325e+00
1.035334854774259128e+00
1.035357764768189970e+00
1.035380671980128398e+00
1.035403576409249959e+00
1.035426478054731536e+00
1.035449376915747788e+00
1.035472272991477150e+00
1.035495166281095392e+00
1.035518056783776952e+00
1.035540944498698712e+00
1.035563829425035776e+00
1.035586711561963913e+00
1.035609590908659783e+00
1.035632467464295159e+00
1.035655341228048254e+00
1.035678212199093062e+00
1.035701080376604466e+00
1.035723945759758458e+00
1.035746808347726811e+00
1.035769668139686850e+00
1.035792525134811237e+00
1.035815379332275965e+00
1.035838230731253695e+00
1.035861079330917756e+00
1.035883925130443695e+00
1.035906768129004174e+00
1.035929608325773854e+00
1.035952445719924953e+00
1.035975280310631463e+00
1.035998112097066493e+00
1.036020941078403146e+00
1.036043767253814973e+00
1.036066590622473305e+00
1.036089411183552356e+00
1.036112228936223678e+00
1.036135043879661044e+00
1.036157856013035339e+00
1.036180665335518114e+00
1.036203471846282254e+00
1.036226275544500863e+00
1.036249076429344163e+00
1.036271874499984813e+00
1.036294669755593034e+00
1.036317462195341488e+00
1.036340251818400393e+00
1.036363038623941968e+00
1.036385822611136653e+00
1.036408603779154891e+00
1.036431382127169343e+00
1.036454157654347119e+00
1.036476930359862214e+00
1.036499700242883515e+00
1.036522467302581241e+00
1.036545231538125389e+00
1.036567992948686401e+00
1.036590751533432941e+00
1.036613507291536340e+00
1.036636260222165040e+00
1.036659010324489261e+00
1.036681757597677001e+00
1.036704502040898923e+00
1.036727243653323693e+00
1.036749982434119755e+00
1.036772718382456215e+00
1.036795451497501519e+00
1.036818181778423442e+00
1.036840909224391538e+00
1.036863633834574028e+00
1.036886355608138466e+00
1.036909074544252851e+00
1.036931790642086071e+00
1.036954503900805014e+00
1.036977214319576790e+00
1.036999921897569177e+00
1.037022626633950617e+00
1.037045328527887778e+00
1.037068027578546658e+00
1.037090723785095703e+00
1.037113417146700689e+00
1.037136107662528950e+00
1.037158795331746708e+00
1.037181480153520630e+00
1.037204162127016493e+00
1.037226841251400078e+00
1.037249517525839826e+00
1.037272190949499073e+00
1.037294861521545375e+00
1.037317529241142733e+00
1.037340194107456925e+00
1.037362856119654619e+00
1.037385515276899373e+00
1.037408171578357630e+00
1.037430825023193393e+00
1.037453475610571774e+00
1.037476123339657663e+00
1.037498768209615951e+00
1.037521410219610196e+00
1.037544049368806176e+00
1.037566685656366561e+00
1.037589319081455352e+00
1.037611949643237885e+00
1.037634577340876829e+00
1.037657202173537074e+00
1.037679824140380402e+00
1.037702443240570815e+00
1.037725059473272760e+00
1.037747672837647794e+00
1.037770283332860366e+00
1.037792890958071590e+00
1.037815495712445468e+00
1.037838097595144449e+00
1.037860696605330313e+00
1.037883292742166397e+00
1.037905886004814260e+00
1.037928476392435018e+00
1.037951063904192672e+00
1.037973648539247673e+00
1.037996230296761357e+00
1.038018809175895951e+00
1.038041385175813458e+00
1.038063958295674105e+00
1.038086528534639230e+00
1.038109095891869726e+00
1.038131660366526265e+00
1.038154221957771073e+00
1.038176780664763488e+00
1.038199336486664182e+00
1.038221889422632493e+00
1.038244439471830871e+00
1.038266986633417321e+00
1.038289530906552960e+00
1.038312072290397570e+00
1.038334610784110046e+00
1.038357146386851282e+00
1.038379679097777952e+00
1.038402208916052505e+00
1.038424735840832502e+00
1.038447259871276174e+00
1.038469781006544634e+00
1.038492299245794337e+00
1.038514814588185065e+00
1.038537327032874824e+00
1.038559836579023177e+00
1.038582343225786797e+00
1.038604846972324358e+00
1.038627347817793201e+00
1.038649845761351331e+00
1.038672340802157201e+00
1.038694832939367929e+00
1.038717322172140634e+00
1.038739808499632433e+00
1.038762291921001779e+00
1.038784772435404014e+00
1.038807250041996699e+00
1.038829724739937621e+00
1.038852196528380567e+00
1.038874665406484654e+00
1.038897131373405669e+00
1.038919594428298288e+00
1.038942054570321183e+00
1.038964511798627921e+00
1.038986966112374954e+00
1.039009417510719180e+00
1.039031865992814607e+00
1.039054311557816579e+00
1.039076754204881992e+00
1.039099193933163301e+00
1.039121630741817626e+00
1.039144064629999420e+00
1.039166495596863582e+00
1.039188923641563900e+00
1.039211348763255716e+00
1.039233770961091263e+00
1.039256190234227217e+00
1.039278606581816700e+00
1.039301020003014386e+00
1.039323430496972289e+00
1.039345838062845084e+00
1.039368242699786338e+00
1.039390644406950059e+00
1.039413043183487817e+00
1.039435439028553843e+00
1.039457831941301036e+00
1.039480221920882297e+00
1.039502608966449193e+00
1.039524993077156179e+00
1.039547374252154821e+00
1.039569752490596688e+00
1.039592127791634457e+00
1.039614500154420362e+00
1.039636869578106193e+00
1.039659236061843295e+00
1.039681599604784124e+00
1.039703960206079358e+00
1.039726317864881011e+00
1.039748672580339539e+00
1.039771024351605400e+00
1.039793373177832159e+00
1.039815719058168497e+00
1.039838061991765539e+00
1.039860401977773297e+00
1.039882739015343782e+00
1.039905073103625899e+00
1.039927404241769215e+00
1.039949732428925744e+00
1.039972057664244387e+00
1.039994379946874048e+00
1.040016699275965184e+00
1.040039015650666698e+00
1.040061329070127938e+00
1.040083639533498472e+00
1.040105947039928092e+00
1.040128251588563923e+00
1.040150553178555759e+00
1.040172851809052501e+00
1.040195147479202165e+00
1.040217440188152542e+00
1.040239729935053870e+00
1.040262016719051941e+00
1.040284300539295881e+00
1.040306581394934593e+00
1.040328859285112761e+00
1.040351134208979733e+00
1.040373406165684411e+00
1.040395675154372590e+00
1.040417941174190286e+00
1.040440204224286180e+00
1.040462464303806511e+00
1.040484721411898184e+00
1.040506975547707658e+00
1.040529226710381838e+00
1.040551474899066298e+00
1.040573720112908163e+00
1.040595962351053005e+00
1.040618201612646843e+00
1.040640437896835246e+00
1.040662671202764011e+00
1.040684901529578710e+00
1.040707128876424914e+00
1.040729353242447530e+00
1.040751574626791687e+00
1.040773793028602512e+00
1.040796008447024690e+00
1.040818220881203793e+00
1.040840430330282729e+00
1.040862636793406848e+00
1.040884840269720391e+00
1.040907040758367597e+00
1.040929238258492262e+00
1.040951432769238627e+00
1.040973624289750710e+00
1.040995812819170752e+00
1.041017998356643437e+00
1.041040180901311007e+00
1.041062360452318369e+00
1.041084537008807320e+00
1.041106710569921434e+00
1.041128881134802731e+00
1.041151048702594117e+00
1.041173213272438502e+00
1.041195374843478350e+00
1.041217533414855678e+00
1.041239688985712286e+00
1.041261841555190415e+00
1.041283991122432750e+00
1.041306137686579092e+00
1.041328281246772569e+00
1.041350421802154091e+00
1.041372559351864568e+00
1.041394693895045798e+00
1.041416825430838466e+00
1.041438953958383484e+00
1.041461079476820872e+00
1.041483201985293094e+00
1.041505321482938395e+00
1.041527437968898795e+00
1.041549551442313648e+00
1.041571661902323864e+00
1.041593769348067910e+00
1.041615873778686696e+00
1.041637975193320242e+00
1.041660073591106572e+00
1.041682168971186151e+00
1.041704261332697223e+00
1.041726350674779589e+00
1.041748436996572380e+00
1.041770520297214508e+00
1.041792600575844663e+00
1.041814677831601310e+00
1.041836752063621585e+00
1.041858823271045731e+00
1.041880891453011104e+00
1.041902956608656616e+00
1.041925018737118958e+00
1.041947077837535929e+00
1.041969133909046663e+00
1.041991186950786741e+00
1.042013236961895073e+00
1.042035283941507018e+00
1.042057327888762375e+00
1.042079368802782513e+00
1.042101406682728326e+00
1.042123441527726291e+00
1.042145473336911765e+00
1.042167502109421218e+00
1.042189527844392671e+00
1.042211550540960152e+00
1.042233570198260795e+00
1.042255586815429291e+00
1.042277600391603221e+00
1.042299610925916609e+00
1.042321618417505924e+00
1.042343622865504749e+00
1.042365624269049773e+00
1.042387622627275912e+00
1.042409617939317412e+00
1.042431610204309189e+00
1.042453599421385269e+00
1.042475585589681453e+00
1.042497568708330435e+00
1.042519548776467797e+00
1.042541525793226009e+00
1.042563499757739542e+00
1.042585470669143310e+00
1.042607438526568675e+00
1.042629403329151438e+00
1.042651365076023851e+00
1.042673323766318161e+00
1.042695279399169062e+00
1.042717231973709469e+00
1.042739181489070299e+00
1.042761127944386468e+00
1.042783071338788892e+00
1.042805011671412041e+00
1.042826948941384391e+00
1.042848883147842631e+00
1.042870814289915460e+00
1.042892742366735348e+00
1.042914667377435656e+00
1.042936589321144636e+00
1.042958508196996759e+00
1.042980424004121165e+00
1.043002336741649883e+00
1.043024246408714051e+00
1.043046153004444809e+00
1.043068056527971299e+00
1.043089956978425770e+00
1.043111854354938250e+00
1.043133748656638993e+00
1.043155639882657804e+00
1.043177528032125601e+00
1.043199413104171525e+00
1.043221295097924717e+00
1.043243174012516539e+00
1.043265049847075909e+00
1.043286922600730859e+00
1.043308792272612306e+00
1.043330658861848503e+00
1.043352522367567481e+00
1.043374382788899046e+00
1.043396240124971897e+00
1.043418094374914284e+00
1.043439945537853797e+00
1.043461793612920019e+00
1.043483638599240537e+00
1.043505480495942273e+00
1.043527319302155032e+00
1.043549155017005292e+00
1.043570987639619974e+00
1.043592817169127995e+00
1.043614643604655390e+00
1.043636466945330854e+00
1.043658287190280198e+00
1.043680104338629455e+00
1.043701918389507322e+00
1.043723729342038720e+00
1.043745537195350792e+00
1.043767341948570238e+00
1.043789143600821090e+00
1.043810942151231824e+00
1.043832737598927585e+00
1.043854529943033072e+00
1.043876319182675427e+00
1.043898105316978686e+00
1.043919888345069769e+00
1.043941668266072709e+00
1.043963445079111985e+00
1.043985218783313407e+00
1.044006989377802785e+00
1.044028756861703044e+00
1.044050521234139994e+00
1.044072282494236337e+00
1.044094040641117882e+00
1.044115795673907998e+00
1.044137547591730719e+00
1.044159296393709857e+00
1.044181042078969224e+00
1.044202784646631743e+00
1.044224524095821005e+00
1.044246260425659711e+00
1.044267993635272340e+00
1.044289723723780483e+00
1.044311450690307952e+00
1.044333174533977671e+00
1.044354895253910787e+00
1.044376612849231334e+00
1.044398327319059794e+00
1.044420038662519756e+00
1.044441746878733035e+00
1.044463451966821665e+00
1.044485153925906573e+00
1.044506852755109128e+00
1.044528548453552919e+00
1.044550241020356207e+00
1.044571930454642139e+00
1.044593616755531418e+00
1.044615299922143858e+00
1.044636979953601941e+00
1.044658656849024814e+00
1.044680330607533181e+00
1.044702001228247967e+00
1.044723668710288322e+00
1.044745333052776060e+00
1.044766994254829440e+00
1.044788652315568722e+00
1.044810307234114388e+00
1.044831959009584921e+00
1.044853607641099691e+00
1.044875253127777848e+00
1.044896895468739206e+00
1.044918534663102472e+00
1.044940170709986349e+00
1.044961803608508433e+00
1.044983433357788094e+00
1.045005059956944038e+00
1.045026683405094969e+00
1.045048303701357373e+00
1.045069920844850175e+00
1.045091534834691416e+00
1.045113145669998023e+00
1.045134753349888035e+00
1.045156357873479713e+00
1.045177959239888654e+00
1.045199557448233119e+00
1.045221152497628703e+00
1.045242744387193889e+00
1.045264333116044941e+00
1.045285918683297677e+00
1.045307501088069246e+00
1.045329080329474358e+00
1.045350656406632162e+00
1.045372229318656254e+00
1.045393799064663787e+00
1.045415365643769467e+00
1.045436929055089781e+00
1.045458489297739657e+00
1.045480046370834470e+00
1.045501600273489373e+00
1.045523151004819740e+00
1.045544698563940278e+00
1.045566242949964808e+00
1.045587784162008704e+00
1.045609322199187341e+00
1.045630857060613872e+00
1.045652388745402339e+00
1.045673917252667229e+00
1.045695442581523693e+00
1.045716964731082665e+00
1.045738483700459298e+00
1.045759999488769187e+00
1.045781512095122379e+00
1.045803021518633358e+00
1.045824527758415501e+00
1.045846030813581073e+00
1.045867530683243674e+00
1.045889027366515567e+00
1.045910520862508575e+00
1.045932011170336740e+00
1.045953498289110328e+00
1.045974982217943827e+00
1.045996462955946393e+00
1.046017940502232291e+00
1.046039414855910898e+00
1.046060886016095592e+00
1.046082353981897528e+00
1.046103818752427195e+00
1.046125280326795970e+00
1.046146738704115231e+00
1.046168193883495023e+00
1.046189645864046724e+00
1.046211094644880824e+00
1.046232540225107810e+00
1.046253982603837285e+00
1.046275421780180404e+00
1.046296857753245879e+00
1.046318290522145311e+00
1.046339720085986968e+00
1.046361146443880452e+00
1.046382569594936029e+00
1.046403989538263080e+00
1.046425406272969205e+00
1.046446819798164896e+00
1.046468230112959308e+00
1.046489637216459601e+00
1.046511041107775597e+00
1.046532441786014678e+00
1.046553839250287332e+00
1.046575233499698721e+00
1.046596624533359110e+00
1.046618012350375659e+00
1.046639396949856193e+00
1.046660778330908093e+00
1.046682156492639182e+00
1.046703531434157730e+00
1.046724903154568231e+00
1.046746271652980287e+00
1.046767636928499501e+00
1.046788998980232810e+00
1.046810357807287373e+00
1.046831713408769682e+00
1.046853065783785119e+00
1.046874414931440844e+00
1.046895760850842905e+00
1.046917103541097571e+00
1.046938443001308672e+00
1.046959779230583809e+00
1.046981112228027921e+00
1.047002441992745725e+00
1.047023768523843934e+00
1.047045091820426377e+00
1.047066411881598214e+00
1.047087728706464826e+00
1.047109042294129821e+00
1.047130352643699469e+00
1.047151659754276709e+00
1.047172963624965369e+00
1.047194264254871277e+00
1.047215561643096704e+00
1.047236855788746590e+00
1.047258146690924319e+00
1.047279434348733052e+00
1.047300718761277061e+00
1.047321999927658398e+00
1.047343277846980891e+00
1.047364552518347480e+00
1.047385823940861105e+00
1.047407092113625149e+00
1.047428357035740554e+00
1.047449618706310037e+00
1.047470877124437871e+00
1.047492132289222999e+00
1.047513384199770803e+00
1.047534632855179559e+00
1.047555878254554651e+00
1.047577120396995243e+00
1.047598359281603608e+00
1.047619594907480245e+00
1.047640827273727204e+00
1.047662056379445206e+00
1.047683282223734968e+00
1.047704504805697434e+00
1.047725724124432434e+00
1.047746940179040687e+00
1.047768152968623578e+00
1.047789362492280940e+00
1.047810568749112159e+00
1.047831771738217288e+00
1.047852971458696825e+00
1.047874167909649046e+00
1.047895361090175337e+00
1.047916550999373086e+00
1.047937737636342570e+00
1.047958921000183619e+00
1.047980101089994953e+00
1.048001277904874406e+00
1.048022451443920700e+00
1.048043621706231887e+00
1.048064788690905136e+00
1.048085952397039389e+00
1.048107112823730702e+00
1.048128269970077575e+00
1.048149423835178951e+00
1.048170574418149981e+00
1.048191721718061187e+00
1.048212865734018839e+00
1.048234006465121215e+00
1.048255143910466369e+00
1.048276278069151468e+00
1.048297408940272568e+00
1.048318536522925282e+00
1.048339660816205887e+00
1.048360781819212439e+00
1.048381899531040329e+00
1.048403013950788276e+00
1.048424125077547897e+00
1.048445232910417024e+00
1.048466337448491492e+00
1.048487438690867801e+00
1.048508536636638677e+00
1.048529631284900399e+00
1.048550722634748356e+00
1.048571810685279049e+00
1.048592895435585204e+00
1.048613976884761101e+00
1.048635055031902574e+00
1.048656129876104348e+00
1.048677201416459370e+00
1.048698269652062143e+00
1.048719334582007834e+00
1.048740396205388281e+00
1.048761454521298653e+00
1.048782509528831897e+00
1.048803561227082071e+00
1.048824609615141012e+00
1.048845654692103002e+00
1.048866696457060099e+00
1.048887734909106584e+00
1.048908770047334071e+00
1.048929801870835288e+00
1.048950830378702737e+00
1.048971855570027811e+00
1.048992877443904792e+00
1.049013895999423296e+00
1.049034911235676715e+00
1.049055923151756442e+00
1.049076931746753427e+00
1.049097937019759286e+00
1.049118938969865189e+00
1.049139937596163419e+00
1.049160932897743370e+00
1.049181924873696214e+00
1.049202913523113123e+00
1.049223898845084602e+00
1.049244880838699379e+00
1.049265859503047960e+00
1.049268843338343693e+00
1.049271827106301513e+00
1.049274810806920311e+00
1.049277794440194977e+00
1.049280778006125292e+00
1.049283761504706369e+00
1.049286744935938653e+00
1.049289387302669851e+00
1.049292019021935252e+00
1.049294650688783914e+00
1.049297282303213619e+00
1.049299913865222589e+00
1.049302545374810158e+00
1.049305176831972775e+00
1.049307808050037538e+00
1.049310087647515433e+00
1.049312367205644136e+00
1.049314646724422539e+00
1.049316926203850420e+00
1.049319205643926223e+00
1.049321485044648172e+00
1.049323764406016046e+00
1.049326043728027402e+00
1.049328323010682462e+00
1.049330320129962857e+00
1.049332247335920787e+00
1.049334174513738338e+00
1.049336101663412846e+00
1.049338028784945864e+00
1.049339955878334063e+00
1.049341882943579662e+00
1.049343809980679776e+00
1.049345736989635292e+00
1.049347663970443101e+00
1.049349590923105424e+00
1.049351192833031465e+00
1.049352767302335065e+00
1.049354341752844144e+00
1.049355916184560478e+00
1.049357490597481846e+00
1.049359064991609580e+00
1.049360639366940573e+00
1.049362213723477266e+00
1.049363788061218106e+00
1.049365362380162203e+00
1.049366936680310669e+00
1.049368510961661283e+00
1.049370085224214932e+00
1.049371444750675231e+00
1.049372665634941137e+00
1.049373886507900089e+00
1.049375107369551419e+00
1.049376328219896903e+00
1.049377549058934767e+00
1.049378769886665230e+00
1.049379990703088072e+00
1.049381211508202627e+00
1.049382432302010670e+00
1.049383653084510426e+00
1.049384873855701006e+00
1.049386094615583520e+00
1.049387315364158191e+00
1.049388536101422575e+00
1.049389756827379339e+00
1.049390977542026260e+00
1.049392041479388693e+00
1.049392905633865114e+00
1.049393769782672736e+00
1.049394633925813780e+00
1.049395498063286025e+00
1.049396362195090582e+00
1.049397226321227228e+00
1.049398090441695075e+00
1.049398954556495012e+00
1.049399818665627260e+00
1.049400682769090265e+00
1.049401546866885804e+00
1.049402410959012100e+00
1.049403275045469597e+00
1.049404139126259849e+00
1.049405003201380193e+00
1.049405867270832626e+00
1.049406731334615372e+00
1.049407595392729986e+00
1.049408459445175135e+00
1.049409323491952151e+00
1.049410187533059702e+00
1.049411051568497566e+00
1.049411915598267298e+00
1.049412698341426031e+00
1.049413130919622850e+00
1.049413563496397250e+00
1.049413996071751454e+00
1.049414428645684572e+00
1.049414861218196160e+00
1.049415293789286441e+00
1.049415726358956302e+00
1.049416158927204634e+00
1.049416591494031659e+00
1.049417024059437598e+00
1.049417456623422673e+00
1.049417889185986663e+00
1.049418321747128902e+00
1.049418754306849833e+00
1.049419186865149234e+00
1.049419619422028216e+00
1.049420051977485890e+00
1.049420484531521591e+00
1.049420917084137317e+00
1.049421349635331069e+00
1.049421782185103957e+00
1.049422214733454872e+00
1.049422647280384924e+00
1.049423079825894112e+00
1.049423512369981770e+00
1.049423944912647455e+00
1.049424377453892054e+00
1.049424809993715790e+00
1.049425242532116886e+00
1.049425675069098229e+00
1.049426107604657599e+00
1.049426540138796327e+00
1.049426972671513303e+00
1.049427405202808750e+00
1.049427837732682889e+00
1.049428270261135276e+00
1.049428702788166357e+00
1.049429135313776129e+00
1.049429567837964816e+00
1.049430000360731752e+00
1.049430432882076936e+00
1.049430865402001478e+00
1.049431297920504269e+00
1.049431730437586197e+00
1.049432162953246150e+00
1.049432595467483909e+00
1.049433027980300803e+00
1.049433460491696612e+00
1.049433586754170644e+00
1.049433611065928362e+00
1.049433635377682306e+00
1.049433659689431808e+00
1.049433684001176870e+00
1.049433708312916602e+00
1.049433732624652116e+00
1.049433756936383855e+00
1.049433781248110709e+00
1.049433805559833344e+00
1.049433829871550872e+00
1.049433854183263959e+00
1.049433878494973049e+00
1.049433902806677033e+00
1.049433927118377463e+00
1.049433951430072787e+00
1.049433975741763891e+00
1.049434000053450333e+00
1.049434024365132334e+00
1.049434048676809672e+00
1.049434072988482125e+00
1.049434097300150359e+00
1.049434121611815041e+00
1.049434145923474393e+00
1.049434170235129082e+00
1.049434194546779553e+00
1.049434218858425583e+00
1.049434243170067393e+00
1.049434267481704319e+00
1.049434291793336804e+00
1.049434316104964626e+00
1.049434340416588451e+00
1.049434364728207392e+00
1.049434389039822335e+00
1.049434413351431949e+00
1.049434437663037345e+00
1.049434461974638078e+00
1.049434486286235702e+00
1.049434510597826886e+00
1.049434534909414740e+00
1.049434559220997487e+00
1.049434583532576459e+00
1.049434607844150547e+00
1.049434632155720415e+00
1.049434656467285398e+00
1.049434680778846163e+00
1.049434705090402487e+00
1.049434729401954147e+00
1.049434753713501145e+00
1.049434778025044146e+00
1.049434802336582040e+00
1.049434826648116159e+00
1.049434850959645171e+00
1.049434875271170187e+00
1.049434899582690095e+00
1.049434923894205340e+00
1.049434948205717477e+00
1.049434972517224063e+00
1.049434996828725986e+00
1.049435021140223245e+00
1.049435045451717619e+00
1.049435069763206219e+00
1.049435094074690378e+00
1.049435118386170318e+00
1.049435142697645373e+00
1.049435167009116654e+00
1.049435191320582605e+00
1.049435215632045226e+00
1.049435239943501408e+00
1.049435264254954481e+00
1.049435288566403335e+00
1.049435312877847082e+00
1.049435337189286610e+00
1.049435361500721253e+00
1.049435385812151456e+00
1.049435410123578105e+00
1.049435434434999426e+00
1.049435458746415417e+00
1.049435483057828522e+00
1.049435507369236298e+00
1.049435531680639855e+00
1.049435555992038527e+00
1.049435580303433202e+00
1.049435604614822992e+00
1.049435628926209230e+00
1.049435653237589916e+00
1.049435677548965717e+00
1.049435701860337966e+00
1.049435726171705552e+00
1.049435750483068919e+00
1.049435774794427401e+00
1.049435799105781442e+00
1.049435823417131264e+00
1.049435847728475979e+00
1.049435872039816697e+00
1.049435896351152753e+00
1.049435920662484367e+00
1.049435944973811319e+00
1.049435969285134274e+00
1.049435993596452787e+00
1.049436017907765972e+00
1.049436042219075604e+00
1.049436066530379685e+00
1.049436090841679770e+00
1.049436115152976301e+00
1.049436139464266171e+00
1.049436163775553377e+00
1.049436188086835253e+00
1.049436212398113577e+00
1.049436236709386572e+00
1.049436261020655792e+00
1.049436285331920127e+00
1.049436309643179133e+00
1.049436333954434808e+00
1.049436358265685598e+00
1.049436382576931726e+00
1.049436406888173190e+00
1.049436431199410658e+00
1.049436455510643684e+00
1.049436479821872048e+00
1.049436504133095749e+00
1.049436528444314787e+00
1.049436552755529606e+00
1.049436577066740206e+00
1.049436601377945699e+00
1.049436625689146974e+00
1.049436650000344029e+00
1.049436674311536644e+00
1.049436698622724817e+00
1.049436722933908328e+00
1.049436747245086510e+00
1.049436771556261361e+00
1.049436795867431327e+00
1.049436820178596852e+00
1.049436844489757492e+00
1.049436868800913691e+00
1.049436893112065228e+00
1.049436917423213877e+00
1.049436941734356754e+00
1.049436966045494746e+00
1.049436990356628518e+00
1.049437014667758516e+00
1.049437038978883630e+00
1.049437063290003858e+00
1.049437087601119867e+00
1.049437111912231435e+00
1.049437136223338563e+00
1.049437160534441693e+00
1.049437184845539051e+00
1.049437209156633077e+00
1.049437233467721553e+00
1.049437257778806698e+00
1.049437282089886292e+00
1.049437306400962333e+00
1.049437330712033267e+00
1.049437355023100205e+00
1.049437379334162479e+00
1.049437403645219868e+00
1.049437427956272595e+00
1.049437452267320658e+00
1.049437476578365613e+00
1.049437500889405239e+00
1.049437525200440424e+00
1.049437549511471168e+00
1.049437573822497249e+00
1.049437598133518890e+00
1.049437622444536755e+00
1.049437646755549292e+00
1.049437671066557165e+00
1.049437695377561042e+00
1.049437719688560477e+00
1.049437743999555028e+00
1.049437768310545582e+00
1.049437792621530807e+00
1.049437816932512257e+00
1.049437841243489267e+00
1.049437865554461835e+00
1.049437889865429518e+00
1.049437914176392539e+00
1.049437938487351341e+00
1.049437962798305923e+00
1.049437987109255621e+00
1.049438011420201544e+00
1.049438035731142138e+00
1.049438060042078291e+00
1.049438084353010225e+00
1.049438108663937719e+00
1.049438132974860327e+00
1.049438157285778717e+00
1.049438181596692443e+00
1.049438205907602839e+00
1.049438230218507240e+00
1.049438254529407644e+00
1.049438278840303607e+00
1.049438303151194907e+00
1.049438327462081988e+00
1.049438351772964628e+00
1.049438376083842384e+00
1.049438400394715254e+00
1.049438424705585460e+00
1.049438449016449670e+00
1.049438473327309440e+00
1.049438497638164991e+00
1.049438521949015657e+00
1.049438546259862992e+00
1.049438570570704998e+00
1.049438594881542341e+00
1.049438619192374800e+00
1.049438643503203483e+00
1.049438667814028392e+00
1.049438692124847750e+00
1.049438716435662888e+00
1.049438740746472698e+00
1.049438765057279843e+00
1.049438789368081215e+00
1.049438813678878146e+00
1.049438837989670414e+00
1.049438862300458242e+00
1.049438886611242516e+00
1.049438910922021906e+00
1.049438935232796188e+00
1.049438959543566030e+00
1.049438983854332319e+00
1.049439008165093723e+00
1.049439032475850686e+00
1.049439056786602542e+00
1.049439081097350401e+00
1.049439105408093598e+00
1.049439129718832131e+00
1.049439154029566668e+00
1.049439178340296541e+00
1.049439202651021530e+00
1.049439226961742078e+00
1.049439251272458851e+00
1.049439275583170961e+00
1.049439299893877964e+00
1.049439324204580082e+00
1.049439348515279091e+00
1.049439372825973216e+00
1.049439397136662233e+00
1.049439421447347476e+00
1.049439445758026945e+00
1.049439470068703750e+00
1.049439494379375004e+00
1.049439518690041151e+00
1.049439543000703967e+00
1.049439567311361454e+00
1.049439591622015389e+00
1.049439615932664438e+00
1.049439640243308380e+00
1.049439664553948770e+00
1.049439688864583831e+00
1.049439713175215561e+00
1.049439737485840851e+00
1.049439761796463699e+00
1.049439786107080774e+00
1.049439810417694297e+00
1.049439834728302712e+00
1.049439859038906686e+00
1.049439883349505775e+00
1.049439907660101090e+00
1.049439931970691742e+00
1.049439956281277286e+00
1.049439980591859278e+00
1.049440004902436163e+00
1.049440029213008385e+00
1.049440053523577054e+00
1.049440077834140173e+00
1.049440102144699294e+00
1.049440126455253974e+00
1.049440150765803770e+00
1.049440175076350457e+00
1.049440199386891148e+00
1.049440223697427621e+00
1.049440248007959875e+00
1.049440272318487244e+00
1.049440296629011060e+00
1.049440320939529769e+00
1.049440345250043372e+00
1.049440369560552977e+00
1.049440393871058586e+00
1.049440418181558865e+00
1.049440442492055148e+00
1.049440466802546990e+00
1.049440491113033502e+00
1.049440515423517573e+00
1.049440539733995204e+00
1.049440564044469282e+00
1.049440588354938253e+00
1.049440612665402561e+00
1.049440636975863539e+00
1.049440661286319409e+00
1.049440685596770617e+00
1.049440709907217384e+00
1.049440734217659266e+00
1.049440758528097817e+00
1.049440782838530817e+00
1.049440807148959820e+00
1.049440831459383494e+00
1.049440855769803393e+00
1.049440880080219296e+00
1.049440904390630092e+00
1.049440928701036668e+00
1.049440953011438138e+00
1.049440977321835611e+00
1.049441001632228421e+00
1.049441025942617234e+00
1.049441050253000274e+00
1.049441074563380205e+00
1.049441098873755918e+00
1.049441123184125413e+00
1.049441147494492022e+00
1.049441171804852857e+00
1.049441196115209696e+00
1.049441220425562982e+00
1.049441244735910939e+00
1.049441269046254233e+00
1.049441293356593308e+00
1.049441317666927276e+00
1.049441341977258135e+00
1.049441366287583222e+00
1.049441390597904311e+00
1.049441414908220738e+00
1.049441439218533390e+00
1.049441463528840712e+00
1.049441487839143594e+00
1.049441512149442257e+00
1.049441536459736035e+00
1.049441560770026260e+00
1.049441585080310713e+00
1.049441609390592278e+00
1.049441633700867627e+00
1.049441658011139422e+00
1.049441682321406333e+00
1.049441706631669247e+00
1.049441730941927498e+00
1.049441755252181085e+00
1.049441779562430010e+00
1.049441803872675161e+00
1.049441828182915648e+00
1.049441852493150584e+00
1.049441876803381524e+00
1.049441901113609132e+00
1.049441925423830968e+00
1.049441949734048585e+00
1.049441974044261761e+00
1.049441998354470718e+00
1.049442022664675456e+00
1.049442046974875087e+00
1.049442071285070055e+00
1.049442095595260582e+00
1.049442119905446447e+00
1.049442144215629424e+00
1.049442168525806629e+00
1.049442192835979171e+00
1.049442217146147494e+00
1.049442241456311375e+00
1.049442265766470594e+00
1.049442290076625817e+00
1.049442314386775932e+00
1.049442338696921384e+00
1.049442363007063062e+00
1.049442387317200742e+00
1.049442411627332206e+00
1.049442435937460560e+00
1.049442460247583364e+00
1.049442484557702837e+00
1.049442508867817647e+00
1.049442533177927350e+00
1.049442557488032390e+00
1.049442581798133434e+00
1.049442606108230036e+00
1.049442630418321976e+00
1.049442654728409918e+00
1.049442679038492532e+00
1.049442703348570927e+00
1.049442727658644658e+00
1.049442751968714171e+00
1.049442776278779688e+00
1.049442800588839653e+00
1.049442824898896287e+00
1.049442849208948036e+00
1.049442873518995123e+00
1.049442897829036880e+00
1.049442922139074641e+00
1.049442946449109071e+00
1.049442970759137506e+00
1.049442995069162610e+00
1.049443019379182607e+00
1.049443043689198163e+00
1.049443067999209500e+00
1.049443092309216174e+00
1.049443116619217964e+00
1.049443140929215534e+00
1.049443165239209108e+00
1.049443189549197353e+00
1.049443213859181601e+00
1.049443238169161852e+00
1.049443262479136774e+00
1.049443286789107033e+00
1.049443311099074405e+00
1.049443335409035338e+00
1.049443359718992941e+00
1.049443384028945436e+00
1.049443408338893491e+00
1.049443432648837549e+00
1.049443456958776721e+00
1.049443481268711231e+00
1.049443505578641300e+00
1.049443529888567816e+00
1.049443554198488782e+00
1.049443578508405084e+00
1.049443602818317611e+00
1.049443627128225698e+00
1.049443651438129343e+00
1.049443675748027660e+00
1.049443700057922202e+00
1.049443724367812081e+00
1.049443748677697519e+00
1.049443772987578738e+00
1.049443797297454628e+00
1.049443821607326077e+00
1.049443845917193530e+00
1.049443870227056541e+00
1.049443894536915556e+00
1.049443918846769019e+00
1.049443943156618264e+00
1.049443967466463734e+00
1.049443991776304097e+00
1.049444016086140241e+00
1.049444040395971278e+00
1.049444064705798318e+00
1.049444089015620696e+00
1.049444113325438854e+00
1.049444137635252128e+00
1.049444161945061404e+00
1.049444186254866240e+00
1.049444210564665969e+00
1.049444234874461923e+00
1.049444259184252104e+00
1.049444283494038732e+00
1.049444307803820919e+00
1.049444332113598000e+00
1.049444356423371527e+00
1.049444380733140614e+00
1.049444405042903927e+00
1.049444429352663688e+00
1.049444453662418564e+00
1.049444477972169665e+00
1.049444502281915437e+00
1.049444526591657434e+00
1.049444550901394546e+00
1.049444575211127217e+00
1.049444599520855670e+00
1.049444623830578793e+00
1.049444648140298142e+00
1.049444672450013050e+00
1.049444696759723517e+00
1.049444721069428432e+00
1.049444745379129573e+00
1.049444769688826939e+00
1.049444793998518533e+00
1.049444818308206795e+00
1.049444842617889506e+00
1.049444866927568665e+00
1.049444891237242494e+00
1.049444915546912105e+00
1.049444939856577719e+00
1.049444964166238448e+00
1.049444988475894514e+00
1.049445012785546583e+00
1.049445037095193767e+00
1.049445061404837176e+00
1.049445085714475034e+00
1.049445110024108674e+00
1.049445134333737872e+00
1.049445158643363296e+00
1.049445182952983391e+00
1.049445207262599267e+00
1.049445231572210258e+00
1.049445255881817030e+00
1.049445280191419805e+00
1.049445304501017917e+00
1.049445328810611588e+00
1.049445353120200153e+00
1.049445377429784276e+00
1.049445401739364625e+00
1.049445426048939423e+00
1.049445450358511112e+00
1.049445474668076805e+00
1.049445498977638724e+00
1.049445523287196425e+00
1.049445547596749906e+00
1.049445571906297614e+00
1.049445596215841547e+00
1.049445620525381484e+00
1.049445644834916758e+00
1.049445669144447146e+00
1.049445693453973094e+00
1.049445717763494379e+00
1.049445742073011667e+00
1.049445766382524514e+00
1.049445790692032032e+00
1.049445815001535554e+00
1.049445839311034412e+00
1.049445863620529718e+00
1.049445887930019916e+00
1.049445912239505008e+00
1.049445936548985880e+00
1.049445960858462978e+00
1.049445985167934525e+00
1.049446009477402519e+00
1.049446033786865629e+00
1.049446058096324519e+00
1.049446082405778524e+00
1.049446106715228533e+00
1.049446131024673434e+00
1.049446155334113895e+00
1.049446179643549915e+00
1.049446203952982160e+00
1.049446228262409742e+00
1.049446252571831995e+00
1.049446276881249585e+00
1.049446301190663622e+00
1.049446325500073440e+00
1.049446349809478374e+00
1.049446374118877756e+00
1.049446398428274030e+00
1.049446422737665419e+00
1.049446447047051922e+00
1.049446471356433985e+00
1.049446495665812051e+00
1.049446519975185232e+00
1.049446544284553973e+00
1.049446568593918494e+00
1.049446592903278130e+00
1.049446617212633548e+00
1.049446641521983858e+00
1.049446665831330838e+00
1.049446690140672267e+00
1.049446714450009699e+00
1.049446738759342690e+00
1.049446763068671462e+00
1.049446787377995349e+00
1.049446811687314574e+00
1.049446835996629135e+00
1.049446860305939477e+00
1.049446884615245823e+00
1.049446908924547506e+00
1.049446933233844304e+00
1.049446957543136438e+00
1.049446981852423910e+00
1.049447006161707385e+00
1.049447030470987086e+00
1.049447054780261457e+00
1.049447079089531165e+00
1.049447103398796877e+00
1.049447127708057925e+00
1.049447152017314311e+00
1.049447176326566478e+00
1.049447200635813537e+00
1.049447224945056600e+00
1.049447249254295444e+00
1.049447273563529404e+00
1.049447297872759144e+00
1.049447322181984221e+00
1.049447346491204636e+00
1.049447370800421053e+00
1.049447395109632586e+00
1.049447419418839234e+00
1.049447443728041662e+00
1.049447468037239872e+00
1.049447492346433863e+00
1.049447516655623192e+00
1.049447540964807191e+00
1.049447565273987415e+00
1.049447589583162976e+00
1.049447613892334541e+00
1.049447638201501443e+00
1.049447662510662793e+00
1.049447686819821035e+00
1.049447711128975058e+00
1.049447735438123530e+00
1.049447759747267339e+00
1.049447784056406707e+00
1.049447808365542079e+00
1.049447832674673675e+00
1.049447856983799054e+00
1.049447881292920437e+00
1.049447905602037601e+00
1.049447929911150990e+00
1.049447954220259493e+00
1.049447978529362668e+00
1.049448002838462068e+00
1.049448027147557028e+00
1.049448051456647324e+00
1.049448075765733401e+00
1.049448100074814816e+00
1.049448124383892011e+00
1.049448148692962990e+00
1.049448173002032192e+00
1.049448197311095177e+00
1.049448221620153721e+00
1.049448245929208490e+00
1.049448270238257708e+00
1.049448294547303817e+00
1.049448318856344597e+00
1.049448343165380271e+00
1.049448367474413057e+00
1.049448391783440071e+00
1.049448416092463310e+00
1.049448440401481664e+00
1.049448464710495577e+00
1.049448489019504827e+00
1.049448513328509636e+00
1.049448537637510448e+00
1.049448561946506597e+00
1.049448586255497418e+00
1.049448610564485129e+00
1.049448634873466624e+00
1.049448659182445676e+00
1.049448683491419176e+00
1.049448707800388014e+00
1.049448732109352411e+00
1.049448756418312811e+00
1.049448780727267660e+00
1.049448805036219179e+00
1.049448829345165146e+00
1.049448853654107117e+00
1.049448877963045756e+00
1.049448902271978623e+00
1.049448926580907493e+00
1.049448950889831034e+00
1.049448975198750356e+00
1.049448999507665681e+00
1.049449023816576121e+00
1.049449048125483008e+00
1.049449072434384123e+00
1.049449096743281240e+00
1.049449121052174583e+00
1.049449145361062374e+00
1.049449169669945947e+00
1.049449193978824857e+00
1.049449218287699992e+00
1.049449242596569798e+00
1.049449266905435607e+00
1.049449291214296975e+00
1.049449315523153237e+00
1.049449339832005945e+00
1.049449364140853547e+00
1.049449388449696929e+00
1.049449412758535205e+00
1.049449437067369928e+00
1.049449461376199766e+00
1.049449485685024941e+00
1.049449509993845897e+00
1.049449534302661746e+00
1.049449558611473821e+00
1.049449582920281232e+00
1.049449607229084425e+00
1.049449631537882066e+00
1.049449655846676155e+00
1.049449680155465803e+00
1.049449704464250122e+00
1.049449728773030888e+00
1.049449753081806991e+00
1.049449777390577765e+00
1.049449801699344542e+00
1.049449826008107101e+00
1.049449850316865218e+00
1.049449874625618451e+00
1.049449898934367464e+00
1.049449923243112259e+00
1.049449947551851947e+00
1.049449971860587416e+00
1.049449996169318000e+00
1.049450020478044143e+00
1.049450044786766734e+00
1.049450069095483995e+00
1.049450093404197260e+00
1.049450117712905639e+00
1.049450142021609578e+00
1.049450166330308853e+00
1.049450190639003688e+00
1.049450214947694748e+00
1.049450239256380479e+00
1.049450263565062436e+00
1.049450287873739507e+00
1.049450312182411693e+00
1.049450336491079883e+00
1.049450360799743409e+00
1.049450385108402717e+00
1.049450409417057362e+00
1.049450433725707565e+00
1.049450458034352662e+00
1.049450482342993984e+00
1.049450506651630866e+00
1.049450530960263084e+00
1.049450555268889973e+00
1.049450579577513087e+00
1.049450603886131539e+00
1.049450628194745994e+00
1.049450652503356007e+00
1.049450676811961136e+00
1.049450701120561824e+00
1.049450725429157627e+00
1.049450749737749655e+00
1.049450774046336798e+00
1.049450798354919945e+00
1.049450822663497762e+00
1.049450846972071583e+00
1.049450871280640962e+00
1.049450895589205235e+00
1.049450919897765289e+00
1.049450944206321346e+00
1.049450968514872296e+00
1.049450992823419471e+00
1.049451017131961317e+00
1.049451041440499832e+00
1.049451065749032574e+00
1.049451090057561764e+00
1.049451114366086291e+00
1.049451138674605488e+00
1.049451162983120689e+00
1.049451187291632115e+00
1.049451211600138434e+00
1.049451235908640090e+00
1.049451260217137305e+00
1.049451284525630079e+00
1.049451308834119301e+00
1.049451333142602527e+00
1.049451357451082423e+00
1.049451381759557211e+00
1.049451406068027559e+00
1.049451430376493466e+00
1.049451454684954710e+00
1.049451478993411291e+00
1.049451503301863875e+00
1.049451527610312018e+00
1.049451551918755721e+00
1.049451576227194316e+00
1.049451600535628693e+00
1.049451624844058850e+00
1.049451649152484123e+00
1.049451673460905621e+00
1.049451697769322234e+00
1.049451722077734184e+00
1.049451746386141249e+00
1.049451770694544539e+00
1.049451795002943610e+00
1.049451819311336687e+00
1.049451843619726654e+00
1.049451867928111737e+00
1.049451892236493045e+00
1.049451916544868357e+00
1.049451940853239895e+00
1.049451965161606992e+00
1.049451989469969648e+00
1.049452013778327863e+00
1.049452038086681416e+00
1.049452062395030971e+00
1.049452086703375198e+00
1.049452111011715427e+00
1.049452135320051216e+00
1.049452159628382342e+00
1.049452183936708582e+00
1.049452208245031271e+00
1.049452232553348185e+00
1.049452256861662436e+00
1.049452281169970247e+00
1.049452305478274949e+00
1.049452329786574545e+00
1.049452354094869699e+00
1.049452378403160191e+00
1.049452402711446908e+00
1.049452427019728296e+00
1.049452451328005242e+00
1.049452475636278637e+00
1.049452499944546480e+00
1.049452524252810770e+00
1.049452548561069287e+00
1.049452572869324474e+00
1.049452597177574775e+00
1.049452621485820414e+00
1.049452645794061389e+00
1.049452670102298368e+00
1.049452694410530906e+00
1.049452718718758781e+00
1.049452743026981771e+00
1.049452767335200987e+00
1.049452791643415317e+00
1.049452815951625428e+00
1.049452840259830877e+00
1.049452864568030996e+00
1.049452888876227785e+00
1.049452913184419689e+00
1.049452937492607374e+00
1.049452961800789952e+00
1.049452986108968089e+00
1.049453010417142451e+00
1.049453034725311484e+00
1.049453059033477187e+00
1.049453083341636894e+00
1.049453107649793049e+00
1.049453131957944318e+00
1.049453156266091147e+00
1.049453180574234645e+00
1.049453204882371704e+00
1.049453229190505654e+00
1.049453253498634497e+00
1.049453277806758456e+00
1.049453302114879527e+00
1.049453326422994603e+00
1.049453350731105683e+00
1.049453375039212100e+00
1.049453399347314519e+00
1.049453423655411832e+00
1.049453447963504704e+00
1.049453472271593579e+00
1.049453496579676903e+00
1.049453520887757119e+00
1.049453545195832671e+00
1.049453569503902894e+00
1.049453593811968899e+00
1.049453618120030240e+00
1.049453642428088029e+00
1.049453666736140489e+00
1.049453691044188508e+00
1.049453715352232530e+00
1.049453739660271223e+00
1.049453763968306141e+00
1.049453788276336397e+00
1.049453812584361767e+00
1.049453836892382697e+00
1.049453861200399407e+00
1.049453885508411677e+00
1.049453909816419728e+00
1.049453934124422894e+00
1.049453958432421397e+00
1.049453982740415681e+00
1.049454007048405524e+00
1.049454031356390704e+00
1.049454055664371666e+00
1.049454079972347520e+00
1.049454104280320044e+00
1.049454128588286572e+00
1.049454152896249770e+00
1.049454177204207639e+00
1.049454201512161511e+00
1.049454225820110720e+00
1.049454250128055710e+00
1.049454274435996259e+00
1.049454298743932146e+00
1.049454323051862925e+00
1.049454347359790596e+00
1.049454371667712493e+00
1.049454395975630394e+00
1.049454420283544076e+00
1.049454444591452651e+00
1.049454468899357451e+00
1.049454493207257366e+00
1.049454517515152396e+00
