1.000000000000000000e+00
1.000000671325835144e+00
1.000032640483721647e+00
1.000064613990853335e+00
1.000096591848018690e+00
1.000128574056007968e+00
1.000160560615609429e+00
1.000192551527613549e+00
1.000224546792809477e+00
1.000256546411987246e+00
1.000288550385937114e+00
1.000320558715449781e+00
1.000352571401315060e+00
1.000384588444324097e+00
1.000416609845267368e+00
1.000448635604935799e+00
1.000480665724121199e+00
1.000512700203614491e+00
1.000544739044207043e+00
1.000576782246691110e+00
1.000608829811858280e+00
1.000640881740501031e+00
1.000672938033411175e+00
1.000704998691381187e+00
1.000737063715203989e+00
1.000769133105672282e+00
1.000801206863578985e+00
1.000833284989717464e+00
1.000865367484880863e+00
1.000897454349862992e+00
1.000929545585457658e+00
1.000961641192458007e+00
1.000993741171658957e+00
1.001025845523854096e+00
1.001057954249838566e+00
1.001090067350406398e+00
1.001122184826352512e+00
1.001154306678472494e+00
1.001186432907560597e+00
1.001218563514412629e+00
1.001250698499824177e+00
1.001282837864590824e+00
1.001314981609508603e+00
1.001347129735373320e+00
1.001379282242981450e+00
1.001411439133129244e+00
1.001443600406613399e+00
1.001475766064231054e+00
1.001507936106778685e+00
1.001540110535053429e+00
1.001572289349852873e+00
1.001604472551974601e+00
1.001636660142216417e+00
1.001668852121375464e+00
1.001701048490250656e+00
1.001733249249639579e+00
1.001765454400341371e+00
1.001797663943154060e+00
1.001829877878876562e+00
1.001862096208307795e+00
1.001894318932247341e+00
1.001926546051494116e+00
1.001958777566847925e+00
1.001991013479107906e+00
1.002023253789074309e+00
1.002055498497547381e+00
1.002087747605327595e+00
1.002120001113214087e+00
1.002152259022009106e+00
1.002184521332512457e+00
1.002216788045525275e+00
1.002249059161848921e+00
1.002281334682284530e+00
1.002313614607633685e+00
1.002345898938698188e+00
1.002378187676279842e+00
1.002410480821180672e+00
1.002442778374203147e+00
1.002475080336149516e+00
1.002507386707822246e+00
1.002539697490024251e+00
1.002572012683558667e+00
1.002604332289228850e+00
1.002636656307837493e+00
1.002668984740188618e+00
1.002701317587086027e+00
1.002733654849333078e+00
1.002765996527734460e+00
1.002798342623093975e+00
1.002830693136216533e+00
1.002863048067906160e+00
1.002895407418968210e+00
1.002927771190207595e+00
1.002960139382429450e+00
1.002992511996438907e+00
1.003024889033041323e+00
1.003057270493043607e+00
1.003089656377250227e+00
1.003122046686468316e+00
1.003154441421503673e+00
1.003186840583162764e+00
1.003219244172252500e+00
1.003251652189579346e+00
1.003284064635950656e+00
1.003316481512173564e+00
1.003348902819054977e+00
1.003381328557403362e+00
1.003413758728026073e+00
1.003446193331730907e+00
1.003478632369326107e+00
1.003511075841619693e+00
1.003543523749420352e+00
1.003575976093537214e+00
1.003608432874778744e+00
1.003640894093953850e+00
1.003673359751871885e+00
1.003705829849342424e+00
1.003738304387174818e+00
1.003770783366179087e+00
1.003803266787165027e+00
1.003835754650943102e+00
1.003868246958323107e+00
1.003900743710115728e+00
1.003933244907132094e+00
1.003965750550182889e+00
1.003998260640079243e+00
1.004030775177631840e+00
1.004063294163652920e+00
1.004095817598953833e+00
1.004128345484346374e+00
1.004160877820642561e+00
1.004193414608654855e+00
1.004225955849194829e+00
1.004258501543076054e+00
1.004291051691110548e+00
1.004323606294111437e+00
1.004356165352892072e+00
1.004388728868265801e+00
1.004421296841045752e+00
1.004453869272045718e+00
1.004486446162079494e+00
1.004519027511961760e+00
1.004551613322505643e+00
1.004584203594526493e+00
1.004616798328838545e+00
1.004649397526256704e+00
1.004682001187595874e+00
1.004714609313671181e+00
1.004747221905298415e+00
1.004779838963292260e+00
1.004812460488469172e+00
1.004845086481644501e+00
1.004877716943635146e+00
1.004910351875256458e+00
1.004942991277326003e+00
1.004975635150659352e+00
1.005008283496074073e+00
1.005040936314386402e+00
1.005073593606414573e+00
1.005106255372975266e+00
1.005138921614886494e+00
1.005171592332965602e+00
1.005204267528031492e+00
1.005236947200901065e+00
1.005269631352393445e+00
1.005302319983327086e+00
1.005335013094520447e+00
1.005367710686792204e+00
1.005400412760962370e+00
1.005433119317849400e+00
1.005465830358273305e+00
1.005498545883053207e+00
1.005531265893009341e+00
1.005563990388961493e+00
1.005596719371730341e+00
1.005629452842135452e+00
1.005662190800997946e+00
1.005694933249138945e+00
1.005727680187378903e+00
1.005760431616538941e+00
1.005793187537440625e+00
1.005825947950905519e+00
1.005858712857755188e+00
1.005891482258811642e+00
1.005924256154897112e+00
1.005957034546833384e+00
1.005989817435443578e+00
1.006022604821549926e+00
1.006055396705975324e+00
1.006088193089543115e+00
1.006120993973075972e+00
1.006153799357397904e+00
1.006186609243332253e+00
1.006219423631702803e+00
1.006252242523333340e+00
1.006285065919048316e+00
1.006317893819672182e+00
1.006350726226028947e+00
1.006383563138944170e+00
1.006416404559242084e+00
1.006449250487748026e+00
1.006482100925287337e+00
1.006514955872685579e+00
1.006547815330768314e+00
1.006580679300361547e+00
1.006613547782291063e+00
1.006646420777383311e+00
1.006679298286464741e+00
1.006712180310361804e+00
1.006745066849901837e+00
1.006777957905911292e+00
1.006810853479217505e+00
1.006843753570647815e+00
1.006876658181030004e+00
1.006909567311191855e+00
1.006942480961960928e+00
1.006975399134166116e+00
1.007008321828634978e+00
1.007041249046196185e+00
1.007074180787678852e+00
1.007107117053912093e+00
1.007140057845723913e+00
1.007173003163944314e+00
1.007205953009403077e+00
1.007238907382929094e+00
1.007271866285353035e+00
1.007304829717504235e+00
1.007337797680213365e+00
1.007370770174310648e+00
1.007403747200627198e+00
1.007436728759993239e+00
1.007469714853239440e+00
1.007502705481198246e+00
1.007535700644699883e+00
1.007568700344576795e+00
1.007601704581659874e+00
1.007634713356781786e+00
1.007667726670774311e+00
1.007700744524469672e+00
1.007733766918700757e+00
1.007766793854300458e+00
1.007799825332100996e+00
1.007832861352935927e+00
1.007865901917638363e+00
1.007898947027042080e+00
1.007931996681980413e+00
1.007965050883287361e+00
1.007998109631797590e+00
1.008031172928344210e+00
1.008064240773762110e+00
1.008097313168886400e+00
1.008130390114551300e+00
1.008163471611592144e+00
1.008196557660844261e+00
1.008229648263142542e+00
1.008262743419323648e+00
1.008295843130221803e+00
1.008328947396674335e+00
1.008362056219516578e+00
1.008395169599585639e+00
1.008428287537716850e+00
1.008461410034748651e+00
1.008494537091516596e+00
1.008527668708858238e+00
1.008560804887611351e+00
1.008593945628612820e+00
1.008627090932700643e+00
1.008660240800712815e+00
1.008693395233487111e+00
1.008726554231862416e+00
1.008759717796676725e+00
1.008792885928768479e+00
1.008826058628977007e+00
1.008859235898141415e+00
1.008892417737100589e+00
1.008925604146694077e+00
1.008958795127761654e+00
1.008991990681143314e+00
1.009025190807678829e+00
1.009058395508208195e+00
1.009091604783572294e+00
1.009124818634611565e+00
1.009158037062166891e+00
1.009191260067078710e+00
1.009224487650189017e+00
1.009257719812338694e+00
1.009290956554369512e+00
1.009324197877123241e+00
1.009357443781441654e+00
1.009390694268166966e+00
1.009423949338141613e+00
1.009457208992207811e+00
1.009490473231209107e+00
1.009523742055987716e+00
1.009557015467386965e+00
1.009590293466250399e+00
1.009623576053421123e+00
1.009656863229742685e+00
1.009690154996059741e+00
1.009723451353216062e+00
1.009756752302055416e+00
1.009790057843423128e+00
1.009823367978163189e+00
1.009856682707120923e+00
1.009890002031140988e+00
1.009923325951069373e+00
1.009956654467750736e+00
1.009989987582031290e+00
1.010023325294756358e+00
1.010056667606772152e+00
1.010090014518925550e+00
1.010123366032062320e+00
1.010156722147028896e+00
1.010190082864673045e+00
1.010223448185840756e+00
1.010256818111379351e+00
1.010290192642137042e+00
1.010323571778960927e+00
1.010356955522698774e+00
1.010390343874198793e+00
1.010423736834308972e+00
1.010457134403877522e+00
1.010490536583753318e+00
1.010523943374785238e+00
1.010557354777821937e+00
1.010590770793712512e+00
1.010624191423307172e+00
1.010657616667454572e+00
1.010691046527004699e+00
1.010724481002807540e+00
1.010757920095713303e+00
1.010791363806572196e+00
1.010824812136235096e+00
1.010858265085552432e+00
1.010891722655375524e+00
1.010925184846554803e+00
1.010958651659941809e+00
1.010992123096388751e+00
1.011025599156746502e+00
1.011059079841867492e+00
1.011092565152603706e+00
1.011126055089807352e+00
1.011159549654331080e+00
1.011193048847027542e+00
1.011226552668749612e+00
1.011260061120350162e+00
1.011293574202682954e+00
1.011327091916601306e+00
1.011360614262958757e+00
1.011394141242609068e+00
1.011427672856406890e+00
1.011461209105205983e+00
1.011494749989860997e+00
1.011528295511226583e+00
1.011561845670158055e+00
1.011595400467509398e+00
1.011628959904137037e+00
1.011662523980895401e+00
1.011696092698641358e+00
1.011729666058230004e+00
1.011763244060517097e+00
1.011796826706359509e+00
1.011830413996613665e+00
1.011864005932135990e+00
1.011897602513783356e+00
1.011931203742412855e+00
1.011964809618881578e+00
1.011998420144047284e+00
1.012032035318767509e+00
1.012065655143899789e+00
1.012099279620302550e+00
1.012132908748833993e+00
1.012166542530352542e+00
1.012200180965716401e+00
1.012233824055785103e+00
1.012267471801417296e+00
1.012301124203471847e+00
1.012334781262808958e+00
1.012368442980287497e+00
1.012402109356767888e+00
1.012435780393110107e+00
1.012469456090174136e+00
1.012503136448820396e+00
1.012536821469909976e+00
1.012570511154303077e+00
1.012604205502860788e+00
1.012637904516444642e+00
1.012671608195915729e+00
1.012705316542136247e+00
1.012739029555967285e+00
1.012772747238271487e+00
1.012806469589910385e+00
1.012840196611747512e+00
1.012873928304644178e+00
1.012907664669464136e+00
1.012941405707070031e+00
1.012975151418324948e+00
1.013008901804092643e+00
1.013042656865236424e+00
1.013076416602620489e+00
1.013110181017108369e+00
1.013143950109564484e+00
1.013177723880853476e+00
1.013211502331839986e+00
1.013245285463388434e+00
1.013279073276363906e+00
1.013312865771631932e+00
1.013346662950057819e+00
1.013380464812506876e+00
1.013414271359845520e+00
1.013448082592938615e+00
1.013481898512654134e+00
1.013515719119857383e+00
1.013549544415414783e+00
1.013583374400193637e+00
1.013617209075061032e+00
1.013651048440884272e+00
1.013684892498529999e+00
1.013718741248866184e+00
1.013752594692761466e+00
1.013786452831082929e+00
1.013820315664699656e+00
1.013854183194479175e+00
1.013888055421290346e+00
1.013921932346002253e+00
1.013955813969483977e+00
1.013989700292604823e+00
1.014023591316233652e+00
1.014057487041240657e+00
1.014091387468495808e+00
1.014125292598868189e+00
1.014159202433229101e+00
1.014193116972448960e+00
1.014227036217397737e+00
1.014260960168946513e+00
1.014294888827966590e+00
1.014328822195329272e+00
1.014362760271905639e+00
1.014396703058567439e+00
1.014430650556186864e+00
1.014464602765635437e+00
1.014498559687786239e+00
1.014532521323511016e+00
1.014566487673682404e+00
1.014600458739174371e+00
1.014634434520858441e+00
1.014668415019609027e+00
1.014702400236298985e+00
1.014736390171802505e+00
1.014770384826993110e+00
1.014804384202744991e+00
1.014838388299932337e+00
1.014872397119430003e+00
1.014906410662112624e+00
1.014940428928854610e+00
1.014974451920531706e+00
1.015008479638018768e+00
1.015042512082191539e+00
1.015076549253925542e+00
1.015110591154096742e+00
1.015144637783581771e+00
1.015178689143256152e+00
1.015212745233997182e+00
1.015246806056680828e+00
1.015280871612184832e+00
1.015314941901385826e+00
1.015349016925161107e+00
1.015383096684388642e+00
1.015417181179945949e+00
1.015451270412710771e+00
1.015485364383561961e+00
1.015519463093377039e+00
1.015553566543035080e+00
1.015587674733414492e+00
1.015621787665395015e+00
1.015655905339855059e+00
1.015690027757674363e+00
1.015724154919732669e+00
1.015758286826909274e+00
1.015792423480084583e+00
1.015826564880138561e+00
1.015860711027952057e+00
1.015894861924405035e+00
1.015929017570379012e+00
1.015963177966754616e+00
1.015997343114413365e+00
1.016031513014236554e+00
1.016065687667105255e+00
1.016099867073902319e+00
1.016134051235509039e+00
1.016168240152808044e+00
1.016202433826681961e+00
1.016236632258013195e+00
1.016270835447684373e+00
1.016305043396579011e+00
1.016339256105580180e+00
1.016373473575571396e+00
1.016407695807436395e+00
1.016441922802059583e+00
1.016476154560324252e+00
1.016510391083115028e+00
1.016544632371316759e+00
1.016578878425813404e+00
1.016613129247490477e+00
1.016647384837233270e+00
1.016681645195926853e+00
1.016715910324456962e+00
1.016750180223709332e+00
1.016784454894569256e+00
1.016818734337923802e+00
1.016853018554658927e+00
1.016887307545661479e+00
1.016921601311817858e+00
1.016955899854015577e+00
1.016990203173141705e+00
1.017024511270083309e+00
1.017058824145728124e+00
1.017093141800964107e+00
1.017127464236679435e+00
1.017161791453762287e+00
1.017196123453100620e+00
1.017230460235583722e+00
1.017264801802100660e+00
1.017299148153539390e+00
1.017333499290790311e+00
1.017367855214742045e+00
1.017402215926285214e+00
1.017436581426308884e+00
1.017470951715703675e+00
1.017505326795359766e+00
1.017539706666167776e+00
1.017574091329018104e+00
1.017608480784801817e+00
1.017642875034410421e+00
1.017677274078735206e+00
1.017711677918667013e+00
1.017746086555098461e+00
1.017780499988921283e+00
1.017814918221027654e+00
1.017849341252309747e+00
1.017883769083660628e+00
1.017918201715972470e+00
1.017952639150138783e+00
1.017987081387052628e+00
1.018021528427607736e+00
1.018055980272697614e+00
1.018090436923215991e+00
1.018124898380056820e+00
1.018159364644114495e+00
1.018193835716283857e+00
1.018228311597458857e+00
1.018262792288535223e+00
1.018297277790407573e+00
1.018331768103970969e+00
1.018366263230122026e+00
1.018400763169755585e+00
1.018435267923767595e+00
1.018469777493054229e+00
1.018504291878512547e+00
1.018538811081038276e+00
1.018573335101528921e+00
1.018607863940880653e+00
1.018642397599991423e+00
1.018676936079758288e+00
1.018711479381078755e+00
1.018746027504851215e+00
1.018780580451973172e+00
1.018815138223343242e+00
1.018849700819859372e+00
1.018884268242421065e+00
1.018918840491926492e+00
1.018953417569275155e+00
1.018987999475366335e+00
1.019022586211099313e+00
1.019057177777373591e+00
1.019091774175089782e+00
1.019126375405147833e+00
1.019160981468448135e+00
1.019195592365890857e+00
1.019230208098377277e+00
1.019264828666807787e+00
1.019299454072084110e+00
1.019334084315107525e+00
1.019368719396779754e+00
1.019403359318002522e+00
1.019438004079678217e+00
1.019472653682708785e+00
1.019507308127996170e+00
1.019541967416443873e+00
1.019576631548954504e+00
1.019611300526431341e+00
1.019645974349777218e+00
1.019680653019896077e+00
1.019715336537692307e+00
1.019750024904068519e+00
1.019784718119929545e+00
1.019819416186179550e+00
1.019854119103723589e+00
1.019888826873466048e+00
1.019923539496311982e+00
1.019958256973167110e+00
1.019992979304936043e+00
1.020027706492525166e+00
1.020062438536839977e+00
1.020097175438786641e+00
1.020131917199271321e+00
1.020166663819200847e+00
1.020201415299481384e+00
1.020236171641020206e+00
1.020270932844724809e+00
1.020305698911502024e+00
1.020340469842259346e+00
1.020375245637905159e+00
1.020410026299346962e+00
1.020444811827492693e+00
1.020479602223251625e+00
1.020514397487531921e+00
1.020549197621242188e+00
1.020584002625291919e+00
1.020618812500590167e+00
1.020653627248046424e+00
1.020688446868570409e+00
1.020723271363071838e+00
1.020758100732461315e+00
1.020792934977648558e+00
1.020827774099545060e+00
1.020862618099060759e+00
1.020897466977106482e+00
1.020932320734594168e+00
1.020967179372435085e+00
1.021002042891540285e+00
1.021036911292821925e+00
1.021071784577192609e+00
1.021106662745563609e+00
1.021141545798848194e+00
1.021176433737958522e+00
1.021211326563808086e+00
1.021246224277309489e+00
1.021281126879376222e+00
1.021316034370921999e+00
1.021350946752860533e+00
1.021385864026105539e+00
1.021420786191571617e+00
1.021455713250172925e+00
1.021490645202824066e+00
1.021525582050440306e+00
1.021560523793936026e+00
1.021595470434226938e+00
1.021630421972228753e+00
1.021665378408856517e+00
1.021700339745026609e+00
1.021735305981655184e+00
1.021770277119658621e+00
1.021805253159952853e+00
1.021840234103455591e+00
1.021875219951082991e+00
1.021910210703753208e+00
1.021945206362383063e+00
1.021980206927890267e+00
1.022015212401192308e+00
1.022050222783208007e+00
1.022085238074855296e+00
1.022120258277052773e+00
1.022155283390718816e+00
1.022190313416773133e+00
1.022225348356134322e+00
1.022260388209721649e+00
1.022295432978455043e+00
1.022330482663254214e+00
1.022365537265039093e+00
1.022400596784730276e+00
1.022435661223247694e+00
1.022470730581512610e+00
1.022505804860445178e+00
1.022540884060967326e+00
1.022575968183999873e+00
1.022611057230464304e+00
1.022646151201282771e+00
1.022681250097376982e+00
1.022716353919669530e+00
1.022751462669082123e+00
1.022786576346538023e+00
1.022821694952959604e+00
1.022856818489270569e+00
1.022891946956393294e+00
1.022927080355252150e+00
1.022962218686770619e+00
1.022997361951872630e+00
1.023032510151482111e+00
1.023067663286523654e+00
1.023102821357921632e+00
1.023137984366601083e+00
1.023173152313487266e+00
1.023208325199504554e+00
1.023243503025579537e+00
1.023278685792637699e+00
1.023313873501604299e+00
1.023349066153405484e+00
1.023384263748968293e+00
1.023419466289218871e+00
1.023454673775084034e+00
1.023489886207490818e+00
1.023525103587366480e+00
1.023560325915638503e+00
1.023595553193234364e+00
1.023630785421081990e+00
1.023666022600109526e+00
1.023701264731245342e+00
1.023736511815417805e+00
1.023771763853555949e+00
1.023807020846588811e+00
1.023842282795444980e+00
1.023877549701054601e+00
1.023912821564346487e+00
1.023948098386251448e+00
1.023983380167698742e+00
1.024018666909618958e+00
1.024053958612942905e+00
1.024089255278601174e+00
1.024124556907524353e+00
1.024159863500644141e+00
1.024195175058891349e+00
1.024230491583198122e+00
1.024265813074495934e+00
1.024301139533717375e+00
1.024336470961794143e+00
1.024371807359658826e+00
1.024407148728244454e+00
1.024442495068483838e+00
1.024477846381310009e+00
1.024513202667656220e+00
1.024548563928456835e+00
1.024583930164644663e+00
1.024619301377154512e+00
1.024654677566920524e+00
1.024690058734876619e+00
1.024725444881958270e+00
1.024760836009100062e+00
1.024796232117237027e+00
1.024831633207304415e+00
1.024867039280238590e+00
1.024902450336974802e+00
1.024937866378448970e+00
1.024973287405597677e+00
1.025008713419357065e+00
1.025044144420664161e+00
1.025079580410455993e+00
1.025115021389668923e+00
1.025150467359241091e+00
1.025185918320109746e+00
1.025221374273213248e+00
1.025256835219489071e+00
1.025292301159875574e+00
1.025327772095311341e+00
1.025363248026734952e+00
1.025398728955085437e+00
1.025434214881302264e+00
1.025469705806324239e+00
1.025505201731091276e+00
1.025540702656543068e+00
1.025576208583619753e+00
1.025611719513261688e+00
1.025647235446409677e+00
1.025682756384003413e+00
1.025718282326984809e+00
1.025753813276294890e+00
1.025789349232874459e+00
1.025824890197665651e+00
1.025860436171610379e+00
1.025895987155650335e+00
1.025931543150728098e+00
1.025967104157785803e+00
1.026002670177766474e+00
1.026038241211613355e+00
1.026073817260269250e+00
1.026109398324677402e+00
1.026144984405781724e+00
1.026180575504525905e+00
1.026216171621854079e+00
1.026251772758710823e+00
1.026287378916040272e+00
1.026322990094787668e+00
1.026358606295897147e+00
1.026394227520314617e+00
1.026429853768985323e+00
1.026465485042854953e+00
1.026501121342869194e+00
1.026536762669974179e+00
1.026572409025116484e+00
1.026608060409242684e+00
1.026643716823299357e+00
1.026679378268233744e+00
1.026715044744992422e+00
1.026750716254523299e+00
1.026786392797774505e+00
1.026822074375693283e+00
1.026857760989227986e+00
1.026893452639327187e+00
1.026929149326939239e+00
1.026964851053012939e+00
1.027000557818497306e+00
1.027036269624341580e+00
1.027071986471495446e+00
1.027107708360908367e+00
1.027143435293530693e+00
1.027179167270312332e+00
1.027214904292203412e+00
1.027250646360154951e+00
1.027286393475117743e+00
1.027322145638043027e+00
1.027357902849881377e+00
1.027393665111585142e+00
1.027429432424105338e+00
1.027465204788395203e+00
1.027500982205405755e+00
1.027536764676089565e+00
1.027572552201399425e+00
1.027608344782288130e+00
1.027644142419709361e+00
1.027679945114616133e+00
1.027715752867962129e+00
1.027751565680700807e+00
1.027787383553786293e+00
1.027823206488172936e+00
1.027859034484815526e+00
1.027894867544667967e+00
1.027930705668686162e+00
1.027966548857824680e+00
1.028002397113039645e+00
1.028038250435285406e+00
1.028074108825518973e+00
1.028109972284696250e+00
1.028145840813772915e+00
1.028181714413706205e+00
1.028217593085452464e+00
1.028253476829968927e+00
1.028289365648213050e+00
1.028325259541141623e+00
1.028361158509712547e+00
1.028397062554884167e+00
1.028432971677614605e+00
1.028468885878861538e+00
1.028504805159584423e+00
1.028540729520741381e+00
1.028576658963292312e+00
1.028612593488195781e+00
1.028648533096411466e+00
1.028684477788899265e+00
1.028720427566619078e+00
1.028756382430531469e+00
1.028792342381596336e+00
1.028828307420774468e+00
1.028864277549027317e+00
1.028900252767315449e+00
1.028936233076600537e+00
1.028972218477843814e+00
1.029008208972007621e+00
1.029044204560053410e+00
1.029080205242944190e+00
1.029116211021641858e+00
1.029152221897109643e+00
1.029188237870310108e+00
1.029224258942206705e+00
1.029260285113762663e+00
1.029296316385942101e+00
1.029332352759708247e+00
1.029368394236025885e+00
1.029404440815859356e+00
1.029440492500172555e+00
1.029476549289931597e+00
1.029512611186099935e+00
1.029548678189644129e+00
1.029584750301528961e+00
1.029620827522720772e+00
1.029656909854185232e+00
1.029692997296888457e+00
1.029729089851797452e+00
1.029765187519878111e+00
1.029801290302098105e+00
1.029837398199423992e+00
1.029873511212823223e+00
1.029909629343264355e+00
1.029945752591713504e+00
1.029981880959140561e+00
1.030018014446512753e+00
1.030054153054798860e+00
1.030090296784967441e+00
1.030126445637988164e+00
1.030162599614829588e+00
1.030198758716461827e+00
1.030234922943853881e+00
1.030271092297976532e+00
1.030307266779799225e+00
1.030343446390292517e+00
1.030379631130427187e+00
1.030415821001174015e+00
1.030452016003504889e+00
1.030488216138390367e+00
1.030524421406801672e+00
1.030560631809712024e+00
1.030596847348092204e+00
1.030633068022914989e+00
1.030669293835152711e+00
1.030705524785778371e+00
1.030741760875764967e+00
1.030778002106085722e+00
1.030814248477713413e+00
1.030850499991622815e+00
1.030886756648787150e+00
1.030923018450180750e+00
1.030959285396778391e+00
1.030995557489554182e+00
1.031031834729483343e+00
1.031068117117541094e+00
1.031104404654702655e+00
1.031140697341943024e+00
1.031176995180238531e+00
1.031213298170565063e+00
1.031249606313898948e+00
1.031285919611216961e+00
1.031322238063495433e+00
1.031358561671711582e+00
1.031394890436842848e+00
1.031431224359866450e+00
1.031467563441760271e+00
1.031503907683501975e+00
1.031540257086070111e+00
1.031576611650443231e+00
1.031612971377599219e+00
1.031649336268517292e+00
1.031685706324177110e+00
1.031722081545557002e+00
1.031758461933637072e+00
1.031794847489397648e+00
1.031831238213817503e+00
1.031867634107878295e+00
1.031904035172559908e+00
1.031940441408843556e+00
1.031976852817709567e+00
1.032013269400139821e+00
1.032049691157115312e+00
1.032086118089617921e+00
1.032122550198629751e+00
1.032158987485133128e+00
1.032195429950109933e+00
1.032231877594543157e+00
1.032268330419415792e+00
1.032304788425711273e+00
1.032341251614412148e+00
1.032377719986502740e+00
1.032414193542966707e+00
1.032450672284787929e+00
1.032487156212951396e+00
1.032523645328441431e+00
1.032560139632242580e+00
1.032596639125340054e+00
1.032633143808719511e+00
1.032669653683365718e+00
1.032706168750265441e+00
1.032742689010403891e+00
1.032779214464767836e+00
1.032815745114343597e+00
1.032852280960117941e+00
1.032888822003077411e+00
1.032925368244209663e+00
1.032961919684502128e+00
1.032998476324942683e+00
1.033035038166518760e+00
1.033071605210218902e+00
1.033108177457031651e+00
1.033144754907945329e+00
1.033181337563948476e+00
1.033217925426031414e+00
1.033254518495182239e+00
1.033291116772391494e+00
1.033327720258648386e+00
1.033364328954943456e+00
1.033400942862267025e+00
1.033437561981608965e+00
1.033474186313960930e+00
1.033510815860313903e+00
1.033547450621658870e+00
1.033584090598987038e+00
1.033620735793290724e+00
1.033657386205561801e+00
1.033694041836792810e+00
1.033730702687975622e+00
1.033767368760103222e+00
1.033804040054168816e+00
1.033840716571165386e+00
1.033877398312086138e+00
1.033914085277925388e+00
1.033950777469676785e+00
1.033987474888334646e+00
1.034024177534893285e+00
1.034060885410347019e+00
1.034097598515691274e+00
1.034134316851921032e+00
1.034171040420031717e+00
1.034207769221018758e+00
1.034244503255878245e+00
1.034281242525606492e+00
1.034317987031199371e+00
1.034354736773653860e+00
1.034391491753966719e+00
1.034428251973134927e+00
1.034465017432155687e+00
1.034501788132026867e+00
1.034538564073746114e+00
1.034575345258311740e+00
1.034612131686721836e+00
1.034648923359975159e+00
1.034685720279070242e+00
1.034722522445006287e+00
1.034759329858782273e+00
1.034796142521398066e+00
1.034832960433853088e+00
1.034869783597147208e+00
1.034906612012280958e+00
1.034943445680255092e+00
1.034980284602069700e+00
1.035017128778726647e+00
1.035053978211226244e+00
1.035090832900570801e+00
1.035127692847762404e+00
1.035164558053802475e+00
1.035201428519693323e+00
1.035238304246438146e+00
1.035275185235038142e+00
1.035312071486494734e+00
1.035348963001814004e+00
1.035385859781996043e+00
1.035422761828049376e+00
1.035459669140975425e+00
1.035496581721778053e+00
1.035533499571460680e+00
1.035570422691028281e+00
1.035607351081487826e+00
1.035644284743843402e+00
1.035681223679099316e+00
1.035718167888260766e+00
1.035755117372333389e+00
1.035792072132325270e+00
1.035829032169243602e+00
1.035865997484094470e+00
1.035902968077884623e+00
1.035939943951615927e+00
1.035976925106302682e+00
1.036013911542950305e+00
1.036050903262563105e+00
1.036087900266154049e+00
1.036124902577387319e+00
1.036125679671355826e+00
1.036143752293739340e+00
1.036161826165774125e+00
1.036179901298759365e+00
1.036197977692816963e+00
1.036216055348065046e+00
1.036234134264613971e+00
1.036252214442586972e+00
1.036270295882103065e+00
1.036288378583278158e+00
1.036306462546227714e+00
1.036324547771072746e+00
1.036342634257929163e+00
1.036360722006914425e+00
1.036378811018146884e+00
1.036396901291743999e+00
1.036414992827822790e+00
1.036433085626500494e+00
1.036451179687895019e+00
1.036469275012124269e+00
1.036487371599306151e+00
1.036505469449557904e+00
1.036523568562997877e+00
1.036541668939744198e+00
1.036559770579914774e+00
1.036577873483627066e+00
1.036595977651000089e+00
1.036614083082151305e+00
1.036632189777197954e+00
1.036650297736257942e+00
1.036668406959448063e+00
1.036686517446886890e+00
1.036704629198693217e+00
1.036722742214983839e+00
1.036740856495877106e+00
1.036758972041491145e+00
1.036777088851944084e+00
1.036795206927354052e+00
1.036813326267838731e+00
1.036831446873516471e+00
1.036849568744504735e+00
1.036867691880922093e+00
1.036885816282885786e+00
1.036903941950514607e+00
1.036922068883926462e+00
1.036940197083238813e+00
1.036958326548570231e+00
1.036976457280038844e+00
1.036994589277762335e+00
1.037012722541859278e+00
1.037030857072448020e+00
1.037048992869646913e+00
1.037067129933573861e+00
1.037085268264347215e+00
1.037103407862084881e+00
1.037121548726904985e+00
1.037139690858926100e+00
1.037157834258265909e+00
1.037175978925043207e+00
1.037194124859376343e+00
1.037212272061383445e+00
1.037230420531182640e+00
1.037248570268892278e+00
1.037266721274630710e+00
1.037284873548516284e+00
1.037303027090667795e+00
1.037321181901203149e+00
1.037339337980241138e+00
1.037357495327899892e+00
1.037375653944297982e+00
1.037393813829553535e+00
1.037411974983785123e+00
1.037430137407111763e+00
1.037448301099651582e+00
1.037466466061523596e+00
1.037484632292846154e+00
1.037502799793736719e+00
1.037520968564314305e+00
1.037539138604697708e+00
1.037557309915005055e+00
1.037575482495355361e+00
1.037593656345867421e+00
1.037611831466659362e+00
1.037630007857850867e+00
1.037648185519558952e+00
1.037666364451903300e+00
1.037684544655001817e+00
1.037702726128973740e+00
1.037720908873937198e+00
1.037739092890011872e+00
1.037757278177316111e+00
1.037775464735968489e+00
1.037793652566087799e+00
1.037811841667792390e+00
1.037830032041201278e+00
1.037848223686433258e+00
1.037866416603607345e+00
1.037884610792842111e+00
1.037902806254257015e+00
1.037921002987969965e+00
1.037939200994101085e+00
1.037957400272767616e+00
1.037975600824089462e+00
1.037993802648185415e+00
1.038012005745174049e+00
1.038030210115174823e+00
1.038048415758306531e+00
1.038066622674688189e+00
1.038084830864438590e+00
1.038103040327676974e+00
1.038121251064521466e+00
1.038139463075091529e+00
1.038157676359506176e+00
1.038175890917884203e+00
1.038194106750345069e+00
1.038212323857007569e+00
1.038230542237990939e+00
1.038248761893414640e+00
1.038266982823396800e+00
1.038285205028057101e+00
1.038303428507515003e+00
1.038321653261889077e+00
1.038339879291298784e+00
1.038358106595863362e+00
1.038376335175702048e+00
1.038394565030933414e+00
1.038412796161677143e+00
1.038431028568052472e+00
1.038449262250179306e+00
1.038467497208176216e+00
1.038485733442162218e+00
1.038503970952257438e+00
1.038522209738580449e+00
1.038540449801251153e+00
1.038558691140388568e+00
1.038576933756111709e+00
1.038595177648540480e+00
1.038613422817793897e+00
1.038631669263991641e+00
1.038649916987252730e+00
1.038668165987696845e+00
1.038686416265443224e+00
1.038704667820611549e+00
1.038722920653321280e+00
1.038741174763691655e+00
1.038759430151842356e+00
1.038777686817892620e+00
1.038795944761962131e+00
1.038814203984171014e+00
1.038832464484637619e+00
1.038850726263482294e+00
1.038868989320824276e+00
1.038887253656783471e+00
1.038905519271479116e+00
1.038923786165030894e+00
1.038942054337558707e+00
1.038960323789181794e+00
1.038978594520019838e+00
1.038996866530192964e+00
1.039015139819820410e+00
1.039033414389021637e+00
1.039051690237916992e+00
1.039069967366625713e+00
1.039088245775267483e+00
1.039106525463962427e+00
1.039124806432830228e+00
1.039143088681990568e+00
1.039161372211563128e+00
1.039179657021668035e+00
1.039197943112424527e+00
1.039216230483953396e+00
1.039234519136373436e+00
1.039252809069804995e+00
1.039271100284367977e+00
1.039289392780182064e+00
1.039307686557367605e+00
1.039325981616043837e+00
1.039344277956330886e+00
1.039362575578349102e+00
1.039380874482217720e+00
1.039399174668057313e+00
1.039417476135988005e+00
1.039435778886129036e+00
1.039454082918601197e+00
1.039472388233523725e+00
1.039490694831017636e+00
1.039509002711201946e+00
1.039527311874197668e+00
1.039545622320124707e+00
1.039563934049102523e+00
1.039582247061252129e+00
1.039600561356692543e+00
1.039618876935545222e+00
1.039637193797928960e+00
1.039655511943964994e+00
1.039673831373773449e+00
1.039692152087473564e+00
1.039710474085186132e+00
1.039728797367031721e+00
1.039747121933129792e+00
1.039765447783601138e+00
1.039783774918565884e+00
1.039802103338144601e+00
1.039820433042456749e+00
1.039838764031623564e+00
1.039857096305764728e+00
1.039875429865001033e+00
1.039893764709452384e+00
1.039912100839239573e+00
1.039930438254482947e+00
1.039948776955302412e+00
1.039967116941818537e+00
1.039985458214152558e+00
1.040003800772423936e+00
1.040022144616753019e+00
1.040040489747261265e+00
1.040058836164068357e+00
1.040077183867294641e+00
1.040095532857061356e+00
1.040113883133488404e+00
1.040132234696696356e+00
1.040150587546806227e+00
1.040168941683938142e+00
1.040187297108212228e+00
1.040205653819750165e+00
1.040224011818671634e+00
1.040242371105097874e+00
1.040260731679149009e+00
1.040279093540946276e+00
1.040297456690609579e+00
1.040315821128259710e+00
1.040334186854017906e+00
1.040352553868004959e+00
1.040370922170340551e+00
1.040389291761146140e+00
1.040407662640542741e+00
1.040426034808650257e+00
1.040444408265590148e+00
1.040462783011482983e+00
1.040481159046449333e+00
1.040499536370610434e+00
1.040517914984086634e+00
1.040536294886999391e+00
1.040554676079468832e+00
1.040573058561615971e+00
1.040591442333562266e+00
1.040609827395428066e+00
1.040628213747334607e+00
1.040646601389402237e+00
1.040664990321752637e+00
1.040683380544506376e+00
1.040701772057784025e+00
1.040720164861707264e+00
1.040738558956397108e+00
1.040756954341973906e+00
1.040775351018558670e+00
1.040793748986273304e+00
1.040812148245237934e+00
1.040830548795574240e+00
1.040848950637403014e+00
1.040867353770845494e+00
1.040885758196022470e+00
1.040904163913055180e+00
1.040922570922065304e+00
1.040940979223172969e+00
1.040959388816499853e+00
1.040977799702167639e+00
1.040996211880296451e+00
1.041014625351008416e+00
1.041033040114424324e+00
1.041051456170665634e+00
1.041069873519853139e+00
1.041088292162108297e+00
1.041106712097552789e+00
1.041125133326307184e+00
1.041143555848493385e+00
1.041161979664232407e+00
1.041180404773645929e+00
1.041198831176854522e+00
1.041217258873980311e+00
1.041235687865143866e+00
1.041254118150467978e+00
1.041272549730072550e+00
1.041290982604079707e+00
1.041309416772610685e+00
1.041327852235786722e+00
1.041346288993729940e+00
1.041364727046561356e+00
1.041383166394402426e+00
1.041401607037374388e+00
1.041420048975599366e+00
1.041438492209198596e+00
1.041456936738293315e+00
1.041475382563005647e+00
1.041493829683456829e+00
1.041512278099768318e+00
1.041530727812061574e+00
1.041549178820459165e+00
1.041567631125081439e+00
1.041586084726051187e+00
1.041604539623488757e+00
1.041622995817517161e+00
1.041641453308257192e+00
1.041659912095830753e+00
1.041678372180359524e+00
1.041696833561965407e+00
1.041715296240770305e+00
1.041733760216895233e+00
1.041752225490462536e+00
1.041770692061593895e+00
1.041789159930411213e+00
1.041807629097035726e+00
1.041826099561590002e+00
1.041844571324195501e+00
1.041863044384973902e+00
1.041881518744047108e+00
1.041899994401537244e+00
1.041918471357566434e+00
1.041936949612256136e+00
1.041955429165728031e+00
1.041973910018104688e+00
1.041992392169507786e+00
1.042010875620058785e+00
1.042029360369880475e+00
1.042047846419094759e+00
1.042066333767822872e+00
1.042084822416187606e+00
1.042103312364310641e+00
1.042121803612313879e+00
1.042140296160319668e+00
1.042158790008450353e+00
1.042177285156827393e+00
1.042195781605573135e+00
1.042214279354809703e+00
1.042232778404659443e+00
1.042251278755244037e+00
1.042269780406685831e+00
1.042288283359107171e+00
1.042306787612630181e+00
1.042325293167376543e+00
1.042343800023469269e+00
1.042362308181030484e+00
1.042380817640182089e+00
1.042399328401045988e+00
1.042417840463745193e+00
1.042436353828402051e+00
1.042454868495137799e+00
1.042473384464075892e+00
1.042491901735338011e+00
1.042510420309046504e+00
1.042528940185324160e+00
1.042547461364293104e+00
1.042565983846075683e+00
1.042584507630794466e+00
1.042603032718571354e+00
1.042621559109529361e+00
1.042640086803790833e+00
1.042658615801477451e+00
1.042677146102712893e+00
1.042695677707618840e+00
1.042714210616318082e+00
1.042732744828933189e+00
1.042751280345586506e+00
1.042769817166399937e+00
1.042788355291497604e+00
1.042806894721000743e+00
1.042825435455032146e+00
1.042843977493714824e+00
1.042862520837171347e+00
1.042881065485523839e+00
1.042899611438895535e+00
1.042918158697408781e+00
1.042936707261186147e+00
1.042955257130350422e+00
1.042973808305024397e+00
1.042992360785330641e+00
1.043010914571391945e+00
1.043029469663331099e+00
1.043048026061270450e+00
1.043066583765333233e+00
1.043085142775642238e+00
1.043103703092320256e+00
1.043122264715489855e+00
1.043140827645273383e+00
1.043159391881794740e+00
1.043177957425176050e+00
1.043196524275540549e+00
1.043215092433010804e+00
1.043233661897710052e+00
1.043252232669760859e+00
1.043270804749286018e+00
1.043289378136409207e+00
1.043307952831252772e+00
1.043326528833939282e+00
1.043345106144592860e+00
1.043363684763335630e+00
1.043382264690290606e+00
1.043400845925581466e+00
1.043419428469330557e+00
1.043438012321661112e+00
1.043456597482696369e+00
1.043475183952559338e+00
1.043493771731373032e+00
1.043512360819260465e+00
1.043530951216344871e+00
1.043549542922749263e+00
1.043568135938597097e+00
1.043586730264011386e+00
1.043605325899115366e+00
1.043623922844031826e+00
1.043642521098884446e+00
1.043661120663796238e+00
1.043679721538890215e+00
1.043698323724290056e+00
1.043716927220118995e+00
1.043735532026499824e+00
1.043754138143556665e+00
1.043772745571411642e+00
1.043791354310189323e+00
1.043809964360012055e+00
1.043828575721003737e+00
1.043847188393287606e+00
1.043865802376986895e+00
1.043884417672225284e+00
1.043903034279126008e+00
1.043921652197812522e+00
1.043940271428407840e+00
1.043958891971035863e+00
1.043977513825820269e+00
1.043996136992884072e+00
1.044014761472350727e+00
1.044033387264344359e+00
1.044052014368987757e+00
1.044070642786404823e+00
1.044089272516719236e+00
1.044107903560054007e+00
1.044126535916533038e+00
1.044145169586280009e+00
1.044163804569418597e+00
1.044182440866072481e+00
1.044201078476364453e+00
1.044219717400419301e+00
1.044238357638359815e+00
1.044256999190310342e+00
1.044275642056394116e+00
1.044294286236735037e+00
1.044312931731456784e+00
1.044331578540682592e+00
1.044350226664537251e+00
1.044368876103143995e+00
1.044387526856626502e+00
1.044406178925108453e+00
1.044424832308713746e+00
1.044443487007566285e+00
1.044462143021790190e+00
1.044480800351508698e+00
1.044499458996845931e+00
1.044518118957925790e+00
1.044536780234872175e+00
1.044555442827809433e+00
1.044574106736860575e+00
1.044592771962149946e+00
1.044611438503801892e+00
1.044630106361939870e+00
1.044648775536688001e+00
1.044667446028170188e+00
1.044686117836510775e+00
1.044704790961832996e+00
1.044723465404262086e+00
1.044742141163921056e+00
1.044760818240934475e+00
1.044779496635426241e+00
1.044798176347520702e+00
1.044816857377341535e+00
1.044835539725013085e+00
1.044854223390659476e+00
1.044872908374404830e+00
1.044891594676373492e+00
1.044910282296689141e+00
1.044928971235476567e+00
1.044947661492859670e+00
1.044966353068962794e+00
1.044985045963909842e+00
1.045003740177825824e+00
1.045022435710833975e+00
1.045041132563059527e+00
1.045059830734625939e+00
1.045078530225658220e+00
1.045097231036280272e+00
1.045115933166616662e+00
1.045134636616791735e+00
1.045153341386929613e+00
1.045172047477154420e+00
1.045190754887591611e+00
1.045209463618364421e+00
1.045228173669598082e+00
1.045246885041416718e+00
1.045265597733944674e+00
1.045284311747306294e+00
1.045303027081626368e+00
1.045321743737029685e+00
1.045340461713640146e+00
1.045359181011582317e+00
1.045377901630981210e+00
1.045396623571960726e+00
1.045415346834646098e+00
1.045434071419161448e+00
1.045452797325631566e+00
1.045471524554181020e+00
1.045490253104934153e+00
1.045508982978016199e+00
1.045527714173551503e+00
1.045546446691664411e+00
1.045565180532480154e+00
1.045583915696123301e+00
1.045602652182718195e+00
1.045621389992389849e+00
1.045640129125262829e+00
1.045658869581462147e+00
1.045677611361112369e+00
1.045696354464338729e+00
1.045715098891265127e+00
1.045733844642017019e+00
1.045752591716719193e+00
1.045771340115496217e+00
1.045790089838473103e+00
1.045808840885775082e+00
1.045827593257526056e+00
1.045846346953852368e+00
1.045865101974877698e+00
1.045883858320727278e+00
1.045902615991526341e+00
1.045921374987399455e+00
1.045940135308472296e+00
1.045958896954868989e+00
1.045977659926714987e+00
1.045996424224135302e+00
1.046015189847254945e+00
1.046033956796198483e+00
1.046052725071091594e+00
1.046071494672059288e+00
1.046090265599226576e+00
1.046109037852718249e+00
1.046127811432659538e+00
1.046146586339175899e+00
1.046165362572392121e+00
1.046184140132433882e+00
1.046202919019425748e+00
1.046221699233493396e+00
1.046240480774761394e+00
1.046259263643355419e+00
1.046278047839400926e+00
1.046296833363022483e+00
1.046315620214345987e+00
1.046334408393496229e+00
1.046353197900599108e+00
1.046371988735779190e+00
1.046390780899162376e+00
1.046409574390873676e+00
1.046428369211038545e+00
1.046447165359782439e+00
1.046465962837230590e+00
1.046484761643508454e+00
1.046503561778741043e+00
1.046522363243054476e+00
1.046541166036573989e+00
1.046559970159424813e+00
1.046578775611732848e+00
1.046597582393622661e+00
1.046616390505220595e+00
1.046635199946651440e+00
1.046654010718041761e+00
1.046672822819516568e+00
1.046691636251200874e+00
1.046710451013220800e+00
1.046729267105702021e+00
1.046748084528769773e+00
1.046766903282550176e+00
1.046785723367168242e+00
1.046804544782749646e+00
1.046823367529420512e+00
1.046842191607306516e+00
1.046861017016532891e+00
1.046879843757225759e+00
1.046898671829510352e+00
1.046917501233513015e+00
1.046936331969358758e+00
1.046955164037173702e+00
1.046973997437083748e+00
1.046992832169214571e+00
1.047011668233692072e+00
1.047030505630642150e+00
1.047049344360190037e+00
1.047068184422462078e+00
1.047087025817584172e+00
1.047105868545682217e+00
1.047124712606881447e+00
1.047143558001308650e+00
1.047162404729089280e+00
1.047181252790349681e+00
1.047200102185215087e+00
1.047218952913811840e+00
1.047237804976266062e+00
1.047256658372703431e+00
1.047275513103250066e+00
1.047294369168032313e+00
1.047313226567175848e+00
1.047332085300806792e+00
1.047350945369051267e+00
1.047369806772035394e+00
1.047388669509884851e+00
1.047407533582726424e+00
1.047426398990685570e+00
1.047445265733889075e+00
1.047464133812462395e+00
1.047483003226532094e+00
1.047501873976224740e+00
1.047520746061665786e+00
1.047539619482981799e+00
1.047558494240299121e+00
1.047577370333743429e+00
1.047596247763441735e+00
1.047615126529520158e+00
1.047634006632104375e+00
1.047652888071321398e+00
1.047671770847297124e+00
1.047690654960157897e+00
1.047709540410030282e+00
1.047728427197040180e+00
1.047747315321315043e+00
1.047766204782979660e+00
1.047785095582161707e+00
1.047803987718987084e+00
1.047822881193582578e+00
1.047841776006074088e+00
1.047860672156588402e+00
1.047879569645252307e+00
1.047898468472191480e+00
1.047917368637532931e+00
1.047936270141403448e+00
1.047955172983928929e+00
1.047974077165236162e+00
1.047992982685452157e+00
1.048011889544702813e+00
1.048030797743115139e+00
1.048049707280815701e+00
1.048068618157931065e+00
1.048087530374587795e+00
1.048106443930913123e+00
1.048125358827032505e+00
1.048144275063073172e+00
1.048163192639162578e+00
1.048182111555426621e+00
1.048201031811992312e+00
1.048219953408985994e+00
1.048238876346535120e+00
1.048257800624766256e+00
1.048276726243805523e+00
1.048295653203780375e+00
1.048314581504817600e+00
1.048333511147043762e+00
1.048352442130585649e+00
1.048371374455570493e+00
1.048390308122125081e+00
1.048409243130376201e+00
1.048428179480450639e+00
1.048447117172475407e+00
1.048466056206577734e+00
1.048484996582883966e+00
1.048503938301521554e+00
1.048522881362617287e+00
1.048541825766298174e+00
1.048560771512691225e+00
1.048579718601923672e+00
1.048598667034122078e+00
1.048617616809414121e+00
1.048636567927926144e+00
1.048655520389785822e+00
1.048674474195119499e+00
1.048693429344055295e+00
1.048712385836719996e+00
1.048731343673240612e+00
1.048750302853744154e+00
1.048769263378357852e+00
1.048788225247208716e+00
1.048807188460424200e+00
1.048826153018132201e+00
1.048845118920459063e+00
1.048864086167531573e+00
1.048883054759478517e+00
1.048902024696425794e+00
1.048920995978501303e+00
1.048939968605832052e+00
1.048958942578545717e+00
1.048977917896769529e+00
1.048996894560630500e+00
1.049015872570256525e+00
1.049034851925775058e+00
1.049053832627312666e+00
1.049072814674997245e+00
1.049091798068956249e+00
1.049110782809317355e+00
1.049129768896207349e+00
1.049148756329754351e+00
1.049167745110085592e+00
1.049186735237328305e+00
1.049205726711610831e+00
1.049224719533059513e+00
1.049243713701802916e+00
1.049262709217967826e+00
1.049281706081682586e+00
1.049300704293074427e+00
1.049319703852270358e+00
1.049338704759398944e+00
1.049357707014587415e+00
1.049376710617963004e+00
1.049395715569654497e+00
1.049414721869788236e+00
1.049433729518492786e+00
1.049452738515895378e+00
1.049471748862124132e+00
1.049490760557306945e+00
1.049509773601570606e+00
1.049528787995043677e+00
1.049547803737854057e+00
1.049566820830128755e+00
1.049585839271996557e+00
1.049604859063584472e+00
1.049623880205020621e+00
1.049642902696433122e+00
1.049661926537949652e+00
1.049680951729697886e+00
1.049699978271805945e+00
1.049719006164401947e+00
1.049738035407613568e+00
1.049757066001568484e+00
1.049776097946395037e+00
1.049795131242221347e+00
1.049814165889174866e+00
1.049833201887384160e+00
1.049852239236976903e+00
1.049871277938080993e+00
1.049890317990824773e+00
1.049909359395336361e+00
1.049928402151743878e+00
1.049947446260174999e+00
1.049966491720758066e+00
1.049985538533621421e+00
1.050004586698892739e+00
1.050023636216700806e+00
1.050042687087173299e+00
1.050061739310438114e+00
1.050080792886624481e+00
1.050099847815859633e+00
1.050118904098272132e+00
1.050137961733990322e+00
1.050157020723142542e+00
1.050176081065856915e+00
1.050195142762261780e+00
1.050214205812485257e+00
1.050233270216655690e+00
1.050252335974901863e+00
1.050271403087351674e+00
1.050290471554133243e+00
1.050309541375375799e+00
1.050328612551207241e+00
1.050347685081755689e+00
1.050366758967150149e+00
1.050385834207518521e+00
1.050404910802989811e+00
1.050423988753692139e+00
1.050443068059753848e+00
1.050462148721303723e+00
1.050481230738470328e+00
1.050500314111382005e+00
1.050519398840167318e+00
1.050538484924954830e+00
1.050557572365873549e+00
1.050576661163051151e+00
1.050595751316617088e+00
1.050614842826699480e+00
1.050633935693427334e+00
1.050653029916928771e+00
1.050672125497332798e+00
1.050691222434768424e+00
1.050710320729363545e+00
1.050729420381247836e+00
1.050748521390549195e+00
1.050767623757397073e+00
1.050786727481919591e+00
1.050805832564245756e+00
1.050824939004504577e+00
1.050844046802824394e+00
1.050863155959334216e+00
1.050882266474163274e+00
1.050901378347439685e+00
1.050920491579292904e+00
1.050939606169851714e+00
1.050958722119244682e+00
1.050977839427601257e+00
1.050996958095049783e+00
1.051016078121719710e+00
1.051035199507739382e+00
1.051054322253238027e+00
1.051073446358345098e+00
1.051092571823189159e+00
1.051111698647899440e+00
1.051130826832604725e+00
1.051149956377434025e+00
1.051169087282516346e+00
1.051188219547981140e+00
1.051207353173957415e+00
1.051226488160573957e+00
1.051245624507959997e+00
1.051264762216244986e+00
1.051283901285557931e+00
1.051303041716027620e+00
1.051322183507783503e+00
1.051341326660955033e+00
1.051360471175670996e+00
1.051379617052060844e+00
1.051398764290253807e+00
1.051417912890378892e+00
1.051437062852565996e+00
1.051456214176943682e+00
1.051475366863641625e+00
1.051494520912788833e+00
1.051513676324515201e+00
1.051532833098949737e+00
1.051551991236221895e+00
1.051571150736460680e+00
1.051590311599796213e+00
1.051609473826357277e+00
1.051628637416273104e+00
1.051647802369674034e+00
1.051666968686689074e+00
1.051686136367447233e+00
1.051705305412078184e+00
1.051724475820712046e+00
1.051743647593477826e+00
1.051762820730505199e+00
1.051781995231923839e+00
1.051801171097862753e+00
1.051820348328452059e+00
1.051839526923821211e+00
1.051858706884099659e+00
1.051877888209417300e+00
1.051897070899903142e+00
1.051916254955687524e+00
1.051935440376900344e+00
1.051954627163670164e+00
1.051973815316127547e+00
1.051993004834402168e+00
1.052012195718623477e+00
1.052031387968921372e+00
1.052050581585425526e+00
1.052069776568265835e+00
1.052088972917571752e+00
1.052108170633473838e+00
1.052127369716101102e+00
1.052146570165583661e+00
1.052165771982050968e+00
1.052184975165633807e+00
1.052204179716461852e+00
1.052223385634664110e+00
1.052242592920371367e+00
1.052261801573713074e+00
1.052281011594819349e+00
1.052300222983820310e+00
1.052319435740846076e+00
1.052338649866025655e+00
1.052357865359490052e+00
1.052377082221369164e+00
1.052396300451792666e+00
1.052415520050890674e+00
1.052434741018793307e+00
1.052453963355630906e+00
1.052473187061532922e+00
1.052492412136630362e+00
1.052511638581052678e+00
1.052530866394929765e+00
1.052550095578393075e+00
1.052569326131571170e+00
1.052588558054595280e+00
1.052607791347595301e+00
1.052627026010701128e+00
1.052646262044043768e+00
1.052665499447752673e+00
1.052684738221958627e+00
1.052703978366791970e+00
1.052723219882382155e+00
1.052742462768860410e+00
1.052761707026357074e+00
1.052780952655001601e+00
1.052800199654924995e+00
1.052819448026257598e+00
1.052838697769129750e+00
1.052857948883672234e+00
1.052877201370014060e+00
1.052896455228287342e+00
1.052915710458621756e+00
1.052934967061147642e+00
1.052954225035995783e+00
1.052973484383296743e+00
1.052992745103180416e+00
1.053012007195778255e+00
1.053031270661219931e+00
1.053050535499636675e+00
1.053069801711158604e+00
1.053089069295916724e+00
1.053108338254040932e+00
1.053127608585662234e+00
1.053146880290911636e+00
1.053166153369919256e+00
1.053185427822815656e+00
1.053204703649732288e+00
1.053223980850799046e+00
1.053243259426147382e+00
1.053262539375907192e+00
1.053281820700209481e+00
1.053301103399185479e+00
1.053320387472965525e+00
1.053339672921680625e+00
1.053358959745461121e+00
1.053378247944438240e+00
1.053397537518742544e+00
1.053416828468505484e+00
1.053436120793857400e+00
1.053455414494928855e+00
1.053474709571851520e+00
1.053494006024755958e+00
1.053513303853772953e+00
1.053532603059033512e+00
1.053551903640668641e+00
1.053571205598809346e+00
1.053590508933586634e+00
1.053609813645131510e+00
1.053629119733574537e+00
1.053648427199047388e+00
1.053667736041680847e+00
1.053687046261605920e+00
1.053706357858953835e+00
1.053725670833855377e+00
1.053744985186442218e+00
1.053764300916845142e+00
1.053783618025195157e+00
1.053802936511623489e+00
1.053822256376261146e+00
1.053841577619239800e+00
1.053860900240690235e+00
1.053880224240744123e+00
1.053899549619532028e+00
1.053918876377186065e+00
1.053938204513836352e+00
1.053957534029615228e+00
1.053976864924653478e+00
1.053996197199082552e+00
1.054015530853033900e+00
1.054034865886638306e+00
1.054054202300027665e+00
1.054073540093333206e+00
1.054092879266686378e+00
1.054112219820218188e+00
1.054131561754060531e+00
1.054150905068345079e+00
1.054170249763202616e+00
1.054189595838764593e+00
1.054208943295163126e+00
1.054228292132529443e+00
1.054247642350994774e+00
1.054266993950691012e+00
1.054286346931749385e+00
1.054305701294301567e+00
1.054325057038479452e+00
1.054344414164414045e+00
1.054363772672237243e+00
1.054383132562080716e+00
1.054402493834076138e+00
1.054421856488355180e+00
1.054441220525049294e+00
1.054460585944290152e+00
1.054479952746209870e+00
1.054499320930939454e+00
1.054518690498611244e+00
1.054538061449356912e+00
1.054557433783308351e+00
1.054576807500596569e+00
1.054596182601353904e+00
1.054615559085712473e+00
1.054634936953803503e+00
1.054654316205759335e+00
1.054673696841711195e+00
1.054693078861791200e+00
1.054712462266132134e+00
1.054731847054864335e+00
1.054751233228121032e+00
1.054770620786033231e+00
1.054790009728733713e+00
1.054809400056353708e+00
1.054828791769025331e+00
1.054848184866881367e+00
1.054867579350052598e+00
1.054886975218672029e+00
1.054906372472871112e+00
1.054925771112782185e+00
1.054945171138537141e+00
1.054964572550268098e+00
1.054983975348107395e+00
1.055003379532187147e+00
1.055022785102639027e+00
1.055042192059595374e+00
1.055061600403188971e+00
1.055081010133551267e+00
1.055100421250814824e+00
1.055119833755111536e+00
1.055139247646573741e+00
1.055158662925334223e+00
1.055178079591524209e+00
1.055197497645276927e+00
1.055216917086724271e+00
1.055236337915998579e+00
1.055255760133231746e+00
1.055275183738556999e+00
1.055294608732106010e+00
1.055314035114011117e+00
1.055333462884405105e+00
1.055352892043420532e+00
1.055372322591189072e+00
1.055391754527843950e+00
1.055411187853516841e+00
1.055430622568340748e+00
1.055450058672448010e+00
1.055469496165970966e+00
1.055488935049042620e+00
1.055508375321795089e+00
1.055527816984360712e+00
1.055547260036872270e+00
1.055566704479462770e+00
1.055586150312264326e+00
1.055605597535409279e+00
1.055625046149030855e+00
1.055644496153261391e+00
1.055663947548233450e+00
1.055683400334080035e+00
1.055702854510933486e+00
1.055722310078927029e+00
1.055741767038192558e+00
1.055761225388863078e+00
1.055780685131071817e+00
1.055800146264951112e+00
1.055819608790633968e+00
1.055839072708252946e+00
1.055858538017940607e+00
1.055878004719830621e+00
1.055897472814054883e+00
1.055916942300747063e+00
1.055936413180039501e+00
1.055955885452065424e+00
1.055975359116957168e+00
1.055994834174848407e+00
1.056014310625871477e+00
1.056033788470159829e+00
1.056053267707846022e+00
1.056072748339062839e+00
1.056092230363944173e+00
1.056111713782621919e+00
1.056131198595229970e+00
1.056150684801901107e+00
1.056170172402768337e+00
1.056189661397964663e+00
1.056209151787623091e+00
1.056228643571877068e+00
1.056248136750859601e+00
1.056267631324703249e+00
1.056287127293542349e+00
1.056306624657509463e+00
1.056326123416737373e+00
1.056345623571359749e+00
1.056365125121509596e+00
1.056384628067320364e+00
1.056404132408925056e+00
1.056423638146457122e+00
1.056443145280050011e+00
1.056462653809836283e+00
1.056482163735950275e+00
1.056501675058524548e+00
1.056521187777692994e+00
1.056540701893588174e+00
1.056560217406344426e+00
1.056579734316094310e+00
1.056599252622971941e+00
1.056618772327110323e+00
1.056638293428643127e+00
1.056657815927703359e+00
1.056677339824424688e+00
1.056696865118941231e+00
1.056716391811385547e+00
1.056735919901891974e+00
1.056755449390593071e+00
1.056774980277623399e+00
1.056794512563115962e+00
1.056814046247204431e+00
1.056833581330022476e+00
1.056853117811703546e+00
1.056872655692381757e+00
1.056892194972190113e+00
1.056911735651262507e+00
1.056931277729732832e+00
1.056950821207734537e+00
1.056970366085401514e+00
1.056989912362867434e+00
1.057009460040265747e+00
1.057029009117730789e+00
1.057048559595395787e+00
1.057068111473394856e+00
1.057087664751861222e+00
1.057107219430929668e+00
1.057126775510733419e+00
1.057146332991406368e+00
1.057165891873082408e+00
1.057185452155895433e+00
1.057205013839979557e+00
1.057224576925468229e+00
1.057244141412496008e+00
1.057263707301196121e+00
1.057283274591703348e+00
1.057302843284150695e+00
1.057322413378673165e+00
1.057341984875403984e+00
1.057361557774477490e+00
1.057381132076027797e+00
1.057400707780188798e+00
1.057420284887094608e+00
1.057439863396879565e+00
1.057459443309677338e+00
1.057479024625622488e+00
1.057498607344848907e+00
1.057518191467490709e+00
1.057537776993682233e+00
1.057557363923557370e+00
1.057576952257250680e+00
1.057596541994896278e+00
1.057616133136628278e+00
1.057635725682580796e+00
1.057655319632888835e+00
1.057674914987685399e+00
1.057694511747106159e+00
1.057714109911284561e+00
1.057733709480354944e+00
1.057753310454452089e+00
1.057772912833710111e+00
1.057792516618263567e+00
1.057812121808246353e+00
1.057831728403793470e+00
1.057851336405039033e+00
1.057870945812117602e+00
1.057890556625163514e+00
1.057910168844311771e+00
1.057929782469695601e+00
1.057949397501450672e+00
1.057969013939711322e+00
1.057988631784611444e+00
1.058008251036286484e+00
1.058027871694870337e+00
1.058047493760498003e+00
1.058067117233303822e+00
1.058086742113422574e+00
1.058106368400988595e+00
1.058125996096136889e+00
1.058145625199002016e+00
1.058165255709718755e+00
1.058184887628421667e+00
1.058204520955245087e+00
1.058224155690324242e+00
1.058243791833793912e+00
1.058263429385788656e+00
1.058283068346443478e+00
1.058302708715892715e+00
1.058322350494271591e+00
1.058341993681714888e+00
1.058361638278357164e+00
1.058381284284333645e+00
1.058400931699779113e+00
1.058420580524828125e+00
1.058440230759615908e+00
1.058459882404277241e+00
1.058479535458947129e+00
1.058499189923760575e+00
1.058518845798852359e+00
1.058538503084357707e+00
1.058558161780411844e+00
1.058577821887149106e+00
1.058597483404704942e+00
1.058617146333214354e+00
1.058636810672812789e+00
1.058656476423634363e+00
1.058676143585814744e+00
1.058695812159489158e+00
1.058715482144792608e+00
1.058735153541860763e+00
1.058754826350827738e+00
1.058774500571829424e+00
1.058794176205000603e+00
1.058813853250476944e+00
1.058833531708393449e+00
1.058853211578885345e+00
1.058872892862088078e+00
1.058892575558136429e+00
1.058912259667166289e+00
1.058931945189312218e+00
1.058951632124710551e+00
1.058971320473496069e+00
1.058991010235803998e+00
1.059010701411769784e+00
1.059030394001529096e+00
1.059050088005216939e+00
1.059069783422968980e+00
1.059089480254920446e+00
1.059109178501207227e+00
1.059128878161964549e+00
1.059148579237327636e+00
1.059168281727432381e+00
1.059187985632413787e+00
1.059207690952407743e+00
1.059227397687550365e+00
1.059247105837976211e+00
1.059266815403821393e+00
1.059286526385221361e+00
1.059306238782311782e+00
1.059325952595228104e+00
1.059345667824106219e+00
1.059365384469081794e+00
1.059385102530290279e+00
1.059404822007868008e+00
1.059424542901949540e+00
1.059444265212671654e+00
1.059463988940169799e+00
1.059483714084579420e+00
1.059503440646036188e+00
1.059523168624676881e+00
1.059542898020636281e+00
1.059562628834050502e+00
1.059582361065055434e+00
1.059602094713786968e+00
1.059621829780381441e+00
1.059641566264973633e+00
1.059661304167700324e+00
1.059681043488696961e+00
1.059700784228099879e+00
1.059720526386045192e+00
1.059740269962668124e+00
1.059760014958105012e+00
1.059779761372491969e+00
1.059799509205965107e+00
1.059819258458660540e+00
1.059839009130713716e+00
1.059858761222261192e+00
1.059878514733438637e+00
1.059898269664382831e+00
1.059918026015229442e+00
1.059937783786114807e+00
1.059957542977174594e+00
1.059977303588545361e+00
1.059997065620363221e+00
1.060016829072764732e+00
1.060036593945885341e+00
1.060056360239862050e+00
1.060076127954830527e+00
1.060095897090927552e+00
1.060115667648288795e+00
1.060135439627050813e+00
1.060155213027350163e+00
1.060174987849322958e+00
1.060194764093105535e+00
1.060214541758833784e+00
1.060234320846645373e+00
1.060254101356675749e+00
1.060273883289061025e+00
1.060293666643938204e+00
1.060313451421443620e+00
1.060333237621713831e+00
1.060353025244885172e+00
1.060372814291094201e+00
1.060392604760477031e+00
1.060412396653170664e+00
1.060432189969311656e+00
1.060451984709036122e+00
1.060471780872481062e+00
1.060491578459783035e+00
1.060511377471077932e+00
1.060531177906503419e+00
1.060550979766195834e+00
1.060570783050291510e+00
1.060590587758927228e+00
1.060610393892239545e+00
1.060630201450365462e+00
1.060650010433441537e+00
1.060669820841604549e+00
1.060689632674991278e+00
1.060709445933738282e+00
1.060729260617982561e+00
1.060749076727860896e+00
1.060768894263510065e+00
1.060788713225066848e+00
1.060808533612668247e+00
1.060828355426451042e+00
1.060848178666552011e+00
1.060868003333108156e+00
1.060887829426256479e+00
1.060907656946133537e+00
1.060927485892876776e+00
1.060947316266622753e+00
1.060967148067508470e+00
1.060986981295671372e+00
1.061006815951248239e+00
1.061026652034375850e+00
1.061046489545191429e+00
1.061066328483831978e+00
1.061086168850434719e+00
1.061106010645136655e+00
1.061125853868075009e+00
1.061145698519386560e+00
1.061165544599208754e+00
1.061185392107678815e+00
1.061205241044933301e+00
1.061225091411110766e+00
1.061244943206346880e+00
1.061264796430779533e+00
1.061284651084546393e+00
1.061304507167783795e+00
1.061324364680629850e+00
1.061344223623221339e+00
1.061364083995695928e+00
1.061383945798190620e+00
1.061403809030842860e+00
1.061423673693789871e+00
1.061443539787169543e+00
1.061463407311118656e+00
1.061483276265774656e+00
1.061503146651275431e+00
1.061523018467758206e+00
1.061542891715360426e+00
1.061562766394219537e+00
1.061582642504472762e+00
1.061602520046257769e+00
1.061622399019712448e+00
1.061642279424974022e+00
1.061662161262179938e+00
1.061682044531468083e+00
1.061701929232975683e+00
1.061721815366840405e+00
1.061741702933200360e+00
1.061761591932192550e+00
1.061781482363954865e+00
1.061801374228624750e+00
1.061821267526340540e+00
1.061841162257239679e+00
1.061861058421459170e+00
1.061880956019137567e+00
1.061900855050412540e+00
1.061920755515421533e+00
1.061940657414302436e+00
1.061960560747193139e+00
1.061980465514231309e+00
1.062000371715554836e+00
1.062020279351301832e+00
1.062040188421609965e+00
1.062060098926616680e+00
1.062080010866460533e+00
1.062099924241279192e+00
1.062119839051210768e+00
1.062139755296392707e+00
1.062159672976963343e+00
1.062179592093061009e+00
1.062199512644823374e+00
1.062219434632387660e+00
1.062239358055893090e+00
1.062259282915477332e+00
1.062279209211278053e+00
1.062299136943433808e+00
1.062319066112082488e+00
1.062338996717362205e+00
1.062358928759411070e+00
1.062378862238367638e+00
1.062398797154369579e+00
1.062418733507555002e+00
1.062438671298062909e+00
1.062458610526030522e+00
1.062478551191596177e+00
1.062498493294898649e+00
1.062518436836076274e+00
1.062538381815266941e+00
1.062558328232608762e+00
1.062578276088240514e+00
1.062598225382300088e+00
1.062618176114926261e+00
1.062638128286257366e+00
1.062658081896431295e+00
1.062678036945587046e+00
1.062697993433862509e+00
1.062717951361396462e+00
1.062737910728327240e+00
1.062757871534793397e+00
1.062777833780933268e+00
1.062797797466885408e+00
1.062817762592788151e+00
1.062837729158780498e+00
1.062857697165000559e+00
1.062877666611587113e+00
1.062897637498678716e+00
1.062917609826413701e+00
1.062937583594930846e+00
1.062957558804368929e+00
1.062977535454866507e+00
1.062997513546561912e+00
1.063017493079594589e+00
1.063037474054102427e+00
1.063057456470224871e+00
1.063077440328099588e+00
1.063097425627866466e+00
1.063117412369663617e+00
1.063137400553630263e+00
1.063157390179904294e+00
1.063177381248625597e+00
1.063197373759932507e+00
1.063217367713963801e+00
1.063237363110858480e+00
1.063257359950755321e+00
1.063277358233793546e+00
1.063297357960111489e+00
1.063317359129848372e+00
1.063337361743143417e+00
1.063357365800135179e+00
1.063377371300962881e+00
1.063397378245765301e+00
1.063417386634681439e+00
1.063437396467850515e+00
1.063457407745411754e+00
1.063477420467503487e+00
1.063497434634265604e+00
1.063517450245836660e+00
1.063537467302356099e+00
1.063557485803962921e+00
1.063577505750796348e+00
1.063597527142995602e+00
1.063617549980699239e+00
1.063637574264046926e+00
1.063657599993178104e+00
1.063677627168231776e+00
1.063697655789347163e+00
1.063717685856663486e+00
1.063737717370319968e+00
1.063757750330456275e+00
1.063777784737211185e+00
1.063797820590724363e+00
1.063817857891135477e+00
1.063837896638582858e+00
1.063857936833206841e+00
1.063877978475146424e+00
1.063898021564541274e+00
1.063918066101530169e+00
1.063938112086253440e+00
1.063958159518850088e+00
1.063978208399459557e+00
1.063998258728221291e+00
1.064018310505274956e+00
1.064038363730760217e+00
1.064058418404816297e+00
1.064078474527582863e+00
1.064098532099199579e+00
1.064118591119806112e+00
1.064138651589542128e+00
1.064158713508546628e+00
1.064178776876959942e+00
1.064198841694921738e+00
1.064218907962571237e+00
1.064238975680048327e+00
1.064259044847492452e+00
1.064279115465044168e+00
1.064299187532842472e+00
1.064319261051027254e+00
1.064339336019738624e+00
1.064359412439115804e+00
1.064379490309299348e+00
1.064399569630428255e+00
1.064419650402643081e+00
1.064439732626083268e+00
1.064459816300889150e+00
1.064479901427200170e+00
1.064499988005155773e+00
1.064520076034897178e+00
1.064540165516563608e+00
1.064560256450294728e+00
1.064580348836230872e+00
1.064600442674512371e+00
1.064620537965278890e+00
1.064640634708670097e+00
1.064660732904826768e+00
1.064680832553888346e+00
1.064700933655995385e+00
1.064721036211287553e+00
1.064741140219905402e+00
1.064761245681988600e+00
1.064781352597677477e+00
1.064801460967112590e+00
1.064821570790433602e+00
1.064841682067780848e+00
1.064861794799294881e+00
1.064881908985115366e+00
1.064902024625382859e+00
1.064922141720237914e+00
1.064942260269819974e+00
1.064962380274270481e+00
1.064982501733728659e+00
1.065002624648335505e+00
1.065022749018231352e+00
1.065042874843556309e+00
1.065063002124450708e+00
1.065083130861055327e+00
1.065103261053510053e+00
1.065123392701955884e+00
1.065143525806532931e+00
1.065163660367382192e+00
1.065183796384642889e+00
1.065203933858456686e+00
1.065224072788964138e+00
1.065244213176305133e+00
1.065264355020620446e+00
1.065284498322051077e+00
1.065304643080736469e+00
1.065324789296818286e+00
1.065344936970437306e+00
1.065365086101733416e+00
1.065385236690847393e+00
1.065405388737920456e+00
1.065425542243092716e+00
1.065445697206504949e+00
1.065465853628298376e+00
1.065486011508613107e+00
1.065506170847590584e+00
1.065526331645370473e+00
1.065546493902094882e+00
1.065566657617903701e+00
1.065586822792938149e+00
1.065606989427339002e+00
1.065627157521247037e+00
1.065647327074803030e+00
1.065667498088148424e+00
1.065687670561423328e+00
1.065707844494768963e+00
1.065728019888326772e+00
1.065748196742237086e+00
1.065768375056641126e+00
1.065788554831680113e+00
1.065808736067494600e+00
1.065828918764226030e+00
1.065849102922014957e+00
1.065869288541002602e+00
1.065889475621330629e+00
1.065909664163139370e+00
1.065929854166570490e+00
1.065950045631764542e+00
1.065970238558863636e+00
1.065990432948007660e+00
1.066010628799338722e+00
1.066030826112997598e+00
1.066051024889125731e+00
1.066071225127864563e+00
1.066091426829354427e+00
1.066111629993737875e+00
1.066131834621155017e+00
1.066152040711747739e+00
1.066172248265657485e+00
1.066192457283025474e+00
1.066212667763992705e+00
1.066232879708700620e+00
1.066253093117291550e+00
1.066273307989905161e+00
1.066293524326684450e+00
1.066313742127770192e+00
1.066333961393303831e+00
1.066354182123426586e+00
1.066374404318280567e+00
1.066394627978006771e+00
1.066414853102747085e+00
1.066435079692643173e+00
1.066455307747836034e+00
1.066475537268467333e+00
1.066495768254678955e+00
1.066516000706612344e+00
1.066536234624409163e+00
1.066556470008210855e+00
1.066576706858159529e+00
1.066596945174396627e+00
1.066617184957063813e+00
1.066637426206302752e+00
1.066657668922255331e+00
1.066677913105062991e+00
1.066698158754867620e+00
1.066718405871811104e+00
1.066738654456035107e+00
1.066758904507681738e+00
1.066779156026892661e+00
1.066799409013809541e+00
1.066819663468574264e+00
1.066839919391328717e+00
1.066860176782215230e+00
1.066880435641375247e+00
1.066900695968950652e+00
1.066920957765083333e+00
1.066941221029916065e+00
1.066961485763589623e+00
1.066981751966247227e+00
1.067002019638030097e+00
1.067022288779080341e+00
1.067042559389540290e+00
1.067062831469551831e+00
1.067083105019256850e+00
1.067103380038798122e+00
1.067123656528317088e+00
1.067143934487956081e+00
1.067164213917857207e+00
1.067184494818162799e+00
1.067204777189015186e+00
1.067225061030556033e+00
1.067245346342928114e+00
1.067265633126273094e+00
1.067285921380733749e+00
1.067306211106452185e+00
1.067326502303570734e+00
1.067346794972231727e+00
1.067367089112577050e+00
1.067387384724749477e+00
1.067407681808892006e+00
1.067427980365145412e+00
1.067448280393653359e+00
1.067468581894557955e+00
1.067488884868001309e+00
1.067509189314126195e+00
1.067529495233074943e+00
1.067549802624990107e+00
1.067570111490014240e+00
1.067590421828289449e+00
1.067610733639958731e+00
1.067631046925164640e+00
1.067651361684049505e+00
1.067671677916755879e+00
1.067691995623426759e+00
1.067712314804204032e+00
1.067732635459231361e+00
1.067752957588650187e+00
1.067773281192604173e+00
1.067793606271235651e+00
1.067813932824686951e+00
1.067834260853101291e+00
1.067854590356621225e+00
1.067874921335389748e+00
1.067895253789549415e+00
1.067915587719242554e+00
1.067935923124612829e+00
1.067956260005803015e+00
1.067976598362955221e+00
1.067996938196212664e+00
1.068017279505718342e+00
1.068037622291615030e+00
1.068057966554045723e+00
1.068078312293152976e+00
1.068098659509080672e+00
1.068119008201970477e+00
1.068139358371966274e+00
1.068159710019210840e+00
1.068180063143847391e+00
1.068200417746018704e+00
1.068220773825867553e+00
1.068241131383537601e+00
1.068261490419171400e+00
1.068281850932912391e+00
1.068302212924903793e+00
1.068322576395288381e+00
1.068342941344209152e+00
1.068363307771809767e+00
1.068383675678233669e+00
1.068404045063622965e+00
1.068424415928121762e+00
1.068444788271873280e+00
1.068465162095020293e+00
1.068485537397706464e+00
1.068505914180075012e+00
1.068526292442268932e+00
1.068546672184432333e+00
1.068567053406707101e+00
1.068587436109238453e+00
1.068607820292168498e+00
1.068628205955640897e+00
1.068648593099799315e+00
1.068668981724786748e+00
1.068689371830747081e+00
1.068709763417823311e+00
1.068730156486159322e+00
1.068750551035898555e+00
1.068770947067184673e+00
1.068791344580160452e+00
1.068811743574970219e+00
1.068832144051757194e+00
1.068852546010665261e+00
1.068872949451837862e+00
1.068893354375417992e+00
1.068913760781550648e+00
1.068934168670378382e+00
1.068954578042045300e+00
1.068974988896694844e+00
1.068995401234470677e+00
1.069015815055517127e+00
1.069036230359976969e+00
1.069056647147994754e+00
1.069077065419714367e+00
1.069097485175278583e+00
1.069117906414832397e+00
1.069138329138519028e+00
1.069158753346481916e+00
1.069179179038865835e+00
1.069199606215814224e+00
1.069220034877470749e+00
1.069240465023979514e+00
1.069260896655484849e+00
1.069281329772129974e+00
1.069301764374059438e+00
1.069322200461417127e+00
1.069342638034346926e+00
1.069363077092992276e+00
1.069383517637498393e+00
1.069403959668008941e+00
1.069424403184667360e+00
1.069444848187618202e+00
1.069465294677005573e+00
1.069485742652973581e+00
1.069506192115666110e+00
1.069526643065227711e+00
1.069547095501802714e+00
1.069567549425534336e+00
1.069588004836568240e+00
1.069608461735047200e+00
1.069628920121116433e+00
1.069649379994919602e+00
1.069669841356601481e+00
1.069690304206306397e+00
1.069710768544178014e+00
1.069731234370361328e+00
1.069751701685000222e+00
1.069772170488239249e+00
1.069792640780222737e+00
1.069813112561095680e+00
1.069833585831001965e+00
1.069854060590085698e+00
1.069874536838491652e+00
1.069895014576364378e+00
1.069915493803848427e+00
1.069935974521088351e+00
1.069956456728228478e+00
1.069976940425413137e+00
1.069997425612787545e+00
1.070017912290495588e+00
1.070038400458682037e+00
1.070058890117491668e+00
1.070079381267069474e+00
1.070099873907559340e+00
1.070120368039106484e+00
1.070140863661855235e+00
1.070161360775950143e+00
1.070181859381536649e+00
1.070202359478759080e+00
1.070222861067761988e+00
1.070243364148690590e+00
1.070263868721688993e+00
1.070284374786902637e+00
1.070304882344476294e+00
1.070325391394554515e+00
1.070345901937282296e+00
1.070366413972804187e+00
1.070386927501265850e+00
1.070407442522811392e+00
1.070427959037586252e+00
1.070448477045734981e+00
1.070468996547403018e+00
1.070489517542734692e+00
1.070510040031875887e+00
1.070530564014970931e+00
1.070551089492165264e+00
1.070571616463603437e+00
1.070592144929430889e+00
1.070612674889792615e+00
1.070633206344833610e+00
1.070653739294699314e+00
1.070674273739534277e+00
1.070694809679484605e+00
1.070715347114694627e+00
1.070735886045310004e+00
1.070756426471475287e+00
1.070776968393336359e+00
1.070797511811038438e+00
1.070818056724726519e+00
1.070838603134546041e+00
1.070859151040642221e+00
1.070879700443160276e+00
1.070900251342245424e+00
1.070920803738043547e+00
1.070941357630699864e+00
1.070961913020359590e+00
1.070982469907167722e+00
1.071003028291270365e+00
1.071023588172812735e+00
1.071044149551940050e+00
1.071064712428798193e+00
1.071085276803532382e+00
1.071105842676288056e+00
1.071126410047210653e+00
1.071146978916446502e+00
1.071167549284140152e+00
1.071188121150437711e+00
1.071208694515484838e+00
1.071229269379426752e+00
1.071249845742409557e+00
1.071270423604578248e+00
1.071291002966079375e+00
1.071311583827057934e+00
1.071332166187659807e+00
1.071352750048030877e+00
1.071373335408316585e+00
1.071393922268663035e+00
1.071414510629215444e+00
1.071435100490120362e+00
1.071455691851523229e+00
1.071476284713569926e+00
1.071496879076405895e+00
1.071517474940177239e+00
1.071538072305030287e+00
1.071558671171110699e+00
1.071579271538563694e+00
1.071599873407536263e+00
1.071620476778173625e+00
1.071641081650622329e+00
1.071661688025027592e+00
1.071682295901535964e+00
1.071702905280293550e+00
1.071723516161445788e+00
1.071744128545139452e+00
1.071764742431519979e+00
1.071785357820734141e+00
1.071805974712927378e+00
1.071826593108246239e+00
1.071847213006836830e+00
1.071867834408845033e+00
1.071888457314417398e+00
1.071909081723700030e+00
1.071929707636839035e+00
1.071950335053980519e+00
1.071970963975270807e+00
1.071991594400856451e+00
1.072012226330883333e+00
1.072032859765498225e+00
1.072053494704846788e+00
1.072074131149076015e+00
1.072094769098331790e+00
1.072115408552760885e+00
1.072136049512509626e+00
1.072156691977724341e+00
1.072177335948550692e+00
1.072197981425136781e+00
1.072218628407627605e+00
1.072239276896170157e+00
1.072259926890911430e+00
1.072280578391997086e+00
1.072301231399574117e+00
1.072321885913788853e+00
1.072342541934788285e+00
1.072363199462718741e+00
1.072383858497726772e+00
1.072404519039958926e+00
1.072425181089561974e+00
1.072445844646682689e+00
1.072466509711467397e+00
1.072487176284063315e+00
1.072507844364616547e+00
1.072528513953274310e+00
1.072549185050183373e+00
1.072569857655489844e+00
1.072590531769341382e+00
1.072611207391884314e+00
1.072631884523265411e+00
1.072652563163631667e+00
1.072673243313129854e+00
1.072693924971906965e+00
1.072714608140109993e+00
1.072735292817885266e+00
1.072755979005380667e+00
1.072776666702741855e+00
1.072797355910116934e+00
1.072818046627652455e+00
1.072838738855495411e+00
1.072859432593793017e+00
1.072880127842692044e+00
1.072900824602339487e+00
1.072921522872882560e+00
1.072942222654468036e+00
1.072962923947244018e+00
1.072983626751356612e+00
1.073004331066953032e+00
1.073025036894181383e+00
1.073045744233187548e+00
1.073066453084119631e+00
1.073087163447124182e+00
1.073107875322349081e+00
1.073128588709941322e+00
1.073149303610047900e+00
1.073170020022816917e+00
1.073190737948394258e+00
1.073211457386928691e+00
1.073232178338566767e+00
1.073252900803455923e+00
1.073273624781743596e+00
1.073294350273577225e+00
1.073315077279104246e+00
1.073335805798472098e+00
1.073356535831828218e+00
1.073377267379320044e+00
1.073398000441094569e+00
1.073418735017300341e+00
1.073439471108083909e+00
1.073460208713593378e+00
1.073480947833975963e+00
1.073501688469379323e+00
1.073522430619951340e+00
1.073543174285839452e+00
1.073563919467190875e+00
1.073584666164153711e+00
1.073605414376875622e+00
1.073626164105504266e+00
1.073646915350187081e+00
1.073667668111072171e+00
1.073688422388306751e+00
1.073709178182038926e+00
1.073729935492416354e+00
1.073750694319586918e+00
1.073771454663698277e+00
1.073792216524898313e+00
1.073812979903335130e+00
1.073833744799156165e+00
1.073854511212509744e+00
1.073875279143543304e+00
1.073896048592404950e+00
1.073916819559242786e+00
1.073937592044204470e+00
1.073958366047438107e+00
1.073979141569091578e+00
1.073999918609312765e+00
1.074020697168249994e+00
1.074041477246051368e+00
1.074062258842864770e+00
1.074083041958838525e+00
1.074103826594120292e+00
1.074124612748857954e+00
1.074145400423200503e+00
1.074166189617295375e+00
1.074186980331291119e+00
1.074207772565335839e+00
1.074228566319577638e+00
1.074249361594164842e+00
1.074270158389245555e+00
1.074290956704968103e+00
1.074311756541481033e+00
1.074332557898931784e+00
1.074353360777469568e+00
1.074374165177242268e+00
1.074394971098398655e+00
1.074415778541086608e+00
1.074436587505454677e+00
1.074457397991651186e+00
1.074478209999824907e+00
1.074499023530123498e+00
1.074519838582696174e+00
1.074540655157691260e+00
1.074561473255257305e+00
1.074582292875542189e+00
1.074603114018695349e+00
1.074623936684864223e+00
1.074644760874198468e+00
1.074665586586846411e+00
1.074686413822955711e+00
1.074707242582676470e+00
1.074728072866156570e+00
1.074748904673544114e+00
1.074769738004988762e+00
1.074790572860638393e+00
1.074811409240642446e+00
1.074832247145149022e+00
1.074853086574307337e+00
1.074873927528265938e+00
1.074894770007173150e+00
1.074915614011179077e+00
1.074936459540430933e+00
1.074957306595078599e+00
1.074958203091893383e+00
