1.000000000000000000e+00
1.000002582935998863e+00
1.000125560380448642e+00
1.000248506760166523e+00
1.000371422071103078e+00
1.000494306308391756e+00
1.000617159467201978e+00
1.000739981542698942e+00
1.000862772530066724e+00
1.000985532424480073e+00
1.001108261221140827e+00
1.001230958915255043e+00
1.001353625502036326e+00
1.001476260976708277e+00
1.001598865334504040e+00
1.001721438570665201e+00
1.001843980680442892e+00
1.001966491659097791e+00
1.002088971501900572e+00
1.002211420204129233e+00
1.002333837761074431e+00
1.002456224168034593e+00
1.002578579420315252e+00
1.002700903513239039e+00
1.002823196442129694e+00
1.002945458202320284e+00
1.003067688789161194e+00
1.003189888198008362e+00
1.003312056424228826e+00
1.003434193463195623e+00
1.003556299310294442e+00
1.003678373960920744e+00
1.003800417410478873e+00
1.003922429654383608e+00
1.004044410688059719e+00
1.004166360506942857e+00
1.004288279106475335e+00
1.004410166482113453e+00
1.004532022629320176e+00
1.004653847543571121e+00
1.004775641220350568e+00
1.004897403655153232e+00
1.005019134843484041e+00
1.005140834780857917e+00
1.005262503462799994e+00
1.005384140884847399e+00
1.005505747042544584e+00
1.005627321931448437e+00
1.005748865547124504e+00
1.005870377885150324e+00
1.005991858941113204e+00
1.006113308710610887e+00
1.006234727189252665e+00
1.006356114372656041e+00
1.006477470256450291e+00
1.006598794836276012e+00
1.006720088107784239e+00
1.006841350066635998e+00
1.006962580708504307e+00
1.007083780029070397e+00
1.007204948024029267e+00
1.007326084689083912e+00
1.007447190019949756e+00
1.007568264012353110e+00
1.007689306662031159e+00
1.007810317964732194e+00
1.007931297916214941e+00
1.008052246512249228e+00
1.008173163748616652e+00
1.008294049621107913e+00
1.008414904125527478e+00
1.008535727257689807e+00
1.008656519013420239e+00
1.008777279388555659e+00
1.008898008378944056e+00
1.009018705980444741e+00
1.009139372188929462e+00
1.009260007000279513e+00
1.009380610410388845e+00
1.009501182415163179e+00
1.009621723010518668e+00
1.009742232192384126e+00
1.009862709956698579e+00
1.009983156299414375e+00
1.010103571216494522e+00
1.010223954703912908e+00
1.010344306757655852e+00
1.010464627373721891e+00
1.010584916548122214e+00
1.010705174276878004e+00
1.010825400556022879e+00
1.010945595381602446e+00
1.011065758749676080e+00
1.011185890656311814e+00
1.011305991097592116e+00
1.011426060069610555e+00
1.011546097568473579e+00
1.011666103590299404e+00
1.011786078131218680e+00
1.011906021187374494e+00
1.012025932754920587e+00
1.012145812830024694e+00
1.012265661408866535e+00
1.012385478487638935e+00
1.012505264062545596e+00
1.012625018129804433e+00
1.012744740685644018e+00
1.012864431726308023e+00
1.012984091248049001e+00
1.013103719247136159e+00
1.013223315719849582e+00
1.013342880662481127e+00
1.013462414071337303e+00
1.013581915942736833e+00
1.013701386273010652e+00
1.013820825058503905e+00
1.013940232295573507e+00
1.014059607980589917e+00
1.014178952109936027e+00
1.014298264680009165e+00
1.014417545687218869e+00
1.014536795127987334e+00
1.014656012998750745e+00
1.014775199295959052e+00
1.014894354016073752e+00
1.015013477155570776e+00
1.015132568710939820e+00
1.015251628678683904e+00
1.015370657055319148e+00
1.015489653837375439e+00
1.015608619021395986e+00
1.015727552603938655e+00
1.015846454581572855e+00
1.015965324950883542e+00
1.016084163708468990e+00
1.016202970850941023e+00
1.016321746374925672e+00
1.016440490277062514e+00
1.016559202554005115e+00
1.016677883202421917e+00
1.016796532218993576e+00
1.016915149600416068e+00
1.017033735343400247e+00
1.017152289444669400e+00
1.017270811900961469e+00
1.017389302709029941e+00
1.017507761865642291e+00
1.017626189367578204e+00
1.017744585211634467e+00
1.017862949394620964e+00
1.017981281913362457e+00
1.018099582764698585e+00
1.018217851945482977e+00
1.018336089452584359e+00
1.018454295282886335e+00
1.018572469433286276e+00
1.018690611900697096e+00
1.018808722682046586e+00
1.018926801774277635e+00
1.019044849174347789e+00
1.019162864879229247e+00
1.019280848885909974e+00
1.019398801191393478e+00
1.019516721792696146e+00
1.019634610686851905e+00
1.019752467870908896e+00
1.019870293341931466e+00
1.019988087096998397e+00
1.020105849133204234e+00
1.020223579447658846e+00
1.020341278037488308e+00
1.020458944899833131e+00
1.020576580031849812e+00
1.020694183430711277e+00
1.020811755093605333e+00
1.020929295017735772e+00
1.021046803200322817e+00
1.021164279638602013e+00
1.021281724329825336e+00
1.021399137271259194e+00
1.021516518460187761e+00
1.021633867893911418e+00
1.021751185569745424e+00
1.021868471485022134e+00
1.021985725637089892e+00
1.022102948023313473e+00
1.022220138641074971e+00
1.022337297487770469e+00
1.022454424560814701e+00
1.022571519857637945e+00
1.022688583375688021e+00
1.022805615112428512e+00
1.022922615065340102e+00
1.023039583231919902e+00
1.023156519609682791e+00
1.023273424196158965e+00
1.023390296988897274e+00
1.023507137985462334e+00
1.023623947183436522e+00
1.023740724580418426e+00
1.023857470174025508e+00
1.023974183961891216e+00
1.024090865941665651e+00
1.024207516111017569e+00
1.024324134467632375e+00
1.024440721009214128e+00
1.024557275733482875e+00
1.024673798638177091e+00
1.024790289721052794e+00
1.024906748979883986e+00
1.025023176412461323e+00
1.025139572016594558e+00
1.025255935790110540e+00
1.025372267730854769e+00
1.025488567836690068e+00
1.025604836105498130e+00
1.025721072535177969e+00
1.025837277123647695e+00
1.025953449868842293e+00
1.026069590768715845e+00
1.026185699821241748e+00
1.026301777024410500e+00
1.026417822376231470e+00
1.026533835874733125e+00
1.026649817517961694e+00
1.026765767303983834e+00
1.026881685230882413e+00
1.026997571296760947e+00
1.027113425499740940e+00
1.027229247837963877e+00
1.027345038309589453e+00
1.027460796912796681e+00
1.027576523645783446e+00
1.027692218506767619e+00
1.027807881493985498e+00
1.027923512605693368e+00
1.028039111840166608e+00
1.028154679195700139e+00
1.028270214670608196e+00
1.028385718263225446e+00
1.028501189971906316e+00
1.028616629795022552e+00
1.028732037730968774e+00
1.028847413778157804e+00
1.028962757935023786e+00
1.029078070200019290e+00
1.029193350571617760e+00
1.029308599048312844e+00
1.029423815628619288e+00
1.029539000311069818e+00
1.029654153094220037e+00
1.029769273976644195e+00
1.029884362956938526e+00
1.029999420033718138e+00
1.030114445205620566e+00
1.030229438471303105e+00
1.030344399829444813e+00
1.030459329278743619e+00
1.030574226817920103e+00
1.030689092445715271e+00
1.030803926160891448e+00
1.030918727962231385e+00
1.031033497848539815e+00
1.031148235818644565e+00
1.031262941871392558e+00
1.031377616005651587e+00
1.031492258220312097e+00
1.031606868514286068e+00
1.031721446886507021e+00
1.031835993335930679e+00
1.031950507861534749e+00
1.032064990462319143e+00
1.032179441137304643e+00
1.032293859885533793e+00
1.032408246706072230e+00
1.032522601598008016e+00
1.032636924560450753e+00
1.032751215592533134e+00
1.032865474693410501e+00
1.032979701862260180e+00
1.033093897098282143e+00
1.033208060400698569e+00
1.033322191768755172e+00
1.033436291201719870e+00
1.033550358698884564e+00
1.033664394259563579e+00
1.033778397883094113e+00
1.033892369568836456e+00
1.034006309316175098e+00
1.034120217124515850e+00
1.034234092993289833e+00
1.034347936921950595e+00
1.034461748909977219e+00
1.034575528956870993e+00
1.034689277062156298e+00
1.034802993225383050e+00
1.034916677446122479e+00
1.035030329723972242e+00
1.035143950058552642e+00
1.035257538449509518e+00
1.035371094896512689e+00
1.035484619399255291e+00
1.035598111957455547e+00
1.035711572570856109e+00
1.035825001239223608e+00
1.035938397962350210e+00
1.036051762740052284e+00
1.036165095572173511e+00
1.036278396458579332e+00
1.036391665399161610e+00
1.036504902393836414e+00
1.036618107442546677e+00
1.036731280545258427e+00
1.036844421701964780e+00
1.036957530912684389e+00
1.037070608177461217e+00
1.037183653496363878e+00
1.037296666869488071e+00
1.037409648296954368e+00
1.037522597778910427e+00
1.037635515315527668e+00
1.037748400907006152e+00
1.037861254553573032e+00
1.037974076255478328e+00
1.038086866013000487e+00
1.038199623826443929e+00
1.038312349696139947e+00
1.038425043622446697e+00
1.038537705605747874e+00
1.038650335646456480e+00
1.038762933745010164e+00
1.038875499901874777e+00
1.038988034117542814e+00
1.039100536392534524e+00
1.039213006727397248e+00
1.039325445122704750e+00
1.039437851579061212e+00
1.039550226097097019e+00
1.039662568677469423e+00
1.039774879320864098e+00
1.039887158027994696e+00
1.039999404799602623e+00
1.040111619636458595e+00
1.040223802539359532e+00
1.040335953509133882e+00
1.040448072546635405e+00
1.040560159652748062e+00
1.040672214828383790e+00
1.040784238074483836e+00
1.040896229392017203e+00
1.041008188781983756e+00
1.041120116245412008e+00
1.041232011783358891e+00
1.041343875396910867e+00
1.041455707087183047e+00
1.041567506855321623e+00
1.041679274702500990e+00
1.041791010629925740e+00
1.041902714638831995e+00
1.042014386730483189e+00
1.042126026906173841e+00
1.042237635167228893e+00
1.042349211515002816e+00
1.042460755950880946e+00
1.042572268476279040e+00
1.042683749092643941e+00
1.042795197801454243e+00
1.042906614604216076e+00
1.043017999502469095e+00
1.043129352497782714e+00
1.043240673591757872e+00
1.043351962786027043e+00
1.043463220082253784e+00
1.043574445482136293e+00
1.043685638987401409e+00
1.043796800599805508e+00
1.043907930321140043e+00
1.044019028153226669e+00
1.044130094097919903e+00
1.044241128157106013e+00
1.044352130332703688e+00
1.044463100626664032e+00
1.044574039040970570e+00
1.044684945577638135e+00
1.044795820238725748e+00
1.044906663026312632e+00
1.045017473942510877e+00
1.045128252989468320e+00
1.045239000169366772e+00
1.045349715484420683e+00
1.045460398936876922e+00
1.045571050529017443e+00
1.045681670263157059e+00
1.045792258141644337e+00
1.045902814166861594e+00
1.046013338341245547e+00
1.046123830667244237e+00
1.046234291147337014e+00
1.046344719784044086e+00
1.046455116579921407e+00
1.046565481537559128e+00
1.046675814659581816e+00
1.046786115948649565e+00
1.046896385407457108e+00
1.047006623038734263e+00
1.047116828845246594e+00
1.047227002829810516e+00
1.047337144995261982e+00
1.047447255344467587e+00
1.047557333880336561e+00
1.047667380605814103e+00
1.047777395523882049e+00
1.047887378637557543e+00
1.047997329949895473e+00
1.048107249463985591e+00
1.048217137182955172e+00
1.048326993109968353e+00
1.048436817248238562e+00
1.048546609601005430e+00
1.048656370171539010e+00
1.048766098963152649e+00
1.048875795979198777e+00
1.048985461223065352e+00
1.049095094698179409e+00
1.049204696408005955e+00
1.049314266356047520e+00
1.049423804545845496e+00
1.049533310980978795e+00
1.049642785665070299e+00
1.049752228601776416e+00
1.049861639794790857e+00
1.049971019247847748e+00
1.050080366964720513e+00
1.050189682949221881e+00
1.050298967205203882e+00
1.050408219736557625e+00
1.050517440547214632e+00
1.050626629641144172e+00
1.050735787022357481e+00
1.050844912694923305e+00
1.050954006662941920e+00
1.051063068930531585e+00
1.051172099501866519e+00
1.051281098381161128e+00
1.051390065572671340e+00
1.051499001080692830e+00
1.051607904909563240e+00
1.051716777063662400e+00
1.051825617547410108e+00
1.051934426365268571e+00
1.052043203521747294e+00
1.052151949021395305e+00
1.052260662868797603e+00
1.052369345068583151e+00
1.052477995625425988e+00
1.052586614544042343e+00
1.052695201829190186e+00
1.052803757485671232e+00
1.052912281518329607e+00
1.053020773932053178e+00
1.053129234731773112e+00
1.053237663922478085e+00
1.053346061509203846e+00
1.053454427496996360e+00
1.053562761890963984e+00
1.053671064696259485e+00
1.053779335918080262e+00
1.053887575561668344e+00
1.053995783632310834e+00
1.054103960135338136e+00
1.054212105076127948e+00
1.054320218460102376e+00
1.054428300292731047e+00
1.054536350579530879e+00
1.054644369326057651e+00
1.054752356537916436e+00
1.054860312220759377e+00
1.054968236380283031e+00
1.055076129022231912e+00
1.055183990152396944e+00
1.055291819776615458e+00
1.055399617900771858e+00
1.055507384530797399e+00
1.055615119672684177e+00
1.055722823332484239e+00
1.055830495516250966e+00
1.055938136230108793e+00
1.056045745480231002e+00
1.056153323272838840e+00
1.056260869614201958e+00
1.056368384510639524e+00
1.056475867968519111e+00
1.056583319994256254e+00
1.056690740594317335e+00
1.056798129775220030e+00
1.056905487543534861e+00
1.057012813905872095e+00
1.057120108868896846e+00
1.057227372439325075e+00
1.057334604623922480e+00
1.057441805429504500e+00
1.057548974862938751e+00
1.057656112931143255e+00
1.057763219641086883e+00
1.057870294999789573e+00
1.057977339014333218e+00
1.058084351691881420e+00
1.058191333039580906e+00
1.058298283064662115e+00
1.058405201774408777e+00
1.058512089176156801e+00
1.058618945277295609e+00
1.058725770085267026e+00
1.058832563607566168e+00
1.058939325851742108e+00
1.059046056825397875e+00
1.059152756536189788e+00
1.059259424991836340e+00
1.059366062200097325e+00
1.059472668168791820e+00
1.059579242905794860e+00
1.059685786419035214e+00
1.059792298716498049e+00
1.059898779806221603e+00
1.060005229696301621e+00
1.060111648394888917e+00
1.060218035910189815e+00
1.060324392250471925e+00
1.060430717424109437e+00
1.060537011439441235e+00
1.060643274304904571e+00
1.060749506028991540e+00
1.060855706620253969e+00
1.060961876087300526e+00
1.061068014438797835e+00
1.061174121683470473e+00
1.061280197830101413e+00
1.061386242887532028e+00
1.061492256864663419e+00
1.061598239770461749e+00
1.061704191613940917e+00
1.061810112404178552e+00
1.061916002150313343e+00
1.062021860861542821e+00
1.062127688547124693e+00
1.062233485216377504e+00
1.062339250878679753e+00
1.062444985543470333e+00
1.062550689220249867e+00
1.062656361918579595e+00
1.062762003648152875e+00
1.062867614418611106e+00
1.062973194239704711e+00
1.063078743121246950e+00
1.063184261073114811e+00
1.063289748105246346e+00
1.063395204227644886e+00
1.063500629450375490e+00
1.063606023783568277e+00
1.063711387237416206e+00
1.063816719822176848e+00
1.063922021548205255e+00
1.064027292425868021e+00
1.064132532465614789e+00
1.064237741677964033e+00
1.064342920073499066e+00
1.064448067662868258e+00
1.064553184456786372e+00
1.064658270466033896e+00
1.064763325701457708e+00
1.064868350173971745e+00
1.064973343894555002e+00
1.065078306874254865e+00
1.065183239124185999e+00
1.065288140655530125e+00
1.065393011479536689e+00
1.065497851607522639e+00
1.065602661050929711e+00
1.065707439821333979e+00
1.065812187930137878e+00
1.065916905388940128e+00
1.066021592209408286e+00
1.066126248403280519e+00
1.066230873982363825e+00
1.066335468958536703e+00
1.066440033343747595e+00
1.066544567150014888e+00
1.066649070389428688e+00
1.066753543074150601e+00
1.066857985216413063e+00
1.066962396828520454e+00
1.067066777922849097e+00
1.067171128511847478e+00
1.067275448608036470e+00
1.067379738224280894e+00
1.067483997373239291e+00
1.067588226067513135e+00
1.067692424319930167e+00
1.067796592143392731e+00
1.067900729550878225e+00
1.068004836555439097e+00
1.068108913170203289e+00
1.068212959408373353e+00
1.068316975283228887e+00
1.068420960808125653e+00
1.068524915996495350e+00
1.068628840861846507e+00
1.068732735417764923e+00
1.068836599677913224e+00
1.068940433656032418e+00
1.069044237365939676e+00
1.069148010821965533e+00
1.069251754037788160e+00
1.069355467027451878e+00
1.069459149805103815e+00
1.069562802384971478e+00
1.069666424781362091e+00
1.069770017008664587e+00
1.069873579081346948e+00
1.069977111013960203e+00
1.070080612821136201e+00
1.070184084517588730e+00
1.070287526118113730e+00
1.070390937637589523e+00
1.070494319090978141e+00
1.070597670493322218e+00
1.070700991859749873e+00
1.070804283205592844e+00
1.070907544546409129e+00
1.071010775897316192e+00
1.071113977273792761e+00
1.071217148691402832e+00
1.071320290165797440e+00
1.071423401712712442e+00
1.071526483347971404e+00
1.071629535087484930e+00
1.071732556947250892e+00
1.071835548943354643e+00
1.071938511091969914e+00
1.072041443409358141e+00
1.072144345911870467e+00
1.072247218615945297e+00
1.072350061538112076e+00
1.072452874694988845e+00
1.072555658103290677e+00
1.072658411779815468e+00
1.072761135741449712e+00
1.072863830005172936e+00
1.072966494588057484e+00
1.073069129507265629e+00
1.073171734780052455e+00
1.073274310423765643e+00
1.073376856455844575e+00
1.073479372893822115e+00
1.073581859755323720e+00
1.073684317058068771e+00
1.073786744819870798e+00
1.073889143058635698e+00
1.073991511792366182e+00
1.074093851039157999e+00
1.074196160817203261e+00
1.074298441145913774e+00
1.074400692042899896e+00
1.074502913526621528e+00
1.074605105615693779e+00
1.074707268328828347e+00
1.074809401684839516e+00
1.074911505702639714e+00
1.075013580401242619e+00
1.075115625799762276e+00
1.075217641917414202e+00
1.075319628773515390e+00
1.075421586387484085e+00
1.075523514778841339e+00
1.075625413967211008e+00
1.075727283972320203e+00
1.075829124813999504e+00
1.075930936512062397e+00
1.076032719086288170e+00
1.076134472557078947e+00
1.076236196944667212e+00
1.076337892269392027e+00
1.076439558551695708e+00
1.076541195812126483e+00
1.076642804071338277e+00
1.076744383350090706e+00
1.076845933669249300e+00
1.076947455049787505e+00
1.077048947512783794e+00
1.077150411079425663e+00
1.077251845771008076e+00
1.077353251608933693e+00
1.077454628614714194e+00
1.077555976809969396e+00
1.077657296217758187e+00
1.077758586859868029e+00
1.077859848757579009e+00
1.077961081933023424e+00
1.078062286408448811e+00
1.078163462206217726e+00
1.078264609348809744e+00
1.078365727858821232e+00
1.078466817758965579e+00
1.078567879072074298e+00
1.078668911821096588e+00
1.078769916029100884e+00
1.078870891719275305e+00
1.078971838914926540e+00
1.079072757639483182e+00
1.079173647916493284e+00
1.079274509769627244e+00
1.079375343220488448e+00
1.079476148294495674e+00
1.079576925015720112e+00
1.079677673408244942e+00
1.079778393496273248e+00
1.079879085304126907e+00
1.079979748856247257e+00
1.080080384177196207e+00
1.080180991291655568e+00
1.080281570224427723e+00
1.080382121000436291e+00
1.080482643644726570e+00
1.080583138182465319e+00
1.080683604638941642e+00
1.080784043039566988e+00
1.080884453409876267e+00
1.080984835776958031e+00
1.081085190169639887e+00
1.081185516610780883e+00
1.081285815126584282e+00
1.081386085743389236e+00
1.081486328487671233e+00
1.081586543386043653e+00
1.081686730465257762e+00
1.081786889752202496e+00
1.081887021273907346e+00
1.081987125057541466e+00
1.082087201130414789e+00
1.082187249519978467e+00
1.082287270253825984e+00
1.082387263359693153e+00
1.082487228865460116e+00
1.082587166799149792e+00
1.082687077184223856e+00
1.082786960049202829e+00
1.082886815424894955e+00
1.082986643339650445e+00
1.083086443821951184e+00
1.083186216900409393e+00
1.083285962603769637e+00
1.083385680960906372e+00
1.083485372000827951e+00
1.083585035752673953e+00
1.083684672245716296e+00
1.083784281509359460e+00
1.083883863573140705e+00
1.083983418466730297e+00
1.084082946219931953e+00
1.084182446862681504e+00
1.084281920425050227e+00
1.084381366948877767e+00
1.084480786456470947e+00
1.084580178978140630e+00
1.084679544544897123e+00
1.084778883187911713e+00
1.084878194938515561e+00
1.084977479828203473e+00
1.085076737888632570e+00
1.085175969151624509e+00
1.085275173649165481e+00
1.085374351413407989e+00
1.085473502476671293e+00
1.085572626871442292e+00
1.085671724630375978e+00
1.085770795786298315e+00
1.085869840372204242e+00
1.085968858419656957e+00
1.086067849958620268e+00
1.086166815025992216e+00
1.086265753655266231e+00
1.086364665880099389e+00
1.086463551734309974e+00
1.086562411251881244e+00
1.086661244466960774e+00
1.086760051413861117e+00
1.086858832127059582e+00
1.086957586641199791e+00
1.087056314991092343e+00
1.087155017211714592e+00
1.087253693338211091e+00
1.087352343405895816e+00
1.087450967450250605e+00
1.087549565506927607e+00
1.087648137612364785e+00
1.087746683802524261e+00
1.087845204113264241e+00
1.087943698580953855e+00
1.088042167242135205e+00
1.088140610133526920e+00
1.088239027292023042e+00
1.088337418754693475e+00
1.088435784558785979e+00
1.088534124741724840e+00
1.088632439341113312e+00
1.088730728394733616e+00
1.088828991940546276e+00
1.088927230016693670e+00
1.089025442661497811e+00
1.089123629913462565e+00
1.089221791811273432e+00
1.089319928390253267e+00
1.089418039691908646e+00
1.089516125755519482e+00
1.089614186620382119e+00
1.089712222325972091e+00
1.089810232911942345e+00
1.089908218418123242e+00
1.090006178884525223e+00
1.090104114351336362e+00
1.090202024858925478e+00
1.090299910447839471e+00
1.090397771158807538e+00
1.090495607032738734e+00
1.090593418110722856e+00
1.090691204434032224e+00
1.090788966044120123e+00
1.090886702985243151e+00
1.090984415304668165e+00
1.091082103038917728e+00
1.091179766230491843e+00
1.091277404922094796e+00
1.091375019156636261e+00
1.091472608977232417e+00
1.091570174427207274e+00
1.091667715550092677e+00
1.091765232389630746e+00
1.091862724989772770e+00
1.091960193394682532e+00
1.092057637648736090e+00
1.092155057796522444e+00
1.092252453882845531e+00
1.092349825952724673e+00
1.092447174051394798e+00
1.092544498225565208e+00
1.092641798520838092e+00
1.092739074982487457e+00
1.092836327656692808e+00
1.092933556589858357e+00
1.093030761828615249e+00
1.093127943419823556e+00
1.093225101410571387e+00
1.093322235848177559e+00
1.093419346780191370e+00
1.093516434254395486e+00
1.093613498318805277e+00
1.093710539021671480e+00
1.093807556411479753e+00
1.093904550536953346e+00
1.094001521447053094e+00
1.094098469190978529e+00
1.094195393809271222e+00
1.094292295357791822e+00
1.094389173886560318e+00
1.094486029445436159e+00
1.094582862084504837e+00
1.094679671854076997e+00
1.094776458804689989e+00
1.094873222987106320e+00
1.094969964452318312e+00
1.095066683251544548e+00
1.095163379436232542e+00
1.095260053058059624e+00
1.095356704168931605e+00
1.095453332820985670e+00
1.095549939066589484e+00
1.095646522958341418e+00
1.095743084549041679e+00
1.095839623891689651e+00
1.095936141039646650e+00
1.096032636046439190e+00
1.096129108965827825e+00
1.096225559851807807e+00
1.096321988758609978e+00
1.096418395740699880e+00
1.096514780852779758e+00
1.096611144149789441e+00
1.096707485686905681e+00
1.096803805519543262e+00
1.096900103703355223e+00
1.096996380294234408e+00
1.097092635348313250e+00
1.097188868921963545e+00
1.097285081071798674e+00
1.097381271857224450e+00
1.097477441337192827e+00
1.097573589568953789e+00
1.097669716611101132e+00
1.097765822522582146e+00
1.097861907362704059e+00
1.097957971191136473e+00
1.098054014061340400e+00
1.098150036033987753e+00
1.098246037169498646e+00
1.098342017527296433e+00
1.098437977166962787e+00
1.098533916148232148e+00
1.098629834530983285e+00
1.098725732385313014e+00
1.098821609767591578e+00
1.098917466739840920e+00
1.099013303364543725e+00
1.099109119704584359e+00
1.099204915823259299e+00
1.099300691782292505e+00
1.099396447634056084e+00
1.099492183447692062e+00
1.099587899285615844e+00
1.099683595210312337e+00
1.099779271284321736e+00
1.099874927570224870e+00
1.099970564137357609e+00
1.100066181061798209e+00
1.100161778401046675e+00
1.100257356221908456e+00
1.100352914591775644e+00
1.100448453578652730e+00
1.100543973251179031e+00
1.100639473666094048e+00
1.100734954884110772e+00
1.100830416979269977e+00
1.100925860017944347e+00
1.101021284066531214e+00
1.101116689191429243e+00
1.101212075459017115e+00
1.101307442947275561e+00
1.101402791723789631e+00
1.101498121854515455e+00
1.101593433408945444e+00
1.101688726456933054e+00
1.101784001068703445e+00
1.101879257314859473e+00
1.101974495258957409e+00
1.102069714975381975e+00
1.102164916535656181e+00
1.102260100011078325e+00
1.102355265473265566e+00
1.102450412994151030e+00
1.102545542645986254e+00
1.102640654501339856e+00
1.102735748633098867e+00
1.102830825114467395e+00
1.102925884026242365e+00
1.103020925442442568e+00
1.103115949434455567e+00
1.103210956077419702e+00
1.103305945446824587e+00
1.103400917618514221e+00
1.103495872668683875e+00
1.103590810673882983e+00
1.103685731711013362e+00
1.103780635857329662e+00
1.103875523186720997e+00
1.103970393771945613e+00
1.104065247696083940e+00
1.104160085037197980e+00
1.104254905873668591e+00
1.104349710284193486e+00
1.104444498347788794e+00
1.104539270143789498e+00
1.104634025751846105e+00
1.104728765251929312e+00
1.104823488724117286e+00
1.104918196246754025e+00
1.105012887902311558e+00
1.105107563771894119e+00
1.105202223936915917e+00
1.105296868479101580e+00
1.105391497480483709e+00
1.105486111023406881e+00
1.105580709190524313e+00
1.105675292064799642e+00
1.105769859729506033e+00
1.105864412266634789e+00
1.105958949759539900e+00
1.106053472292029882e+00
1.106147979947953441e+00
1.106242472812746236e+00
1.106336950971206212e+00
1.106431414508220579e+00
1.106525863509258301e+00
1.106620298062380936e+00
1.106714718254119489e+00
1.106809124170622383e+00
1.106903515898973289e+00
1.106997893526552978e+00
1.107092257141039759e+00
1.107186606830408593e+00
1.107280942682930869e+00
1.107375264787175961e+00
1.107469573232478410e+00
1.107563868107872329e+00
1.107658149502763534e+00
1.107752417506954190e+00
1.107846672210545114e+00
1.107940913703937102e+00
1.108035142077829605e+00
1.108129357423222494e+00
1.108223559831414518e+00
1.108317749400511421e+00
1.108411926222062416e+00
1.108506090389360654e+00
1.108600241996771540e+00
1.108694381137695695e+00
1.108788507890431152e+00
1.108882622355146230e+00
1.108976724623941479e+00
1.109070814788916337e+00
1.109164892947267278e+00
1.109258959204785011e+00
1.109353013650584696e+00
1.109447056381293484e+00
1.109541087494043676e+00
1.109635107101595075e+00
1.109729115316020476e+00
1.109823112234298748e+00
1.109917097963155630e+00
1.110011072610641136e+00
1.110105036213257845e+00
1.110198988778843709e+00
1.110292930545927481e+00
1.110386861472073106e+00
1.110480781882941193e+00
1.110574691789092627e+00
1.110668591237201630e+00
1.110762480306702660e+00
1.110856359093261192e+00
1.110950227803371604e+00
1.111044086492140703e+00
1.111137935223359463e+00
1.111231774043315745e+00
1.111325603062135237e+00
1.111419422497226694e+00
1.111513232482785885e+00
1.111607033099111019e+00
1.111700824451841818e+00
1.111794606342821234e+00
1.111888379269667215e+00
1.111982143238528398e+00
1.112075898107580008e+00
1.112169644316629347e+00
1.112264690891484165e+00
1.112264690891484165e+00
1.112311112093609333e+00
1.112356885052247391e+00
1.112402655865885270e+00
1.112448424744272968e+00
1.112494191731896898e+00
1.112539956463992841e+00
1.112585719254209460e+00
1.112631480223354119e+00
1.112677239239131532e+00
1.112722996241801265e+00
1.112768751431777892e+00
1.112814504686121975e+00
1.112860256050877128e+00
1.112906005553073063e+00
1.112951753186854686e+00
1.112997498931200813e+00
1.113043242785975773e+00
1.113088984770693513e+00
1.113134724904824457e+00
1.113180463191459468e+00
1.113226199648883030e+00
1.113271934300956501e+00
1.113317667187342153e+00
1.113363398310777130e+00
1.113409127696462164e+00
1.113454855388126719e+00
1.113500581398719769e+00
1.113546305709105066e+00
1.113592028295421477e+00
1.113637749163034707e+00
1.113683468347305361e+00
1.113729185882428752e+00
1.113774901755159030e+00
1.113820615972221928e+00
1.113866328575603859e+00
1.113912039581846036e+00
1.113957749001588837e+00
1.114003456846658358e+00
1.114049163129387621e+00
1.114094867854160897e+00
1.114140571032627758e+00
1.114186272676437994e+00
1.114231972809281990e+00
1.114277671426650906e+00
1.114323368534526404e+00
1.114369064147957333e+00
1.114414758278496009e+00
1.114460450929332769e+00
1.114506142145938350e+00
1.114551831938943138e+00
1.114597520318977297e+00
1.114643207301545758e+00
1.114688892891308569e+00
1.114734577095620738e+00
1.114780259926599237e+00
1.114825941395572340e+00
1.114871621508497057e+00
1.114917300294115510e+00
1.114962977765535657e+00
1.115008653931290672e+00
1.115054328793490424e+00
1.115100002365932763e+00
1.115145674665459108e+00
1.115191345708036241e+00
1.115237015507300145e+00
1.115282684081234654e+00
1.115328351441195798e+00
1.115374017591584499e+00
1.115419682550058855e+00
1.115465346328124330e+00
1.115511008935724746e+00
1.115556670416896434e+00
1.115602330777393680e+00
1.115647990024773994e+00
1.115693648186035780e+00
1.115739305230895484e+00
1.115784961178418300e+00
1.115830616046798118e+00
1.115876269836741930e+00
1.115921922594975024e+00
1.115967574333097900e+00
1.116013225059574232e+00
1.116058874795901268e+00
1.116104523531639137e+00
1.116150171276776293e+00
1.116195818048139721e+00
1.116241463851852522e+00
1.116287108718017729e+00
1.116332752666773009e+00
1.116378395707257276e+00
1.116424037856908136e+00
1.116469679118346159e+00
1.116515319493425862e+00
1.116560958999309294e+00
1.116606597648029053e+00
1.116652235456920161e+00
1.116697872454241791e+00
1.116743508650413164e+00
1.116789144059299632e+00
1.116834778699087760e+00
1.116880412559605906e+00
1.116926045659581312e+00
1.116971678016949854e+00
1.117017309635107924e+00
1.117062940557346895e+00
1.117108570792796796e+00
1.117154200350445548e+00
1.117199829241900089e+00
1.117245457462794134e+00
1.117291085025054143e+00
1.117336711942410910e+00
1.117382338228585459e+00
1.117427963897291265e+00
1.117473588962232034e+00
1.117519213437103920e+00
1.117564837335593531e+00
1.117610460671379702e+00
1.117656083458131278e+00
1.117701705709509774e+00
1.117747327439167160e+00
1.117792948660747854e+00
1.117838569387886061e+00
1.117884189634208214e+00
1.117929809407424591e+00
1.117975428711345032e+00
1.118021047580364469e+00
1.118066666027538902e+00
1.118112284065936768e+00
1.118157901708638491e+00
1.118203518968737376e+00
1.118249135859340049e+00
1.118294752393564018e+00
1.118340368584540556e+00
1.118385984445413150e+00
1.118431599989337721e+00
1.118477215229482402e+00
1.118522830179028871e+00
1.118568444851170129e+00
1.118614059259112281e+00
1.118659673416073863e+00
1.118705287326756892e+00
1.118750901011376087e+00
1.118796514488277216e+00
1.118842127770293349e+00
1.118887740870281755e+00
1.118933353801123687e+00
1.118978966575723044e+00
1.119024579207006154e+00
1.119070191707919326e+00
1.119115804091430855e+00
1.119161416370527240e+00
1.119207028562057005e+00
1.119252640673933819e+00
1.119298252719192810e+00
1.119343864711177083e+00
1.119389476663210869e+00
1.119435088588600857e+00
1.119480700500635972e+00
1.119526312412589375e+00
1.119571924337719349e+00
1.119617536289270632e+00
1.119663148278025488e+00
1.119708760313789853e+00
1.119754372419033528e+00
1.119799984606250076e+00
1.119845596888006112e+00
1.119891209276939747e+00
1.119936821785756376e+00
1.119982434427224893e+00
1.120028047214175704e+00
1.120073660159497386e+00
1.120119273276132033e+00
1.120164886584532171e+00
1.120210500093037798e+00
1.120256113807493126e+00
1.120301727741989550e+00
1.120347341910544525e+00
1.120392956327102452e+00
1.120438571005537565e+00
1.120484185959657930e+00
1.120529801203207665e+00
1.120575416749869602e+00
1.120621032613267953e+00
1.120666648797991050e+00
1.120712265328329016e+00
1.120757882219385548e+00
1.120803499483821852e+00
1.120849117134346207e+00
1.120894735183712188e+00
1.120940353644718224e+00
1.120985972530203156e+00
1.121031591853046683e+00
1.121077211626163805e+00
1.121122831863465619e+00
1.121168452583067632e+00
1.121214073789055465e+00
1.121259695495066433e+00
1.121305317714697436e+00
1.121350940461506074e+00
1.121396563749011310e+00
1.121442187590695250e+00
1.121487812000003803e+00
1.121533436990345800e+00
1.121579062575097874e+00
1.121624688765648248e+00
1.121670315575767685e+00
1.121715943021913908e+00
1.121761571116941969e+00
1.121807199873715577e+00
1.121852829305103549e+00
1.121898459423983585e+00
1.121944090243238490e+00
1.121989721775756843e+00
1.122035354034434329e+00
1.122080987032170185e+00
1.122126620782495365e+00
1.122172255297001930e+00
1.122217890588306677e+00
1.122263526669486478e+00
1.122309163553609546e+00
1.122354801253737211e+00
1.122400439782923032e+00
1.122446079154212573e+00
1.122491719380644737e+00
1.122537360475249546e+00
1.122583002451049916e+00
1.122628645321060548e+00
1.122674289098289258e+00
1.122719933795734981e+00
1.122765579426388882e+00
1.122811226003234575e+00
1.122856873539247680e+00
1.122902522047395157e+00
1.122948171540636420e+00
1.122993822031922662e+00
1.123039473534197308e+00
1.123085126060394234e+00
1.123130779623440878e+00
1.123176434236255128e+00
1.123222089911746879e+00
1.123267746662817812e+00
1.123313404502361390e+00
1.123359063443261752e+00
1.123404723498395263e+00
1.123450384680630076e+00
1.123496047002825238e+00
1.123541710477830913e+00
1.123587375118489273e+00
1.123633040937633387e+00
1.123678707948087663e+00
1.123724376162667848e+00
1.123770045594180811e+00
1.123815716255424757e+00
1.123861388159188346e+00
1.123907061318252243e+00
1.123952735745387344e+00
1.123998411453355661e+00
1.124044088454910550e+00
1.124089766762040643e+00
1.124135446388264681e+00
1.124181127346421505e+00
1.124226809649215841e+00
1.124272493309343313e+00
1.124318178339489993e+00
1.124363864752333964e+00
1.124409552560543313e+00
1.124455241776777026e+00
1.124500932413685650e+00
1.124546624483909962e+00
1.124592318000082525e+00
1.124638012974825019e+00
1.124683709420751354e+00
1.124729407350466115e+00
1.124775106776563671e+00
1.124820807711630177e+00
1.124866510168242240e+00
1.124912214158966250e+00
1.124957919696360609e+00
1.125003626792973721e+00
1.125049335461344890e+00
1.125095045713978781e+00
1.125140757563300120e+00
1.125186471021981438e+00
1.125232186102519627e+00
1.125277902817401809e+00
1.125323621179106448e+00
1.125369341200102014e+00
1.125415062892847651e+00
1.125460786269793623e+00
1.125506511343380200e+00
1.125552238126038107e+00
1.125597966630188740e+00
1.125643696868194432e+00
1.125689428852190366e+00
1.125735162595034922e+00
1.125780898109082662e+00
1.125826635406680820e+00
1.125872374500168638e+00
1.125918115401879138e+00
1.125963858124137573e+00
1.126009602679260757e+00
1.126055349079559065e+00
1.126101097337334878e+00
1.126146847464881917e+00
1.126192599474534539e+00
1.126238353378749224e+00
1.126284109188969484e+00
1.126329866917532785e+00
1.126375626576765487e+00
1.126421388178981076e+00
1.126467151736479932e+00
1.126512917261551561e+00
1.126558684766472362e+00
1.126604454263505639e+00
1.126650225764903590e+00
1.126695999282904870e+00
1.126741774829737253e+00
1.126787552417614302e+00
1.126833332058738923e+00
1.126879113765300922e+00
1.126924897549477222e+00
1.126970683423433206e+00
1.127016471399321595e+00
1.127062261489283346e+00
1.127108053705445645e+00
1.127153848059924579e+00
1.127199644564824021e+00
1.127245443232234301e+00
1.127291244074234422e+00
1.127337047102891177e+00
1.127382852330257590e+00
1.127428659768376251e+00
1.127474469429276205e+00
1.127520281324974949e+00
1.127566095467476437e+00
1.127611911868773520e+00
1.127657730540846392e+00
1.127703551495662371e+00
1.127749374745177224e+00
1.127795200301333844e+00
1.127841028176063576e+00
1.127886858381284219e+00
1.127932690928902248e+00
1.127978525830811929e+00
1.128024363098893978e+00
1.128070202745018236e+00
1.128116044781041660e+00
1.128161889218808778e+00
1.128207736070151901e+00
1.128253585346891130e+00
1.128299437060834354e+00
1.128345291223776803e+00
1.128391147847501941e+00
1.128437006944386090e+00
1.128482868525547911e+00
1.128528732602698037e+00
1.128574599187573968e+00
1.128620468291901435e+00
1.128666339927392848e+00
1.128712214105749068e+00
1.128758090838658301e+00
1.128803970137796320e+00
1.128849852014826904e+00
1.128895736481401402e+00
1.128941623549158280e+00
1.128987513229724460e+00
1.129033405534714207e+00
1.129079300475729575e+00
1.129125198064359292e+00
1.129171098312181654e+00
1.129217001230760964e+00
1.129262906831649982e+00
1.129308815126389032e+00
1.129354726126506003e+00
1.129400639843516574e+00
1.129446556288923986e+00
1.129492475474219049e+00
1.129538397410880801e+00
1.129584322110375183e+00
1.129630249584156365e+00
1.129676179843666306e+00
1.129722112900334086e+00
1.129768048765576571e+00
1.129813987450799084e+00
1.129859928967671845e+00
1.129905873327369026e+00
1.129951820541136964e+00
1.129997770620335240e+00
1.130043723576309889e+00
1.130089679420394955e+00
1.130135638163912049e+00
1.130181599818170568e+00
1.130227564394467032e+00
1.130273531904086193e+00
1.130319502358299699e+00
1.130365475768366990e+00
1.130411452145535067e+00
1.130457431501039167e+00
1.130503413846100980e+00
1.130549399191930648e+00
1.130595387549725883e+00
1.130641378930671292e+00
1.130687373345939939e+00
1.130733370806692006e+00
1.130779371324075688e+00
1.130825374909225856e+00
1.130871381573266277e+00
1.130917391327307620e+00
1.130963404182448340e+00
1.131009420149774014e+00
1.131055439240358673e+00
1.131101461465264135e+00
1.131147486835538452e+00
1.131193515362218571e+00
1.131239547056329231e+00
1.131285581927581330e+00
1.131331619987061110e+00
1.131377661247316091e+00
1.131423705719296846e+00
1.131469753413943291e+00
1.131515804342183351e+00
1.131561858514933849e+00
1.131607915943099618e+00
1.131653976637574166e+00
1.131700040609240565e+00
1.131746107868968121e+00
1.131792178427617035e+00
1.131838252296034630e+00
1.131884329485056906e+00
1.131930410005508536e+00
1.131976493868202205e+00
1.132022581083939938e+00
1.132068671663511106e+00
1.132114765617693752e+00
1.132160862957255265e+00
1.132206963692949486e+00
1.132253067835520710e+00
1.132299175395700352e+00
1.132345286384208505e+00
1.132391400811753490e+00
1.132437518689032085e+00
1.132483640026729299e+00
1.132529764835518371e+00
1.132575893126061217e+00
1.132622024909007097e+00
1.132668160194995277e+00
1.132714298996182256e+00
1.132760441326252421e+00
1.132806587190377634e+00
1.132852736599205379e+00
1.132898889563370481e+00
1.132945046093492669e+00
1.132991206200178347e+00
1.133037369894019708e+00
1.133083537185595624e+00
1.133129708085470755e+00
1.133175882604195772e+00
1.133222060752308025e+00
1.133268242540331094e+00
1.133314427978774352e+00
1.133360617078133847e+00
1.133406809848891861e+00
1.133453006301517574e+00
1.133499206446465291e+00
1.133545410294176659e+00
1.133591617855079559e+00
1.133637829139588105e+00
1.133684044158103310e+00
1.133730262921012200e+00
1.133776485438688475e+00
1.133822711721492515e+00
1.133868941779771156e+00
1.133915175623857463e+00
1.133961413264071849e+00
1.134007654710720958e+00
1.134053899974098112e+00
1.134100149064482865e+00
1.134146401992142117e+00
1.134192658763307771e+00
1.134238919392747569e+00
1.134285183890685555e+00
1.134331452267300921e+00
1.134377724532759757e+00
1.134424000697216606e+00
1.134470280770814687e+00
1.134516564763684787e+00
1.134562852685945922e+00
1.134609144547705561e+00
1.134655440359059853e+00
1.134701740130091618e+00
1.134748043870873691e+00
1.134794351591465356e+00
1.134840663301915686e+00
1.134886979012260433e+00
1.134933298732524909e+00
1.134979622472721550e+00
1.135025950242851467e+00
1.135072282052904002e+00
1.135118617912856287e+00
1.135164957832674792e+00
1.135211301822312224e+00
1.135257649891711296e+00
1.135304002050801842e+00
1.135350358309502594e+00
1.135396718677719630e+00
1.135443083165348366e+00
1.135489451782271120e+00
1.135535824538359551e+00
1.135582201443472883e+00
1.135628582509616624e+00
1.135674967744837449e+00
1.135721357158235412e+00
1.135767750759647310e+00
1.135814148558896841e+00
1.135860550565795934e+00
1.135906956790143418e+00
1.135953367241725687e+00
1.135999781930315811e+00
1.136046200865674427e+00
1.136092624057550404e+00
1.136139051515678622e+00
1.136185483249782191e+00
1.136231919269572010e+00
1.136278359584744990e+00
1.136324804204987160e+00
1.136371253139970561e+00
1.136417706399356131e+00
1.136464163992790821e+00
1.136510625929910034e+00
1.136557092220336962e+00
1.136603562873681472e+00
1.136650037899541221e+00
1.136696517307501653e+00
1.136743001107136442e+00
1.136789489308005496e+00
1.136835981919657401e+00
1.136882478951628306e+00
1.136928980413441037e+00
1.136975486314607542e+00
1.137021996664626666e+00
1.137068511472270504e+00
1.137115030747198219e+00
1.137161554499573901e+00
1.137208082738835557e+00
1.137254615474408759e+00
1.137301152715708419e+00
1.137347694472137682e+00
1.137394240753086816e+00
1.137440791567935650e+00
1.137487346926051357e+00
1.137533906836790454e+00
1.137580471309496355e+00
1.137627040353501595e+00
1.137673613978127385e+00
1.137720192192682500e+00
1.137766775006464393e+00
1.137813362428759190e+00
1.137859954468840362e+00
1.137906551135970945e+00
1.137953152439401761e+00
1.137999758388371863e+00
1.138046368992108537e+00
1.138092984259828633e+00
1.138139604200736565e+00
1.138186228824024315e+00
1.138232858138873871e+00
1.138279492154455008e+00
1.138326130879925735e+00
1.138372774324432513e+00
1.138419422497110478e+00
1.138466075407083666e+00
1.138512733063778315e+00
1.138559395476697045e+00
1.138606062654072604e+00
1.138652734604991501e+00
1.138699411338529366e+00
1.138746092863749837e+00
1.138792779189704341e+00
1.138839470325433201e+00
1.138886166279964085e+00
1.138932867062314003e+00
1.138979572681486863e+00
1.139026283146475915e+00
1.139072998466262643e+00
1.139119718649816093e+00
1.139166443706093768e+00
1.139213173644042509e+00
1.139259908472596505e+00
1.139306648200678396e+00
1.139353392837199275e+00
1.139400142391059356e+00
1.139446896871145753e+00
1.139493656286335366e+00
1.139540420645493102e+00
1.139587189957471880e+00
1.139633964231113517e+00
1.139680743475248281e+00
1.139727527698695564e+00
1.139774316910261431e+00
1.139821111118742181e+00
1.139867910332922341e+00
1.139914714561574227e+00
1.139961523813435296e+00
1.140008338096755391e+00
1.140055157420871046e+00
1.140101981794504393e+00
1.140148811226366465e+00
1.140195645725157192e+00
1.140242485299565400e+00
1.140289329958268150e+00
1.140336179709932507e+00
1.140383034563213549e+00
1.140429894526755472e+00
1.140476759609191593e+00
1.140523629819143903e+00
1.140570505165223070e+00
1.140617385656029548e+00
1.140664271300152244e+00
1.140711162106168297e+00
1.140758058082645077e+00
1.140804959238138183e+00
1.140851865581192781e+00
1.140898777120342267e+00
1.140945693864109822e+00
1.140992615821007305e+00
1.141039542999535694e+00
1.141086475408184864e+00
1.141133413055434032e+00
1.141180355949751313e+00
1.141227304099594164e+00
1.141274257513408719e+00
1.141321216199630895e+00
1.141368180166685065e+00
1.141415149422984943e+00
1.141462123977294185e+00
1.141509103837678341e+00
1.141556089012429220e+00
1.141603079509921237e+00
1.141650075338517922e+00
1.141697076506571928e+00
1.141744083022424583e+00
1.141791094894407221e+00
1.141838112130838745e+00
1.141885134740029173e+00
1.141932162730276534e+00
1.141979196109867756e+00
1.142026234887079550e+00
1.142073279070177971e+00
1.142120328667417528e+00
1.142167383687042292e+00
1.142214444137286122e+00
1.142261510026371552e+00
1.142308581362510012e+00
1.142355658153903164e+00
1.142402740408741790e+00
1.142449828135205125e+00
1.142496921341462413e+00
1.142544020035672236e+00
1.142591124225982746e+00
1.142638233920530544e+00
1.142685349127442684e+00
1.142732469854835342e+00
1.142779596110813145e+00
1.142826727903471618e+00
1.142873865240894959e+00
1.142921008130992178e+00
1.142968156581894990e+00
1.143015310601788403e+00
1.143062470198712433e+00
1.143109635380695766e+00
1.143156806155757987e+00
1.143203982531907359e+00
1.143251164517141927e+00
1.143298352119449968e+00
1.143345545346808656e+00
1.143392744207186063e+00
1.143439948708538489e+00
1.143487158858812913e+00
1.143534374665945652e+00
1.143581596137862588e+00
1.143628823282480278e+00
1.143676056107704397e+00
1.143723294621429742e+00
1.143770538831542005e+00
1.143817788745916442e+00
1.143865044372418094e+00
1.143912305718901123e+00
1.143959572793210810e+00
1.144006845603181333e+00
1.144054124156636654e+00
1.144101408461391411e+00
1.144148698525250030e+00
1.144195994356006052e+00
1.144243295961443696e+00
1.144290603349336743e+00
1.144337916527449428e+00
1.144385235503597054e+00
1.144432560285571610e+00
1.144479890880973683e+00
1.144527227297528427e+00
1.144574569542951448e+00
1.144621917624947915e+00
1.144669271551213674e+00
1.144716631329433465e+00
1.144763996967283148e+00
1.144811368472427926e+00
1.144858745852523008e+00
1.144906129115214277e+00
1.144953518268136961e+00
1.145000913318917402e+00
1.145048314275170398e+00
1.145095721144502310e+00
1.145143133934509505e+00
1.145190552652777249e+00
1.145237977306882593e+00
1.145285407904391928e+00
1.145332844452861654e+00
1.145380286959838623e+00
1.145427735432859917e+00
1.145475189879453071e+00
1.145522650307135404e+00
1.145570116723414689e+00
1.145617589135789371e+00
1.145665067551747018e+00
1.145712551978766980e+00
1.145760042424318170e+00
1.145807538895859512e+00
1.145855041400821728e+00
1.145902549946488991e+00
1.145950064540492530e+00
1.145997585190251300e+00
1.146045111903174707e+00
1.146092644686662831e+00
1.146140183548105540e+00
1.146187728494884261e+00
1.146235279534370211e+00
1.146282836673925276e+00
1.146330399920901577e+00
1.146377969282642795e+00
1.146425544766482396e+00
1.146473126379744079e+00
1.146520714129742879e+00
1.146568308023784288e+00
1.146615908069164247e+00
1.146663514273169149e+00
1.146711126643076284e+00
1.146758745186154060e+00
1.146806369909660450e+00
1.146854000820844988e+00
1.146901637926947881e+00
1.146949281235199569e+00
1.146996930752821386e+00
1.147044586487025786e+00
1.147092248445015228e+00
1.147139916633983736e+00
1.147187591061115564e+00
1.147235271733586082e+00
1.147282958658561114e+00
1.147330651843197602e+00
1.147378351294669141e+00
1.147426057020088486e+00
1.147473769026581492e+00
1.147521487321267797e+00
1.147569211911259712e+00
1.147616942803658890e+00
1.147664680005558324e+00
1.147712423524042791e+00
1.147760173366186631e+00
1.147807929539055527e+00
1.147855692049707166e+00
1.147903460905188577e+00
1.147951236112539020e+00
1.147999017678788203e+00
1.148046805610956733e+00
1.148094599916056557e+00
1.148142400601090296e+00
1.148190207673052132e+00
1.148238021138926701e+00
1.148285841005690200e+00
1.148333667280309500e+00
1.148381499969743036e+00
1.148429339080939693e+00
1.148477184620840141e+00
1.148525036596375948e+00
1.148572895014469353e+00
1.148620759882034825e+00
1.148668631205976842e+00
1.148716508993191665e+00
1.148764393250566895e+00
1.148812283984980809e+00
1.148860181203195330e+00
1.148908084912130700e+00
1.148955995118710049e+00
1.149003911829775681e+00
1.149051835052160575e+00
1.149099764792689493e+00
1.149147701058178761e+00
1.149195643855435822e+00
1.149243593191259460e+00
1.149291549072439800e+00
1.149339511505759193e+00
1.149387480497989555e+00
1.149435456055896365e+00
1.149483438186235329e+00
1.149531426895753716e+00
1.149579422191190581e+00
1.149627424079276095e+00
1.149675432566732658e+00
1.149723447660272901e+00
1.149771469366602350e+00
1.149819497692417203e+00
1.149867532644405221e+00
1.149915574229246173e+00
1.149963622453611389e+00
1.150011677324163317e+00
1.150059738847555968e+00
1.150107807030435358e+00
1.150155881879439290e+00
1.150203963401196461e+00
1.150252051602328018e+00
1.150300146489446229e+00
1.150348248069150703e+00
1.150396356348035498e+00
1.150444471332695562e+00
1.150492593029710076e+00
1.150540721445649783e+00
1.150588856587077213e+00
1.150636998460546678e+00
1.150685147072604053e+00
1.150733302429786997e+00
1.150781464538625398e+00
1.150829633405640484e+00
1.150877809037345045e+00
1.150925991440244323e+00
1.150974180620835119e+00
1.151022376585606244e+00
1.151070579341037625e+00
1.151118788893602307e+00
1.151167005249763786e+00
1.151215228415978675e+00
1.151263458398695150e+00
1.151311695204352503e+00
1.151359938839382924e+00
1.151408189310209940e+00
1.151456446623249974e+00
1.151504710784909902e+00
1.151552981801589715e+00
1.151601259679681410e+00
1.151649544425567884e+00
1.151697836045625589e+00
1.151746134546221656e+00
1.151794439933716330e+00
1.151842752214447652e+00
1.151891071394700816e+00
1.151939397480895355e+00
1.151987730479357985e+00
1.152036070396408540e+00
1.152084417238358416e+00
1.152132771011510792e+00
1.152181131722161966e+00
1.152229499376599575e+00
1.152277873981103928e+00
1.152326255541947120e+00
1.152374644065393694e+00
1.152423039557700646e+00
1.152471442025116533e+00
1.152519851473882806e+00
1.152568267910232924e+00
1.152616691340392796e+00
1.152665121770579892e+00
1.152713559207004801e+00
1.152762003655870560e+00
1.152810455123371325e+00
1.152858913615694370e+00
1.152907379139020083e+00
1.152955851699519529e+00
1.153004331303356889e+00
1.153052817956689458e+00
1.153101311665666318e+00
1.153149812436427890e+00
1.153198320275108824e+00
1.153246835187835106e+00
1.153295357180725400e+00
1.153343886259890594e+00
1.153392422431321673e+00
1.153440965701231224e+00
1.153489516075719479e+00
1.153538073560866017e+00
1.153586638162743760e+00
1.153635209887417190e+00
1.153683788740944349e+00
1.153732374729375065e+00
1.153780967858751838e+00
1.153829568135110506e+00
1.153878175564478248e+00
1.153926790152876247e+00
1.153975411906317028e+00
1.154024040830806896e+00
1.154072676932344166e+00
1.154121320216919599e+00
1.154169970690517077e+00
1.154218628359113374e+00
1.154267293228676827e+00
1.154315965305170000e+00
1.154364644594547240e+00
1.154413331102756013e+00
1.154462024835735789e+00
1.154510725799419602e+00
1.154559433999733375e+00
1.154608149442594822e+00
1.154656872133914991e+00
1.154705602079598270e+00
1.154754339285540832e+00
1.154803083757632409e+00
1.154851835501754964e+00
1.154900594523680768e+00
1.154949360829345961e+00
1.154998134424665590e+00
1.155046915315492528e+00
1.155095703507671212e+00
1.155144499007040526e+00
1.155193301819431584e+00
1.155242111950668615e+00
1.155290929406568301e+00
1.155339754192940882e+00
1.155388586315589716e+00
1.155437425780310612e+00
1.155486272592892716e+00
1.155535126759118292e+00
1.155583988284762276e+00
1.155632857175592942e+00
1.155681733437371683e+00
1.155730617075852784e+00
1.155779508096783204e+00
1.155828406505903905e+00
1.155877312308948301e+00
1.155926225511642924e+00
1.155975146119707642e+00
1.156024074138855218e+00
1.156073009574792199e+00
1.156121952433217137e+00
1.156170902719822591e+00
1.156219860440294012e+00
1.156268825600310191e+00
1.156317798205542591e+00
1.156366778261656902e+00
1.156415765774281512e+00
1.156464760749064569e+00
1.156513763191692190e+00
1.156562773107802311e+00
1.156611790503025095e+00
1.156660815382984042e+00
1.156709847753297105e+00
1.156758887619573795e+00
1.156807934987418518e+00
1.156856989862428131e+00
1.156906052250193051e+00
1.156955122156296811e+00
1.157004199586316506e+00
1.157053284545822791e+00
1.157102377040379215e+00
1.157151477075542889e+00
1.157200584656864706e+00
1.157249699789888231e+00
1.157298822480150813e+00
1.157347952733183583e+00
1.157397090554510566e+00
1.157446235949649127e+00
1.157495388924110635e+00
1.157544549483399354e+00
1.157593717633013553e+00
1.157642893378444393e+00
1.157692076725177266e+00
1.157741267678690011e+00
1.157790466244455141e+00
1.157839672427937616e+00
1.157888886234597070e+00
1.157938107669880701e+00
1.157987336739222384e+00
1.158036573448083306e+00
1.158085817801895345e+00
1.158135069806085493e+00
1.158184329466073192e+00
1.158233596787273223e+00
1.158282871775091927e+00
1.158332154434930317e+00
1.158381444772183189e+00
1.158430742792238233e+00
1.158480048500477810e+00
1.158529361902277399e+00
1.158578683003005594e+00
1.158628011808025438e+00
1.158677348322693756e+00
1.158726692552360715e+00
1.158776044502369817e+00
1.158825404178058793e+00
1.158874771584759822e+00
1.158924146727796867e+00
1.158973529612482345e+00
1.159022920244133337e+00
1.159072318628060927e+00
1.159121724769565098e+00
1.159171138673939616e+00
1.159220560346472251e+00
1.159269989792443889e+00
1.159319427017130311e+00
1.159368872025800634e+00
1.159418324823717317e+00
1.159467785416137264e+00
1.159517253808311388e+00
1.159566730005484159e+00
1.159616214012894053e+00
1.159665705835773108e+00
1.159715205479348477e+00
1.159764712948839094e+00
1.159814228249459900e+00
1.159863751386418729e+00
1.159913282364917642e+00
1.159962821190151372e+00
1.160012367867303107e+00
1.160061922401566470e+00
1.160111484798119319e+00
1.160161055062132851e+00
1.160210633198773822e+00
1.160260219213200994e+00
1.160309813110568689e+00
1.160359414896024566e+00
1.160409024574710735e+00
1.160458642151762865e+00
1.160508267632311075e+00
1.160557901021479932e+00
1.160607542324386898e+00
1.160657191546144773e+00
1.160706848691859916e+00
1.160756513766632914e+00
1.160806186775558135e+00
1.160855867723724844e+00
1.160905556616216083e+00
1.160955253458108682e+00
1.161004958254467478e+00
1.161054671010361083e+00
1.161104391730854779e+00
1.161154120421001856e+00
1.161203857085850721e+00
1.161253601730443341e+00
1.161303354359815687e+00
1.161353114978998624e+00
1.161402883593017021e+00
1.161452660206889975e+00
1.161502444825630587e+00
1.161552237454246850e+00
1.161602038097740541e+00
1.161651846761107665e+00
1.161701663449339117e+00
1.161751488167419799e+00
1.161801320920328617e+00
1.161851161713039371e+00
1.161901010550519864e+00
1.161950867437732349e+00
1.162000732379633305e+00
1.162050605381165447e+00
1.162100486447283698e+00
1.162150375582928330e+00
1.162200272793033173e+00
1.162250178082526952e+00
1.162300091456331730e+00
1.162350012919365350e+00
1.162399942476539660e+00
1.162449880132760072e+00
1.162499825892927996e+00
1.162549779761938185e+00
1.162599741744680282e+00
1.162649711846038159e+00
1.162699690070890801e+00
1.162749676424110978e+00
1.162799670910566130e+00
1.162849673535118589e+00
1.162899684302625136e+00
1.162949703217936559e+00
1.162999730285898980e+00
1.163049765511347200e+00
1.163099808899116683e+00
1.163149860454043338e+00
1.163199920180951752e+00
1.163249988084660069e+00
1.163300064169981107e+00
1.163350148441722354e+00
1.163400240904687077e+00
1.163450341563671220e+00
1.163500450423466503e+00
1.163550567488859322e+00
1.163600692764630740e+00
1.163650826255556048e+00
1.163700967966405653e+00
1.163751117901944854e+00
1.163801276066932511e+00
1.163851442466123265e+00
1.163901617104266206e+00
1.163951799986105762e+00
1.164001991116379697e+00
1.164052190499821560e+00
1.164102398141152461e+00
1.164152614045102396e+00
1.164202838216390035e+00
1.164253070659727829e+00
1.164303311379822459e+00
1.164353560381375718e+00
1.164403817669084074e+00
1.164454083247639327e+00
1.164504357121727285e+00
1.164554639296029315e+00
1.164604929775221009e+00
1.164655228563973521e+00
1.164705535666951786e+00
1.164755851088817185e+00
1.164806174834224661e+00
1.164856506907824052e+00
1.164906847314260974e+00
1.164957196058175715e+00
1.165007553144202346e+00
1.165057918576971385e+00
1.165108292361103803e+00
1.165158674501216574e+00
1.165209065001932887e+00
1.165259463867861944e+00
1.165309871103608730e+00
1.165360286713771787e+00
1.165410710702945440e+00
1.165461143075719797e+00
1.165511583836678300e+00
1.165562032990400620e+00
1.165612490541460877e+00
1.165662956494429192e+00
1.165713430853868804e+00
1.165763913624339843e+00
1.165814404810397109e+00
1.165864904416589409e+00
1.165915412447461552e+00
1.165965928907553462e+00
1.166016453801399511e+00
1.166066987133529853e+00
1.166117528908469314e+00
1.166168079130732949e+00
1.166218637804840252e+00
1.166269204935303616e+00
1.166319780526628103e+00
1.166370364583313446e+00
1.166420957109856271e+00
1.166471558110746543e+00
1.166522167590470449e+00
1.166572785553508629e+00
1.166623412004337945e+00
1.166674046947429488e+00
1.166724690387249463e+00
1.166775342328260301e+00
1.166826002774919102e+00
1.166876671731677417e+00
1.166927349202983022e+00
1.166978035193278584e+00
1.167028729707002777e+00
1.167079432748587386e+00
1.167130144322461760e+00
1.167180864433047027e+00
1.167231593084756325e+00
1.167282330282014557e+00
1.167333076029230865e+00
1.167383830330809724e+00
1.167434593191150949e+00
1.167485364614649912e+00
1.167536144605697768e+00
1.167586933168679453e+00
1.167637730307976796e+00
1.167688536027966517e+00
1.167739350333020010e+00
1.167790173227505113e+00
1.167841004715784559e+00
1.167891844802216195e+00
1.167942693491153427e+00
1.167993550786945001e+00
1.168044416693936105e+00
1.168095291216465270e+00
1.168146174358868139e+00
1.168197066125475470e+00
1.168247966520608028e+00
1.168298875548590798e+00
1.168349793213743437e+00
1.168400719520377828e+00
1.168451654472801415e+00
1.168502598075317422e+00
1.168553550332224633e+00
1.168604511247816724e+00
1.168655480826383597e+00
1.168706459072210269e+00
1.168757445989576871e+00
1.168808441582759983e+00
1.168859445856031076e+00
1.168910458813657627e+00
1.168961480459901559e+00
1.169012510799021687e+00
1.169063549835271720e+00
1.169114597572900704e+00
1.169165654016153910e+00
1.169216719169271501e+00
1.169267793036488312e+00
1.169318875622027187e+00
1.169369966930128069e+00
1.169421066965013800e+00
1.169472175730901897e+00
1.169523293232006766e+00
1.169574419472537707e+00
1.169625554456699801e+00
1.169676698188693909e+00
1.169727850672716452e+00
1.169779011912959410e+00
1.169830181913610767e+00
1.169881360678853843e+00
1.169932548212868184e+00
1.169983744519827784e+00
1.170034949603903973e+00
1.170086163469262308e+00
1.170137386120065459e+00
1.170188617560470101e+00
1.170239857794630467e+00
1.170291106826695682e+00
1.170342364660807766e+00
1.170393631301108517e+00
1.170444906751736847e+00
1.170496191016823673e+00
1.170547484100497471e+00
1.170598786006881831e+00
1.170650096740096124e+00
1.170701416304255282e+00
1.170752744703470016e+00
1.170804081941847707e+00
1.170855428023490408e+00
1.170906782952496394e+00
1.170958146732960170e+00
1.171009519368971574e+00
1.171060900864616228e+00
1.171112291223976198e+00
1.171163690451129114e+00
1.171215098550147715e+00
1.171266515525101637e+00
1.171317941380056071e+00
1.171369376119071548e+00
1.171420819746197495e+00
1.171472272265496439e+00
1.171523733681016033e+00
1.171575203996801040e+00
1.171626683216892006e+00
1.171678171345325037e+00
1.171729668386132017e+00
1.171781174343341281e+00
1.171832689220976942e+00
1.171884213023058674e+00
1.171935745753602598e+00
1.171987287416620171e+00
1.172038838016120410e+00
1.172090397556105668e+00
1.172141966040576744e+00
1.172193543473529331e+00
1.172245129858954682e+00
1.172296725200840939e+00
1.172348329503172026e+00
1.172399942769927428e+00
1.172451565005077745e+00
1.172503196212596466e+00
1.172554836396457301e+00
1.172606485560623524e+00
1.172658143709055079e+00
1.172709810845708134e+00
1.172761486974533973e+00
1.172813172099480994e+00
1.172864866224492930e+00
1.172916569353510186e+00
1.172968281490468723e+00
1.173020002639300952e+00
1.173071732803935285e+00
1.173123471988296140e+00
1.173175220196304158e+00
1.173226977431876428e+00
1.173278743698925375e+00
1.173330519001360095e+00
1.173382303343085686e+00
1.173434096728004139e+00
1.173485899160011892e+00
1.173537710642992282e+00
1.173589531180847301e+00
1.173641360777463616e+00
1.173693199436722567e+00
1.173745047162502830e+00
1.173796903958678639e+00
1.173848769829120009e+00
1.173900644777693847e+00
1.173952528808263729e+00
1.174004421924687458e+00
1.174056324130821283e+00
1.174108235430516789e+00
1.174160155827621344e+00
1.174212085325979205e+00
1.174264023929431078e+00
1.174315971641813228e+00
1.174367928466958366e+00
1.174419894408695653e+00
1.174471869470850915e+00
1.174523853657245320e+00
1.174575846971694482e+00
1.174627849418012238e+00
1.174679861000013537e+00
1.174731881721504667e+00
1.174783911586288365e+00
1.174835950598164480e+00
1.174887998760928420e+00
1.174940056078372042e+00
1.174992122554284313e+00
1.175044198192449096e+00
1.175096282996648034e+00
1.175148376970657882e+00
1.175200480118253399e+00
1.175252592443203570e+00
1.175304713949275603e+00
1.175356844640232490e+00
1.175408984519832556e+00
1.175461133591831908e+00
1.175513291859983100e+00
1.175565459328033802e+00
1.175617635999729016e+00
1.175669821878808419e+00
1.175722016969011685e+00
1.175774221274072495e+00
1.175826434797721642e+00
1.175878657543686145e+00
1.175930889515688804e+00
1.175983130717449532e+00
1.176035381152684911e+00
1.176087640825107306e+00
1.176139909738425526e+00
1.176192187896345276e+00
1.176244475302569148e+00
1.176296771960794851e+00
1.176349077874717430e+00
1.176401393048028599e+00
1.176453717484416295e+00
1.176506051187565349e+00
1.176558394161156818e+00
1.176610746408867980e+00
1.176663107934372787e+00
1.176715478741341858e+00
1.176767858833442260e+00
1.176820248214337505e+00
1.176872646887687557e+00
1.176925054857149266e+00
1.176977472126375712e+00
1.177029898699016863e+00
1.177082334578718470e+00
1.177134779769123840e+00
1.177187234273872729e+00
1.177239698096601117e+00
1.177292171240941876e+00
1.177344653710523881e+00
1.177397145508972676e+00
1.177449646639911363e+00
1.177502157106959046e+00
1.177554676913730392e+00
1.177607206063838508e+00
1.177659744560891841e+00
1.177712292408495953e+00
1.177764849610253073e+00
1.177817416169761433e+00
1.177869992090617268e+00
1.177922577376412594e+00
1.177975172030736095e+00
1.178027776057173348e+00
1.178080389459306154e+00
1.178133012240713207e+00
1.178185644404970311e+00
1.178238285955649056e+00
1.178290936896318364e+00
1.178343597230543827e+00
1.178396266961887706e+00
1.178448946093908711e+00
1.178501634630161998e+00
1.178554332574200503e+00
1.178607039929573164e+00
1.178659756699826033e+00
1.178712482888501611e+00
1.178765218499138623e+00
1.178817963535273572e+00
1.178870718000438966e+00
1.178923481898164649e+00
1.178976255231976022e+00
1.179029038005396712e+00
1.179081830221946570e+00
1.179134631885141671e+00
1.179187442998495206e+00
1.179240263565517699e+00
1.179293093589715680e+00
1.179345933074593678e+00
1.179398782023651782e+00
1.179451640440387861e+00
1.179504508328294898e+00
1.179557385690864768e+00
1.179610272531585125e+00
1.179663168853940070e+00
1.179716074661411263e+00
1.179768989957476810e+00
1.179821914745612377e+00
1.179874849029289186e+00
1.179927792811976017e+00
1.179980746097139210e+00
1.180033708888240662e+00
1.180086681188740272e+00
1.180139663002094608e+00
1.180192654331756019e+00
1.180245655181174858e+00
1.180298665553798365e+00
1.180351685453070010e+00
1.180404714882430595e+00
1.180457753845317592e+00
1.180510802345165811e+00
1.180563860385406283e+00
1.180616927969467822e+00
1.180670005100774800e+00
1.180723091782750256e+00
1.180776188018813455e+00
1.180829293812380332e+00
1.180882409166863933e+00
1.180935534085674421e+00
1.180988668572218181e+00
1.181041812629899823e+00
1.181094966262119739e+00
1.181148129472275432e+00
1.181201302263762631e+00
1.181254484639972402e+00
1.181307676604293588e+00
1.181360878160111483e+00
1.181414089310809823e+00
1.181467310059767684e+00
1.181520540410362141e+00
1.181573780365967163e+00
1.181627029929953387e+00
1.181680289105688342e+00
1.181733557896536668e+00
1.181786836305861010e+00
1.181840124337019571e+00
1.181893421993368332e+00
1.181946729278260610e+00
1.182000046195045728e+00
1.182053372747071229e+00
1.182106708937680439e+00
1.182160054770215796e+00
1.182213410248014407e+00
1.182266775374412715e+00
1.182320150152742722e+00
1.182373534586333319e+00
1.182426928678511624e+00
1.182480332432601200e+00
1.182533745851922502e+00
1.182587168939793543e+00
1.182640601699529004e+00
1.182694044134441569e+00
1.182747496247839480e+00
1.182800958043029205e+00
1.182854429523314321e+00
1.182907910691995523e+00
1.182961401552370173e+00
1.183014902107733635e+00
1.183068412361377497e+00
1.183121932316590685e+00
1.183175461976659681e+00
1.183229001344867637e+00
1.183282550424495039e+00
1.183336109218819709e+00
1.183389677731116585e+00
1.183443255964657492e+00
1.183496843922711816e+00
1.183550441608544945e+00
1.183604049025422045e+00
1.183657666176603174e+00
1.183711293065346393e+00
1.183764929694907542e+00
1.183818576068538242e+00
1.183872232189488116e+00
1.183925898061004345e+00
1.183979573686330333e+00
1.184033259068707933e+00
1.184086954211375442e+00
1.184140659117568273e+00
1.184194373790519617e+00
1.184248098233459112e+00
1.184301832449615066e+00
1.184355576442211566e+00
1.184409330214470701e+00
1.184463093769611675e+00
1.184516867110851468e+00
1.184570650241402623e+00
1.184624443164477237e+00
1.184678245883283187e+00
1.184732058401025689e+00
1.184785880720907736e+00
1.184839712846129878e+00
1.184893554779889113e+00
1.184947406525379998e+00
1.185001268085794202e+00
1.185055139464321838e+00
1.185109020664149693e+00
1.185162911688461218e+00
1.185216812540438092e+00
1.185270723223258438e+00
1.185324643740098605e+00
1.185378574094131610e+00
1.185432514288527805e+00
1.185486464326455325e+00
1.185540424211079635e+00
1.185594393945563318e+00
1.185648373533065847e+00
1.185702362976744251e+00
1.185756362279754006e+00
1.185810371445247036e+00
1.185864390476372821e+00
1.185918419376278177e+00
1.185972458148107478e+00
1.186026506795001767e+00
1.186080565320100533e+00
1.186134633726539711e+00
1.186188712017453017e+00
1.186242800195971503e+00
1.186296898265224220e+00
1.186351006228336447e+00
1.186405124088431906e+00
1.186459251848630325e+00
1.186513389512051431e+00
1.186567537081810064e+00
1.186621694561019513e+00
1.186675861952790845e+00
1.186730039260231129e+00
1.186784226486445881e+00
1.186838423634537953e+00
1.186892630707608198e+00
1.186946847708753028e+00
1.187001074641068410e+00
1.187055311507646982e+00
1.187109558311578272e+00
1.187163815055950256e+00
1.187218081743847797e+00
1.187272358378353321e+00
1.187326644962547029e+00
1.187380941499506459e+00
1.187435247992306708e+00
1.187489564444019763e+00
1.187543890857715834e+00
1.187598227236462467e+00
1.187652573583324322e+00
1.187706929901363839e+00
1.187761296193641236e+00
1.187815672463214289e+00
1.187870058713137000e+00
1.187924454946462705e+00
1.187978861166241629e+00
1.188033277375520447e+00
1.188087703577345167e+00
1.188142139774758466e+00
1.188196585970800134e+00
1.188251042168507965e+00
1.188305508370917307e+00
1.188359984581061513e+00
1.188414470801970380e+00
1.188468967036671931e+00
1.188523473288192411e+00
1.188577989559554071e+00
1.188632515853778271e+00
1.188687052173883263e+00
1.188741598522884413e+00
1.188796154903795532e+00
1.188850721319627546e+00
1.188905297773389380e+00
1.188959884268086853e+00
1.189014480806724006e+00
1.189069087392302659e+00
1.189123704027821082e+00
1.189178330716276655e+00
1.189232967460662982e+00
1.189287614263972781e+00
1.189342271129195217e+00
1.189396938059317010e+00
1.189451615057323774e+00
1.189506302126197124e+00
1.189560999268917563e+00
1.189615706488462932e+00
1.189670423787808184e+00
1.189725151169926498e+00
1.189779888637788607e+00
1.189834636194363027e+00
1.189889393842615162e+00
1.189944161585509308e+00
1.189998939426006430e+00
1.190053727367065495e+00
1.190108525411643026e+00
1.190163333562693992e+00
1.190218151823169812e+00
1.190272980196020125e+00
1.190327818684192795e+00
1.190382667290632801e+00
1.190437526018282677e+00
1.190492394870082959e+00
1.190547273848972409e+00
1.190602162957886234e+00
1.190657062199758309e+00
1.190711971577520067e+00
1.190766891094100499e+00
1.190821820752426374e+00
1.190876760555422242e+00
1.190931710506010432e+00
1.190986670607110609e+00
1.191041640861640660e+00
1.191096621272516254e+00
1.191151611842650393e+00
1.191206612574953638e+00
1.191261623472335218e+00
1.191316644537701697e+00
1.191371675773956751e+00
1.191426717184002504e+00
1.191481768770739080e+00
1.191536830537063496e+00
1.191591902485871435e+00
1.191646984620055472e+00
1.191702076942507071e+00
1.191757179456114146e+00
1.191812292163763498e+00
1.191867415068339708e+00
1.191922548172724028e+00
1.191977691479796375e+00
1.192032844992434892e+00
1.192088008713514169e+00
1.192143182645907906e+00
1.192198366792486919e+00
1.192253561156120467e+00
1.192308765739674703e+00
1.192363980546013780e+00
1.192419205578000962e+00
1.192474440838495520e+00
1.192529686330355609e+00
1.192584942056437169e+00
1.192640208019593695e+00
1.192695484222676683e+00
1.192750770668535409e+00
1.192806067360016931e+00
1.192861374299966304e+00
1.192916691491226366e+00
1.192972018936638179e+00
1.193027356639039471e+00
1.193082704601267308e+00
1.193138062826156087e+00
1.193193431316537767e+00
1.193248810075242083e+00
1.193304199105097219e+00
1.193359598408929356e+00
1.193415007989561571e+00
1.193470427849815607e+00
1.193525857992511430e+00
1.193581298420465675e+00
1.193636749136493869e+00
1.193692210143409316e+00
1.193747681444023101e+00
1.193803163041143867e+00
1.193858654937578700e+00
1.193914157136132470e+00
1.193969669639607822e+00
1.194025192450805184e+00
1.194080725572523427e+00
1.194136269007558981e+00
1.194191822758706056e+00
1.194247386828756641e+00
1.194302961220502279e+00
1.194358545936729854e+00
1.194414140980226025e+00
1.194469746353775230e+00
1.194525362060159024e+00
1.194580988102157626e+00
1.194636624482548815e+00
1.194692271204109035e+00
1.194747928269611403e+00
1.194803595681827924e+00
1.194859273443529268e+00
1.194914961557482114e+00
1.194970660026452913e+00
1.195026368853205234e+00
1.195082088040500423e+00
1.195137817591098495e+00
1.195193557507757243e+00
1.195249307793232241e+00
1.195305068450277064e+00
1.195360839481643289e+00
1.195416620890080939e+00
1.195472412678337149e+00
1.195528214849157944e+00
1.195584027405286687e+00
1.195639850349465849e+00
1.195695683684434352e+00
1.195751527412930004e+00
1.195807381537688840e+00
1.195863246061444229e+00
1.195919120986928430e+00
1.195975006316871037e+00
1.196030902053999645e+00
1.196086808201040297e+00
1.196142724760717257e+00
1.196198651735752128e+00
1.196254589128864732e+00
1.196310536942773783e+00
1.196366495180194889e+00
1.196422463843842099e+00
1.196478442936427911e+00
1.196534432460662600e+00
1.196590432419254446e+00
1.196646442814909728e+00
1.196702463650332948e+00
1.196758494928227057e+00
1.196814536651291894e+00
1.196870588822226855e+00
1.196926651443728451e+00
1.196982724518491414e+00
1.197038808049208702e+00
1.197094902038571274e+00
1.197151006489268976e+00
1.197207121403988106e+00
1.197263246785414292e+00
1.197319382636231166e+00
1.197375528959119695e+00
1.197431685756760178e+00
1.197487853031830030e+00
1.197544030787005109e+00
1.197600219024959056e+00
1.197656417748364399e+00
1.197712626959891669e+00
1.197768846662208286e+00
1.197825076857981008e+00
1.197881317549874813e+00
1.197937568740551795e+00
1.197993830432673157e+00
1.198050102628898106e+00
1.198106385331883406e+00
1.198162678544284487e+00
1.198218982268754562e+00
1.198275296507945509e+00
1.198331621264506763e+00
1.198387956541085986e+00
1.198444302340330170e+00
1.198500658664882312e+00
1.198557025517385188e+00
1.198613402900479352e+00
1.198669790816804248e+00
1.198726189268995324e+00
1.198782598259688470e+00
1.198839017791517136e+00
1.198895447867111885e+00
1.198951888489102613e+00
1.199008339660117439e+00
1.199064801382782264e+00
1.199121273659720543e+00
1.199177756493555069e+00
1.199234249886906634e+00
1.199290753842393586e+00
1.199347268362632724e+00
1.199403793450239730e+00
1.199460329107827405e+00
1.199516875338007438e+00
1.199573432143389740e+00
1.199629999526582225e+00
1.199686577490190809e+00
1.199743166036820297e+00
1.199799765169073495e+00
1.199856374889550548e+00
1.199912995200851151e+00
1.199969626105572340e+00
1.200026267606309816e+00
1.200082919705657059e+00
1.200139582406206440e+00
1.200196255710548110e+00
1.200252939621270665e+00
1.200309634140960702e+00
1.200366339272203930e+00
1.200423055017582508e+00
1.200479781379678590e+00
1.200536518361071670e+00
1.200593265964340572e+00
1.200650024192060572e+00
1.200706793046806942e+00
1.200763572531152290e+00
1.200820362647667672e+00
1.200877163398922587e+00
1.200933974787484759e+00
1.200990796815919692e+00
1.201047629486792223e+00
1.201104472802664302e+00
1.201161326766097215e+00
1.201218191379649580e+00
1.201275066645879130e+00
1.201331952567341599e+00
1.201388849146590720e+00
1.201445756386178676e+00
1.201502674288656092e+00
1.201559602856572484e+00
1.201616542092474038e+00
1.201673491998906718e+00
1.201730452578414488e+00
1.201787423833539314e+00
1.201844405766821389e+00
1.201901398380800012e+00
1.201958401678011823e+00
1.202015415660991904e+00
1.202072440332274894e+00
1.202129475694392324e+00
1.202186521749874615e+00
1.202243578501250409e+00
1.202300645951046798e+00
1.202357724101789316e+00
1.202414812956001722e+00
1.202471912516205999e+00
1.202529022784922574e+00
1.202586143764670323e+00
1.202643275457966343e+00
1.202700417867326399e+00
1.202757570995263814e+00
1.202814734844291245e+00
1.202871909416919127e+00
1.202929094715656344e+00
1.202986290743010445e+00
1.203043497501486536e+00
1.203100714993589282e+00
1.203157943221820680e+00
1.203215182188681620e+00
1.203272431896671879e+00
1.203329692348288127e+00
1.203386963546026811e+00
1.203444245492382381e+00
1.203501538189846842e+00
1.203558841640911758e+00
1.203616155848066693e+00
1.203673480813799879e+00
1.203730816540597104e+00
1.203788163030943048e+00
1.203845520287321280e+00
1.203902888312212704e+00
1.203960267108097559e+00
1.204017656677454085e+00
1.204075057022759410e+00
1.204132468146488000e+00
1.204189890051113876e+00
1.204247322739109283e+00
1.204304766212944022e+00
1.204362220475087231e+00
1.204419685528006490e+00
1.204477161374166716e+00
1.204534648016032605e+00
1.204592145456066632e+00
1.204649653696730160e+00
1.204707172740481891e+00
1.204764702589780079e+00
1.204822243247081426e+00
1.204879794714839747e+00
1.204937356995508857e+00
1.204994930091540795e+00
1.205052514005384712e+00
1.205110108739489538e+00
1.205167714296302872e+00
1.205225330678269868e+00
1.205282957887833906e+00
1.205340595927438141e+00
1.205398244799523289e+00
1.205455904506528286e+00
1.205513575050891184e+00
1.205571256435048477e+00
1.205628948661435107e+00
1.205686651732483794e+00
1.205744365650626371e+00
1.205802090418293560e+00
1.205859826037912974e+00
1.205917572511912672e+00
1.205975329842718047e+00
1.206033098032753381e+00
1.206090877084441182e+00
1.206148667000202401e+00
1.206206467782457326e+00
1.206264279433623576e+00
1.206322101956117665e+00
1.206379935352355215e+00
1.206437779624749407e+00
1.206495634775712533e+00
1.206553500807655332e+00
1.206611377722987433e+00
1.206669265524115353e+00
1.206727164213446502e+00
1.206785073793385177e+00
1.206842994266334568e+00
1.206900925634696309e+00
1.206958867900871146e+00
1.207016821067257384e+00
1.207074785136252659e+00
1.207132760110252834e+00
1.207190745991652658e+00
1.207248742782844886e+00
1.207306750486220714e+00
1.207364769104170676e+00
1.207422798639082862e+00
1.207480839093344693e+00
1.207538890469342263e+00
1.207596952769458776e+00
1.207655025996077880e+00
1.207713110151580338e+00
1.207771205238346690e+00
1.207829311258755034e+00
1.207887428215182357e+00
1.207945556110004537e+00
1.208003694945595230e+00
1.208061844724327649e+00
1.208120005448572565e+00
1.208178177120700081e+00
1.208236359743078525e+00
1.208294553318074671e+00
1.208352757848054404e+00
1.208410973335381833e+00
1.208469199782419734e+00
1.208527437191529552e+00
1.208585685565070955e+00
1.208643944905402501e+00
1.208702215214881193e+00
1.208760496495863368e+00
1.208818788750702033e+00
1.208877091981751084e+00
1.208935406191361750e+00
1.208993731381883485e+00
1.209052067555665744e+00
1.209110414715055315e+00
1.209168772862398544e+00
1.209227142000039334e+00
1.209285522130320922e+00
1.209343913255585656e+00
1.209402315378172554e+00
1.209460728500421745e+00
1.209519152624670246e+00
1.209577587753253969e+00
1.209636033888508377e+00
1.209694491032766273e+00
1.209752959188360455e+00
1.209811438357620395e+00
1.209869928542876671e+00
1.209928429746456535e+00
1.209986941970686347e+00
1.210045465217891802e+00
1.210103999490396820e+00
1.210162544790523098e+00
1.210221101120592335e+00
1.210279668482924231e+00
1.210338246879837376e+00
1.210396836313648583e+00
1.210455436786673333e+00
1.210514048301226886e+00
1.210572670859621169e+00
1.210631304464168778e+00
1.210689949117179198e+00
1.210748604820962360e+00
1.210807271577825084e+00
1.210865949390073970e+00
1.210924638260014063e+00
1.210983338189948633e+00
1.211042049182180280e+00
1.211100771239010498e+00
1.211159504362738115e+00
1.211218248555661736e+00
1.211277003820078191e+00
1.211335770158283420e+00
1.211394547572571812e+00
1.211453336065236863e+00
1.211512135638569854e+00
1.211570946294860729e+00
1.211629768036399213e+00
1.211688600865473475e+00
1.211747444784369465e+00
1.211806299795372022e+00
1.211865165900765762e+00
1.211924043102833082e+00
1.211982931403855268e+00
1.212041830806112497e+00
1.212100741311882501e+00
1.212159662923443459e+00
1.212218595643070884e+00
1.212277539473040289e+00
1.212336494415625410e+00
1.212395460473097097e+00
1.212454437647727756e+00
1.212513425941787126e+00
1.212572425357541839e+00
1.212631435897260967e+00
1.212690457563211144e+00
1.212749490357654336e+00
1.212808534282854067e+00
1.212867589341072305e+00
1.212926655534571685e+00
1.212985732867175814e+00
1.212988273551889762e+00
