5.921917531340114768e-04
5.916554075518478057e-04
5.661269355108425327e-04
5.406200687543636502e-04
5.151348122370627558e-04
4.896711709160080257e-04
4.642291497330285782e-04
4.388087536540919917e-04
4.134099876299236970e-04
3.880328566239507702e-04
3.626773655907117267e-04
3.373435194936376001e-04
3.120313232936229326e-04
2.867407819439362054e-04
2.614719004092837446e-04
2.362246836505625322e-04
2.109991366362908407e-04
1.857952643324517527e-04
1.606130716910488649e-04
1.354525636856881770e-04
1.103137452861671034e-04
8.519662146355190015e-05
6.010119717112373354e-05
3.502747738630537441e-05
9.975467076356607683e-06
-1.505482878638101773e-05
-4.006340522702057146e-05
-6.505025727448739484e-05
-9.001537996024657276e-05
-1.149587683094090065e-04
-1.398804173369209850e-04
-1.647803220869479375e-04
-1.896584775668097664e-04
-2.145148788079644011e-04
-2.393495208253536852e-04
-2.641623986466208910e-04
-2.889535072930560829e-04
-3.137228417795962258e-04
-3.384703971275291072e-04
-3.631961683505171038e-04
-3.879001504711176041e-04
-4.125823385017185051e-04
-4.372427274585223610e-04
-4.618813123666210994e-04
-4.864980882244236736e-04
-5.110930500532097397e-04
-5.356661928628214881e-04
-5.602175116618297738e-04
-5.847470014638845052e-04
-6.092546572864479711e-04
-6.337404741279229446e-04
-6.582044469981435933e-04
-6.826465709005914186e-04
-7.070668408654291618e-04
-7.314652518656424279e-04
-7.558417989301177437e-04
-7.801964770445446364e-04
-8.045292812276440449e-04
-8.288402064714534999e-04
-8.531292477857980614e-04
-8.773964001703365512e-04
-9.016416586145604680e-04
-9.258650181257518756e-04
-9.500664737061030509e-04
-9.742460203552693460e-04
-9.984036530538429113e-04
-1.022539366800203318e-03
-1.046653156619410186e-03
-1.070745017465371497e-03
-1.094814944359332430e-03
-1.118862932278067010e-03
-1.142888976219947218e-03
-1.166893071176992262e-03
-1.190875212136135791e-03
-1.214835394088122208e-03
-1.238773612023695700e-03
-1.262689860931054744e-03
-1.286584135792048734e-03
-1.310456431589790156e-03
-1.334306743323911918e-03
-1.358135065971171999e-03
-1.381941394505788092e-03
-1.405725723917222638e-03
-1.429488049197476414e-03
-1.453228365318220755e-03
-1.476946667254938400e-03
-1.500642950000896040e-03
-1.524317208517595411e-03
-1.547969437802113307e-03
-1.571599632813407491e-03
-1.595207788548551071e-03
-1.618793899960145784e-03
-1.642357962035097090e-03
-1.665899969737439420e-03
-1.689419918059157939e-03
-1.712917801963010321e-03
-1.736393616406675840e-03
-1.759847356380861601e-03
-1.783279016840701170e-03
-1.806688592771817396e-03
-1.830076079124256985e-03
-1.853441470864581860e-03
-1.876784762983494141e-03
-1.900105950420869633e-03
-1.923405028149619564e-03
-1.946681991145192848e-03
-1.969936834348732721e-03
-1.993169552739496898e-03
-2.016380141267518425e-03
-2.039568594905700506e-03
-2.062734908606611919e-03
-2.085879077334258473e-03
-2.109001096033586136e-03
-2.132100959671134714e-03
-2.155178663207093191e-03
-2.178234201600375963e-03
-2.201267569790840185e-03
-2.224278762739937288e-03
-2.247267775405309247e-03
-2.270234602736968723e-03
-2.293179239676034886e-03
-2.316101681187766447e-03
-2.339001922220902349e-03
-2.361879957722908679e-03
-2.384735782631086480e-03
-2.407569391900520744e-03
-2.430380780488839137e-03
-2.453169943323171148e-03
-2.475936875358598303e-03
-2.498681571536223289e-03
-2.521404026802229366e-03
-2.544104236096448104e-03
-2.566782194362513588e-03
-2.589437896538985401e-03
-2.612071337570766143e-03
-2.634682512398949395e-03
-2.657271415950649470e-03
-2.679838043161872439e-03
-2.702382388983869121e-03
-2.724904448345018444e-03
-2.747404216188946251e-03
-2.769881687433863385e-03
-2.792336857023387450e-03
-2.814769719885893036e-03
-2.837180270957372335e-03
-2.859568505166193431e-03
-2.881934417449616165e-03
-2.904278002722028920e-03
-2.926599255915605761e-03
-2.948898171977764639e-03
-2.971174745808912061e-03
-2.993428972356462509e-03
-3.015660846524631077e-03
-3.037870363257015420e-03
-3.060057517462908602e-03
-3.082222304071929875e-03
-3.104364718006072648e-03
-3.126484754189869965e-03
-3.148582407531335531e-03
-3.170657672965163099e-03
-3.192710545398092653e-03
-3.214741019752105460e-03
-3.236749090939022074e-03
-3.258734753884630613e-03
-3.280698003499477478e-03
-3.302638834692830580e-03
-3.324557242390476300e-03
-3.346453221502950198e-03
-3.368326766922998677e-03
-3.390177873586567095e-03
-3.412006536391479390e-03
-3.433812750244453430e-03
-3.455596510064907426e-03
-3.477357810748119612e-03
-3.499096647204611669e-03
-3.520813014352528088e-03
-3.542506907092221602e-03
-3.564178320307524739e-03
-3.585827248931823703e-03
-3.607453687854028125e-03
-3.629057631969401058e-03
-3.650639076192263230e-03
-3.672198015411517330e-03
-3.693734444541479749e-03
-3.715248358462156647e-03
-3.736739752087857910e-03
-3.758208620306209904e-03
-3.779654958016271694e-03
-3.801078760110748050e-03
-3.822480021484880777e-03
-3.843858737036450878e-03
-3.865214901658158356e-03
-3.886548510233801910e-03
-3.907859557664969397e-03
-3.929148038840537052e-03
-3.950413948641760473e-03
-3.971657281961326648e-03
-3.992878033695728551e-03
-4.014076198713507557e-03
-4.035251771920048830e-03
-4.056404748191512651e-03
-4.077535122415489391e-03
-4.098642889468134126e-03
-4.119728044245929421e-03
-4.140790581616132088e-03
-4.161830496467592774e-03
-4.182847783684083727e-03
-4.203842438140475458e-03
-4.224814454715448801e-03
-4.245763828287684588e-03
-4.266690553732048127e-03
-4.287594625929756417e-03
-4.308476039749313535e-03
-4.329334790080829540e-03
-4.350170871775014582e-03
-4.370984279725783836e-03
-4.391775008778762979e-03
-4.412543053844376548e-03
-4.433288409758083873e-03
-4.454011071406162141e-03
-4.474711033645667989e-03
-4.495388291359057875e-03
-4.516042839407195288e-03
-4.536674672656019515e-03
-4.557283785974006879e-03
-4.577870174219470824e-03
-4.598433832257069545e-03
-4.618974754952736260e-03
-4.639492937169854142e-03
-4.659988373765455542e-03
-4.680461059602919298e-03
-4.700910989545622511e-03
-4.721338158439156163e-03
-4.741742561158324848e-03
-4.762124192541091101e-03
-4.782483047463524130e-03
-4.802819120768663137e-03
-4.823132407310974819e-03
-4.843422901961443039e-03
-4.863690599546577689e-03
-4.883935494931004873e-03
-4.904157582970453295e-03
-4.924356858510482715e-03
-4.944533316400462342e-03
-4.964686951489763987e-03
-4.984817758625205951e-03
-5.004925732657424658e-03
-5.025010868420533294e-03
-5.045073160782941393e-03
-5.065112604571138030e-03
-5.085129194629389726e-03
-5.105122925812127614e-03
-5.125093792945826891e-03
-5.145041790883642802e-03
-5.164966914460936663e-03
-5.184869158511802578e-03
-5.204748517899547393e-03
-5.224604987425223064e-03
-5.244438561955946758e-03
-5.264249236309278060e-03
-5.284037005340893635e-03
-5.303801863851833297e-03
-5.323543806710471019e-03
-5.343262828738168900e-03
-5.362958924756285571e-03
-5.382632089605237334e-03
-5.402282318116540492e-03
-5.421909605119169112e-03
-5.441513945434468813e-03
-5.461095333888868822e-03
-5.480653765322767226e-03
-5.500189234561314762e-03
-5.519701736422033718e-03
-5.539191265727528256e-03
-5.558657817305481808e-03
-5.578101385983569131e-03
-5.597521966579308179e-03
-5.616919553903849602e-03
-5.636294142792487930e-03
-5.655645728057643630e-03
-5.674974304521899181e-03
-5.694279866995125006e-03
-5.713562410302442350e-03
-5.732821929262607759e-03
-5.752058418676591657e-03
-5.771271873369502280e-03
-5.790462288152466858e-03
-5.809629657840422075e-03
-5.828773977244488223e-03
-5.847895241171973540e-03
-5.866993444441617224e-03
-5.886068581851822308e-03
-5.905120648213700411e-03
-5.924149638343438953e-03
-5.943155547033081472e-03
-5.962138369102619635e-03
-5.981098099352988307e-03
-6.000034732591463631e-03
-6.018948263604996865e-03
-6.037838687212297717e-03
-6.056705998220636260e-03
-6.075550191413139553e-03
-6.094371261604695708e-03
-6.113169203589859275e-03
-6.131944012166993391e-03
-6.150695682119212970e-03
-6.169424208266474988e-03
-6.188129585388072763e-03
-6.206811808295062405e-03
-6.225470871770544083e-03
-6.244106770600156738e-03
-6.262719499593671912e-03
-6.281309053539265580e-03
-6.299875427212398189e-03
-6.318418615422834346e-03
-6.336938612953653405e-03
-6.355435414581577826e-03
-6.373909015104925642e-03
-6.392359409310581324e-03
-6.410786591985416331e-03
-6.429190557904872899e-03
-6.447571301867252580e-03
-6.465928818647989802e-03
-6.484263103018694796e-03
-6.502574149780208750e-03
-6.520861953710488379e-03
-6.539126509569706015e-03
-6.557367812159955317e-03
-6.575585856249024051e-03
-6.593780636614855056e-03
-6.611952148035393773e-03
-6.630100385289850254e-03
-6.648225343140910445e-03
-6.666327016377947279e-03
-6.684405399759823369e-03
-6.702460488069548680e-03
-6.720492276087585738e-03
-6.738500758548650674e-03
-6.756485930256066197e-03
-6.774447785971228486e-03
-6.792386320456792262e-03
-6.810301528483037221e-03
-6.828193404813883566e-03
-6.846061944219603186e-03
-6.863907141457754185e-03
-6.881728991301144620e-03
-6.899527488503511864e-03
-6.917302627835114799e-03
-6.935054404049681258e-03
-6.952782811918732132e-03
-6.970487846192181466e-03
-6.988169501628832894e-03
-7.005827772987485713e-03
-7.023462655032015022e-03
-7.041074142503431395e-03
-7.058662230179575323e-03
-7.076226912796363365e-03
-7.093768185127819620e-03
-7.111286041895874439e-03
-7.128780477869463977e-03
-7.146251487808625256e-03
-7.163699066453061738e-03
-7.181123208550100126e-03
-7.198523908849599820e-03
-7.215901162106502092e-03
-7.233254963061761141e-03
-7.250585306466497508e-03
-7.267892187056579183e-03
-7.285175599581847350e-03
-7.302435538792137124e-03
-7.319671999420759509e-03
-7.336884976204839301e-03
-7.354074463896739106e-03
-7.371240457239923265e-03
-7.388382950958794979e-03
-7.405501939804437495e-03
-7.422597418511402145e-03
-7.439669381807897247e-03
-7.456717824442445595e-03
-7.473742741145781264e-03
-7.490744126641011615e-03
-7.507721975674106797e-03
-7.524676282983407648e-03
-7.541607043280577558e-03
-7.558514251307756407e-03
-7.575397901799466038e-03
-7.592257989472428296e-03
-7.609094509072595117e-03
-7.625907455307782273e-03
-7.642696822921389924e-03
-7.659462606626309643e-03
-7.676204801157032048e-03
-7.692923401217554788e-03
-7.709618401560143323e-03
-7.726289796890054712e-03
-7.742937581931593274e-03
-7.759561751400165068e-03
-7.776162300031511446e-03
-7.792739222530857372e-03
-7.809292513612337353e-03
-7.825822168004044344e-03
-7.842328180420089431e-03
-7.858810545573314751e-03
-7.875269258170202943e-03
-7.891704312937557197e-03
-7.908115704594556594e-03
-7.924503427832419941e-03
-7.940867477371585728e-03
-7.957207847927404501e-03
-7.973524534199978586e-03
-7.989817530919891136e-03
-8.006086832755471283e-03
-8.022332434438568527e-03
-8.038554330690858216e-03
-8.054752516190817613e-03
-8.070926985649951382e-03
-8.087077733764510765e-03
-8.103204755259966682e-03
-8.119308044831286680e-03
-8.135387597154384101e-03
-8.151443406958523707e-03
-8.167475468922144599e-03
-8.183483777757988298e-03
-8.199468328162266145e-03
-8.215429114826110213e-03
-8.231366132443183534e-03
-8.247279375713501698e-03
-8.263168839340881075e-03
-8.279034518006265705e-03
-8.294876406388053056e-03
-8.310694499211641190e-03
-8.326488791140174150e-03
-8.342259276872359547e-03
-8.358005951094196403e-03
-8.373728808506926760e-03
-8.389427843786372019e-03
-8.405103051619785409e-03
-8.420754426691875322e-03
-8.436381963693690561e-03
-8.451985657299763630e-03
-8.467565502201136393e-03
-8.483121493071055924e-03
-8.498653624598015779e-03
-8.514161891466687920e-03
-8.529646288345221067e-03
-8.545106809922089694e-03
-8.560543450865430379e-03
-8.575956205859894266e-03
-8.591345069578691998e-03
-8.606710036696295363e-03
-8.622051101888442495e-03
-8.637368259841033541e-03
-8.652661505203109241e-03
-8.667930832654208509e-03
-8.683176236875126200e-03
-8.698397712526322739e-03
-8.713595254283506772e-03
-8.728768856808396398e-03
-8.743918514776686385e-03
-8.759044222848812872e-03
-8.774145975694105926e-03
-8.789223767976798996e-03
-8.804277594352231603e-03
-8.819307449501144827e-03
-8.834313328063626500e-03
-8.849295224721671904e-03
-8.864253134129326459e-03
-8.879187050940630377e-03
-8.894096969821047027e-03
-8.908982885429683751e-03
-8.923844792410392732e-03
-8.938682685441333778e-03
-8.953496559153634876e-03
-8.968286408229253145e-03
-8.983052227295500181e-03
-8.997794011022878721e-03
-9.012511754056476074e-03
-9.027205451046453610e-03
-9.041875096646783891e-03
-9.056520685507612675e-03
-9.071142212271461613e-03
-9.085739671588466057e-03
-9.100313058113838893e-03
-9.114862366485001685e-03
-9.129387591344434449e-03
-9.143888727344801765e-03
-9.158365769117144881e-03
-9.172818711321724730e-03
-9.187247548583223067e-03
-9.201652275559340372e-03
-9.216032886873479907e-03
-9.230389377174434348e-03
-9.244721741094485273e-03
-9.259029973278602027e-03
-9.273314068359052309e-03
-9.287574020974435560e-03
-9.301809825754462496e-03
-9.316021477341538543e-03
-9.330208970345027844e-03
-9.344372299431462359e-03
-9.358511459206382901e-03
-9.372626444309624036e-03
-9.386717249382281469e-03
-9.400783869031153692e-03
-9.414826297893504406e-03
-9.428844530600249962e-03
-9.442838561765776531e-03
-9.456808386031150329e-03
-9.470753998015831593e-03
-9.484675392339264946e-03
-9.498572563629790674e-03
-9.512445506494137878e-03
-9.526294215579687169e-03
-9.540118685475364180e-03
-9.553918910818370164e-03
-9.567694886233194321e-03
-9.581446606325257770e-03
-9.595174065715219441e-03
-9.608877259018657260e-03
-9.622556180847317148e-03
-9.636210825820567399e-03
-9.649841188551420285e-03
-9.663447263642708715e-03
-9.677029045723942180e-03
-9.690586529385236333e-03
-9.704119709253541948e-03
-9.717628579917689247e-03
-9.731113136012240969e-03
-9.744573372115832369e-03
-9.758009282854125319e-03
-9.771420862836246307e-03
-9.784808106644624429e-03
-9.798171008904892065e-03
-9.811509564199466168e-03
-9.824823767142528211e-03
-9.838113612344431130e-03
-9.851379094388839144e-03
-9.864620207875932772e-03
-9.877836947417313954e-03
-9.891029307596617415e-03
-9.904197283012733041e-03
-9.917340868270877255e-03
-9.930460057952134739e-03
-9.943554846665520960e-03
-9.956625228990826498e-03
-9.969671199526889196e-03
-9.982692752863649502e-03
-9.995689883594841701e-03
-1.000866258630784753e-02
-1.002161085558368400e-02
-1.003453468602876451e-02
-1.004743407221011554e-02
-1.006030900872524614e-02
-1.007315949016530585e-02
-1.008598551109601837e-02
-1.009878706610724611e-02
-1.011156414979392029e-02
-1.012431675672936272e-02
-1.013704488148689346e-02
-1.014974851866268755e-02
-1.016242766281479255e-02
-1.017508230855207300e-02
-1.018771245042493848e-02
-1.020031808302317676e-02
-1.021289920091878259e-02
-1.022545579867738252e-02
-1.023798787089000642e-02
-1.025049541211718596e-02
-1.026297841693976816e-02
-1.027543687991572079e-02
-1.028787079563731229e-02
-1.030028015864851293e-02
-1.031266496353395144e-02
-1.032502520485536687e-02
-1.033736087719736713e-02
-1.034967197509753349e-02
-1.036195849313791516e-02
-1.037422042587512333e-02
-1.038645776788100182e-02
-1.039867051371345073e-02
-1.041085865793794744e-02
-1.042302219510600307e-02
-1.043516111978943714e-02
-1.044727542654099936e-02
-1.045936510991470926e-02
-1.047143016447092331e-02
-1.048347058476490658e-02
-1.049548636536716019e-02
-1.050747750081387419e-02
-1.051944398566028414e-02
-1.053138581447177723e-02
-1.054330298178959499e-02
-1.055519548216894699e-02
-1.056706331014723756e-02
-1.057890646029486202e-02
-1.059072492715174875e-02
-1.060251870526546063e-02
-1.061428778917844484e-02
-1.062603217344076402e-02
-1.063775185259992727e-02
-1.064944682119072471e-02
-1.066111707376954029e-02
-1.067276260486352442e-02
-1.068438340902395749e-02
-1.069597948079193707e-02
-1.070755081470348147e-02
-1.071909740529712780e-02
-1.073061924711521918e-02
-1.074211633469246592e-02
-1.075358866255975154e-02
-1.076503622525938966e-02
-1.077645901732599172e-02
-1.078785703328664393e-02
-1.079923026767599589e-02
-1.081057871504013425e-02
-1.082190236988064824e-02
-1.083320122674867429e-02
-1.084447528017882037e-02
-1.085572452467900399e-02
-1.086694895478761830e-02
-1.087814856503288921e-02
-1.088932334993666581e-02
-1.090047330403096787e-02
-1.091159842182618661e-02
-1.092269869786320971e-02
-1.093377412664097402e-02
-1.094482470269017224e-02
-1.095585042054528398e-02
-1.096685127471025943e-02
-1.097782725969800519e-02
-1.098877837004678948e-02
-1.099970460025929443e-02
-1.101060594485597441e-02
-1.102148239835219409e-02
-1.103233395525186726e-02
-1.104316061008176787e-02
-1.105396235734451560e-02
-1.106473919155669464e-02
-1.107549110722852274e-02
-1.108621809886639782e-02
-1.109692016098305471e-02
-1.110759728808867648e-02
-1.111824947468072547e-02
-1.112887671526936566e-02
-1.113947900436473154e-02
-1.115005633646044651e-02
-1.116060870607298028e-02
-1.117113610769973446e-02
-1.118163853583937009e-02
-1.119211598499180241e-02
-1.120256844966202245e-02
-1.121299592434483496e-02
-1.122339840353377138e-02
-1.123377588174648278e-02
-1.124412835345359706e-02
-1.125445581317147808e-02
-1.126475825537326739e-02
-1.127503567457021315e-02
-1.128528806524560328e-02
-1.129551542190430392e-02
-1.130571773901814167e-02
-1.131589501109052376e-02
-1.132604723259970914e-02
-1.133617439805179386e-02
-1.134627650191472568e-02
-1.135635353868312547e-02
-1.136640550284524764e-02
-1.137643238888678618e-02
-1.138643419127818683e-02
-1.139641090452417176e-02
-1.140636252307990553e-02
-1.141628904145644205e-02
-1.142619045410510174e-02
-1.143606675553183148e-02
-1.144591794019173339e-02
-1.145574400257420682e-02
-1.146554493715593037e-02
-1.147532073841358094e-02
-1.148507140081749325e-02
-1.149479691883917819e-02
-1.150449728696542433e-02
-1.151417249964615565e-02
-1.152382255137448380e-02
-1.153344743660919200e-02
-1.154304714982812112e-02
-1.155262168548621196e-02
-1.156217103806127591e-02
-1.157169520201712168e-02
-1.158119417181500618e-02
-1.159066794193014914e-02
-1.160011650682377625e-02
-1.160953986095328988e-02
-1.161893799877988624e-02
-1.162831091477872086e-02
-1.163765860339298353e-02
-1.164698105908637191e-02
-1.165627827632901778e-02
-1.166555024957059185e-02
-1.167479697327218971e-02
-1.168401844187583020e-02
-1.169321464984639063e-02
-1.170238559164237489e-02
-1.171153126171083428e-02
-1.172065165450643029e-02
-1.172974676447872781e-02
-1.173881658608616312e-02
-1.174786111376555607e-02
-1.175688034197150920e-02
-1.176587426515351108e-02
-1.177484287775850194e-02
-1.178378617422578059e-02
-1.179270414901272858e-02
-1.180159679654949924e-02
-1.181046411129566334e-02
-1.181930608767648577e-02
-1.182812272014897338e-02
-1.183691400314598567e-02
-1.184567993110543886e-02
-1.185442049845888968e-02
-1.186313569967344106e-02
-1.187182552915012033e-02
-1.188048998134965013e-02
-1.188912905069207729e-02
-1.189774273162411480e-02
-1.190633101856578176e-02
-1.191489390596248490e-02
-1.192343138824818183e-02
-1.193194345983754172e-02
-1.194043011516532533e-02
-1.194889134866587189e-02
-1.195732715476923759e-02
-1.196573752788893455e-02
-1.197412246246514107e-02
-1.198248195291133633e-02
-1.199081599366130617e-02
-1.199912457914119671e-02
-1.200740770375679882e-02
-1.201566536193676357e-02
-1.202389754811861340e-02
-1.203210425670426555e-02
-1.204028548210580099e-02
-1.204844121876067278e-02
-1.205657146108091680e-02
-1.206467620347599808e-02
-1.207275544036240378e-02
-1.208080916615715365e-02
-1.208883737526296118e-02
-1.209684006211720654e-02
-1.210481722111532259e-02
-1.211276884666796436e-02
-1.212069493318069548e-02
-1.212859547506413629e-02
-1.213647046673778720e-02
-1.214431990259317445e-02
-1.215214377704976201e-02
-1.215994208450285087e-02
-1.216771481935789365e-02
-1.217546197601523592e-02
-1.218318354889299550e-02
-1.219087953238132301e-02
-1.219854992087542576e-02
-1.220619470878152660e-02
-1.221381389049087246e-02
-1.222140746041643078e-02
-1.222897541294057713e-02
-1.223651774246980323e-02
-1.224403444338643607e-02
-1.225152551009819034e-02
-1.225899093698735315e-02
-1.226643071845270015e-02
-1.227384484888028107e-02
-1.228123332267136783e-02
-1.228859613420434094e-02
-1.229593327786771863e-02
-1.230324474805381124e-02
-1.231053053914855228e-02
-1.231779064553530437e-02
-1.232502506160654612e-02
-1.233223378173971783e-02
-1.233941680031255643e-02
-1.234657411172106027e-02
-1.235370571033199069e-02
-1.236081159053495360e-02
-1.236789174671063841e-02
-1.237494617322955001e-02
-1.238197486447360253e-02
-1.238897781481833500e-02
-1.239595501864688629e-02
-1.240290647031950209e-02
-1.240983216421546673e-02
-1.241673209471276344e-02
-1.242360625617538669e-02
-1.243045464298889700e-02
-1.243727724950960921e-02
-1.244407407010644090e-02
-1.245084509915344965e-02
-1.245759033101709323e-02
-1.246430976006248498e-02
-1.247100338065343893e-02
-1.247767118715375004e-02
-1.248431317393227172e-02
-1.249092933535147186e-02
-1.249751966576872347e-02
-1.250408415955025880e-02
-1.251062281104450315e-02
-1.251713561462145310e-02
-1.252362256463965089e-02
-1.253008365544617392e-02
-1.253651888140839936e-02
-1.254292823686827853e-02
-1.254931171619441156e-02
-1.255566931373174391e-02
-1.256200102384212765e-02
-1.256830684085341772e-02
-1.257458675914429995e-02
-1.258084077304769122e-02
-1.258706887692189781e-02
-1.259327106512138361e-02
-1.259944733196502117e-02
-1.260559767181993265e-02
-1.261172207902272642e-02
-1.261782054792649939e-02
-1.262389307287034752e-02
-1.262993964819080286e-02
-1.263596026823199554e-02
-1.264195492734819168e-02
-1.264792361985171178e-02
-1.265386634010020640e-02
-1.265978308242040121e-02
-1.266567384116343981e-02
-1.267153861065039265e-02
-1.267737738521245057e-02
-1.268319015920111627e-02
-1.268897692694244926e-02
-1.269473768275993820e-02
-1.270047242099356030e-02
-1.270618113596420906e-02
-1.271186382201561389e-02
-1.271752047346606448e-02
-1.272315108463382104e-02
-1.272875564985745042e-02
-1.273433416346277276e-02
-1.273988661976287705e-02
-1.274541301309369511e-02
-1.275091333777188946e-02
-1.275638758811681837e-02
-1.276183575845043529e-02
-1.276725784309710315e-02
-1.277265383636844859e-02
-1.277802373257733853e-02
-1.278336752605693447e-02
-1.278868521111241677e-02
-1.279397678205782332e-02
-1.279924223320716599e-02
-1.280448155887314865e-02
-1.280969475337352670e-02
-1.281488181100951147e-02
-1.282004272610386825e-02
-1.282517749295011486e-02
-1.283028610587223263e-02
-1.283536855916367000e-02
-1.284042484713945366e-02
-1.284545496409970206e-02
-1.285045890435426719e-02
-1.285543666220667625e-02
-1.286038823195406570e-02
-1.286531360789863222e-02
-1.287021278433745329e-02
-1.287508575558790613e-02
-1.287993251591650935e-02
-1.288475305965455786e-02
-1.288954738107739827e-02
-1.289431547449338897e-02
-1.289905733418671326e-02
-1.290377295445422831e-02
-1.290846232959530146e-02
-1.291312545389147748e-02
-1.291776232164460608e-02
-1.292237292713109380e-02
-1.292695726465779675e-02
-1.293151532850612961e-02
-1.293604711294223282e-02
-1.294055261228557741e-02
-1.294503182079842322e-02
-1.294948473277730827e-02
-1.295391134249967643e-02
-1.295831164425437047e-02
-1.296268563230988137e-02
-1.296703330095752560e-02
-1.297135464446572128e-02
-1.297564965713462332e-02
-1.297991833321733395e-02
-1.298416066700631456e-02
-1.298837665277366264e-02
-1.299256628479488786e-02
-1.299672955733667187e-02
-1.300086646466975561e-02
-1.300497700106977191e-02
-1.300906116082754457e-02
-1.301311893817159483e-02
-1.301715032740154501e-02
-1.302115532277979375e-02
-1.302513391856897039e-02
-1.302908610903174766e-02
-1.303301188843983618e-02
-1.303691125105094738e-02
-1.304078419114691051e-02
-1.304463070296507307e-02
-1.304845078077688549e-02
-1.305224441884053101e-02
-1.305601161141845511e-02
-1.305975235276415035e-02
-1.306346663713613999e-02
-1.306715445878525901e-02
-1.307081581197527646e-02
-1.307445069096241363e-02
-1.307805908999794264e-02
-1.308164100333029239e-02
-1.308519642521423915e-02
-1.308872534989946428e-02
-1.309222777163818879e-02
-1.309570368466896062e-02
-1.309915308324968893e-02
-1.310257596161808202e-02
-1.310597231402067971e-02
-1.310934213470774969e-02
-1.311268541791803764e-02
-1.311600215788003530e-02
-1.311929234886841447e-02
-1.312255598510645230e-02
-1.312579306082187550e-02
-1.312900357027526818e-02
-1.313218750769545341e-02
-1.313534486730871462e-02
-1.313847564337690919e-02
-1.314157983010687432e-02
-1.314465742175141214e-02
-1.314770841252162550e-02
-1.315073279667512349e-02
-1.315373056842245383e-02
-1.315670172200842335e-02
-1.315964625165490925e-02
-1.316256415158734497e-02
-1.316545541603342598e-02
-1.316832003923015283e-02
-1.317115801539549269e-02
-1.317396933874865825e-02
-1.317675400351134285e-02
-1.317951200391917488e-02
-1.318224333417598350e-02
-1.318494798851349743e-02
-1.318762596115450984e-02
-1.319027724629659448e-02
-1.319290183817639801e-02
-1.319549973099665673e-02
-1.319807091897735353e-02
-1.320061539633460984e-02
-1.320313315728450024e-02
-1.320562419602525767e-02
-1.320808850678302504e-02
-1.321052608375594163e-02
-1.321293692116369371e-02
-1.321532101320232154e-02
-1.321767835409469807e-02
-1.322000893803681153e-02
-1.322231275923427436e-02
-1.322458981189009869e-02
-1.322684009020853695e-02
-1.322906358839633263e-02
-1.323126030064874711e-02
-1.323343022116862944e-02
-1.323557334416005163e-02
-1.323768966380165640e-02
-1.323977917432062751e-02
-1.324184186988383062e-02
-1.324387774471170662e-02
-1.324588679297509369e-02
-1.324786900887909083e-02
-1.324982438662749076e-02
-1.325175292039481624e-02
-1.325365460436444230e-02
-1.325552943274384103e-02
-1.325737739972138521e-02
-1.325919849947674103e-02
-1.326099272619572778e-02
-1.326276007406411092e-02
-1.326450053727018519e-02
-1.326621410999694051e-02
-1.326790078641983638e-02
-1.326956056072448736e-02
-1.327119342710405062e-02
-1.327279937972081388e-02
-1.327437841275889985e-02
-1.327593052039230219e-02
-1.327745569679744490e-02
-1.327895393616340680e-02
-1.328042523264364762e-02
-1.328186958042971468e-02
-1.328328697367498444e-02
-1.328467740657345714e-02
-1.328604087327836698e-02
-1.328737736796968376e-02
-1.328868688480697863e-02
-1.328996941796248797e-02
-1.329122496160077896e-02
-1.329245350988892196e-02
-1.329365505699902847e-02
-1.329482959708156407e-02
-1.329597712430728891e-02
-1.329709763282819687e-02
-1.329819111681628842e-02
-1.329925757041663242e-02
-1.330029698780082516e-02
-1.330130936312027765e-02
-1.330229469053744937e-02
-1.330325296419644122e-02
-1.330418417827552817e-02
-1.330508832690471994e-02
-1.330596540425140785e-02
-1.330681540445508015e-02
-1.330763832167412494e-02
-1.330843415004553075e-02
-1.330920288373924759e-02
-1.330994451687852846e-02
-1.331065904360959756e-02
-1.331134645808210518e-02
-1.331200675443415180e-02
-1.331263992680999445e-02
-1.331324596936286214e-02
-1.331382487628438201e-02
-1.331437664164299151e-02
-1.331490125964386075e-02
-1.331539872434298229e-02
-1.331586902990873622e-02
-1.331631217049163152e-02
-1.331672814024638558e-02
-1.331711693330508289e-02
-1.331747854375346304e-02
-1.331781296574973718e-02
-1.331812019343943387e-02
-1.331840022097186167e-02
-1.331865304247068643e-02
-1.331887865203027453e-02
-1.331907704375688561e-02
-1.331924821179751063e-02
-1.331939215026885399e-02
-1.331950885340597510e-02
-1.331959831518952572e-02
-1.331966052978600379e-02
-1.331969549138812062e-02
-1.331970319401402231e-02
-1.331968316421445336e-02
-1.331968316421426775e-02
-1.331966318945545374e-02
-1.331963694073199679e-02
-1.331960418658447581e-02
-1.331956492623859872e-02
-1.331951915899322152e-02
-1.331946688431746677e-02
-1.331940810140821649e-02
-1.331934280954581024e-02
-1.331927100808612263e-02
-1.331919269637465292e-02
-1.331910787367021273e-02
-1.331901653931971512e-02
-1.331891869263449740e-02
-1.331881433291845496e-02
-1.331870345949288763e-02
-1.331858607168379810e-02
-1.331846216880911912e-02
-1.331833175018653538e-02
-1.331819481512355220e-02
-1.331805136293384186e-02
-1.331790139293906501e-02
-1.331774490443848359e-02
-1.331758189674055182e-02
-1.331741236916151802e-02
-1.331723632101698002e-02
-1.331705375159828592e-02
-1.331686466022150711e-02
-1.331666904622000151e-02
-1.331646690890238641e-02
-1.331625824760488547e-02
-1.331604306162892729e-02
-1.331582135027230794e-02
-1.331559311286119145e-02
-1.331535834870745637e-02
-1.331511705712557121e-02
-1.331486923741330604e-02
-1.331461488888960841e-02
-1.331435401086944123e-02
-1.331408660265498596e-02
-1.331381266358006021e-02
-1.331353219294440296e-02
-1.331324519006554276e-02
-1.331295165425548481e-02
-1.331265158483024846e-02
-1.331234498110563449e-02
-1.331203184238597889e-02
-1.331171216799391203e-02
-1.331138595723546474e-02
-1.331105320942969211e-02
-1.331071392387521424e-02
-1.331036809988335283e-02
-1.331001573676855038e-02
-1.330965683384806308e-02
-1.330929139043622068e-02
-1.330891940584287211e-02
-1.330854087937923501e-02
-1.330815581037128256e-02
-1.330776419810996217e-02
-1.330736604190497531e-02
-1.330696134108827651e-02
-1.330655009496351134e-02
-1.330613230284155568e-02
-1.330570796403665948e-02
-1.330527707786065272e-02
-1.330483964361045893e-02
-1.330439566061287007e-02
-1.330394512817403146e-02
-1.330348804560488318e-02
-1.330302441221320811e-02
-1.330255422732672110e-02
-1.330207749024033513e-02
-1.330159420026188165e-02
-1.330110435671100211e-02
-1.330060795888294602e-02
-1.330010500609305618e-02
-1.329959549768136920e-02
-1.329907943293640905e-02
-1.329855681116969349e-02
-1.329802763170286235e-02
-1.329749189383700771e-02
-1.329694959687823669e-02
-1.329640074014581085e-02
-1.329584532292918397e-02
-1.329528334456809603e-02
-1.329471480435998922e-02
-1.329413970162547642e-02
-1.329355803566381958e-02
-1.329296980579627863e-02
-1.329237501131249645e-02
-1.329177365153926330e-02
-1.329116572577041314e-02
-1.329055123333240315e-02
-1.328993017354161699e-02
-1.328930254569575357e-02
-1.328866834910848171e-02
-1.328802758308382341e-02
-1.328738024693694453e-02
-1.328672633996650157e-02
-1.328606586150115135e-02
-1.328539881082827293e-02
-1.328472518728122768e-02
-1.328404499014985973e-02
-1.328335821875716027e-02
-1.328266487241041779e-02
-1.328196495040232135e-02
-1.328125845206093621e-02
-1.328054537668131065e-02
-1.327982572358353368e-02
-1.327909949206074365e-02
-1.327836668145585160e-02
-1.327762729105941980e-02
-1.327688132018106648e-02
-1.327612876813168488e-02
-1.327536963422725098e-02
-1.327460391775960209e-02
-1.327383161804726250e-02
-1.327305273439349613e-02
-1.327226726612319024e-02
-1.327147521252691059e-02
-1.327067657291429101e-02
-1.326987134660893852e-02
-1.326905953290651204e-02
-1.326824113111665232e-02
-1.326741614054983108e-02
-1.326658456051835709e-02
-1.326574639032636685e-02
-1.326490162928738864e-02
-1.326405027669081034e-02
-1.326319233186159206e-02
-1.326232779410182160e-02
-1.326145666271994449e-02
-1.326057893702693551e-02
-1.325969461632234454e-02
-1.325880369991841098e-02
-1.325790618713501047e-02
-1.325700207726151526e-02
-1.325609136962033023e-02
-1.325517406350972330e-02
-1.325425015823811746e-02
-1.325331965312283831e-02
-1.325238254746208787e-02
-1.325143884056837612e-02
-1.325048853173542256e-02
-1.324953162029077029e-02
-1.324856810552637806e-02
-1.324759798676088465e-02
-1.324662126329386770e-02
-1.324563793442998412e-02
-1.324464799948913904e-02
-1.324365145776454540e-02
-1.324264830857228500e-02
-1.324163855121010536e-02
-1.324062218499735995e-02
-1.323959920923359866e-02
-1.323856962323105395e-02
-1.323753342628542634e-02
-1.323649061771529911e-02
-1.323544119682400731e-02
-1.323438516291234809e-02
-1.323332251529636509e-02
-1.323225325328195208e-02
-1.323117737616771004e-02
-1.323009488327018396e-02
-1.322900577388631989e-02
-1.322791004732592167e-02
-1.322680770289496460e-02
-1.322569873989942572e-02
-1.322458315765289404e-02
-1.322346095545114814e-02
-1.322233213258997876e-02
-1.322119668840834872e-02
-1.322005462218423313e-02
-1.321890593323647722e-02
-1.321775062087038842e-02
-1.321658868438400913e-02
-1.321542012308819444e-02
-1.321424493629634080e-02
-1.321306312330280085e-02
-1.321187468342607460e-02
-1.321067961595545452e-02
-1.320947792020310714e-02
-1.320826959548629560e-02
-1.320705464108798063e-02
-1.320583305633942113e-02
-1.320460484051825048e-02
-1.320336999295169608e-02
-1.320212851293555908e-02
-1.320088039976818374e-02
-1.319962565277077275e-02
-1.319836427123022120e-02
-1.319709625447152909e-02
-1.319582160178285613e-02
-1.319454031248157126e-02
-1.319325238586075734e-02
-1.319195782122561597e-02
-1.319065661789477206e-02
-1.318934877517025095e-02
-1.318803429234518231e-02
-1.318671316873303544e-02
-1.318538540363839093e-02
-1.318405099636583803e-02
-1.318270994621106688e-02
-1.318136225249265207e-02
-1.318000791450630454e-02
-1.317864693155944289e-02
-1.317727930295280701e-02
-1.317590502799691025e-02
-1.317452410598372176e-02
-1.317313653622553815e-02
-1.317174231803466128e-02
-1.317034145070559645e-02
-1.316893393353666536e-02
-1.316751976583888963e-02
-1.316609894692329433e-02
-1.316467147607930550e-02
-1.316323735262547520e-02
-1.316179657585650128e-02
-1.316034914507582115e-02
-1.315889505959062095e-02
-1.315743431870427908e-02
-1.315596692171763261e-02
-1.315449286793405823e-02
-1.315301215667345411e-02
-1.315152478721252037e-02
-1.315003075887751123e-02
-1.314853007095783191e-02
-1.314702272276068069e-02
-1.314550871357927919e-02
-1.314398804274115491e-02
-1.314246070953826312e-02
-1.314092671326255908e-02
-1.313938605321997473e-02
-1.313783872873295830e-02
-1.313628473908458327e-02
-1.313472408357950483e-02
-1.313315676153256444e-02
-1.313158277223699065e-02
-1.313000211499618097e-02
-1.312841478911735277e-02
-1.312682079389373806e-02
-1.312522012864144987e-02
-1.312361279265245734e-02
-1.312199878523397610e-02
-1.312037810569322699e-02
-1.311875075331964124e-02
-1.311711672742679573e-02
-1.311547602730793460e-02
-1.311382865228298902e-02
-1.311217460162996187e-02
-1.311051387466497312e-02
-1.310884647069652208e-02
-1.310717238901405561e-02
-1.310549162891844546e-02
-1.310380418972455392e-02
-1.310211007073071657e-02
-1.310040927122892336e-02
-1.309870179053149522e-02
-1.309698762793042384e-02
-1.309526678273940578e-02
-1.309353925425159847e-02
-1.309180504177041675e-02
-1.309006414460691867e-02
-1.308831656204420719e-02
-1.308656229340351106e-02
-1.308480133797429099e-02
-1.308303369505109393e-02
-1.308125936395895979e-02
-1.307947834397719077e-02
-1.307769063441558723e-02
-1.307589623457759004e-02
-1.307409514375902464e-02
-1.307228736127223449e-02
-1.307047288640161148e-02
-1.306865171846076888e-02
-1.306682385674554081e-02
-1.306498930056064836e-02
-1.306314804919684464e-02
-1.306130010196901794e-02
-1.305944545817173952e-02
-1.305758411711481493e-02
-1.305571607807249311e-02
-1.305384134036857713e-02
-1.305195990330396648e-02
-1.305007176617196604e-02
-1.304817692827985390e-02
-1.304627538891204273e-02
-1.304436714738470976e-02
-1.304245220299115812e-02
-1.304053055504249270e-02
-1.303860220282566929e-02
-1.303666714564416518e-02
-1.303472538280526886e-02
-1.303277691360230257e-02
-1.303082173733625081e-02
-1.302885985330671202e-02
-1.302689126082607132e-02
-1.302491595917240966e-02
-1.302293394766191985e-02
-1.302094522558157851e-02
-1.301894979225648105e-02
-1.301694764695327140e-02
-1.301493878899069416e-02
-1.301292321766970780e-02
-1.301090093228491305e-02
-1.300887193214107611e-02
-1.300683621652134157e-02
-1.300479378475855388e-02
-1.300274463611554576e-02
-1.300068876990597908e-02
-1.299862618543461829e-02
-1.299655688200242014e-02
-1.299448085889764147e-02
-1.299239811541996921e-02
-1.299030865088688508e-02
-1.298821246457775545e-02
-1.298610955580498105e-02
-1.298399992385174118e-02
-1.298188356802536421e-02
-1.297976048763443795e-02
-1.297763068196342712e-02
-1.297549415031838509e-02
-1.297335089200537389e-02
-1.297120090630758671e-02
-1.296904419252473128e-02
-1.296688074997431363e-02
-1.296471057793063125e-02
-1.296253367570865400e-02
-1.296035004260555519e-02
-1.295815967791470735e-02
-1.295596258093455883e-02
-1.295375875096356488e-02
-1.295154818730780318e-02
-1.294933088925175578e-02
-1.294710685610531847e-02
-1.294487608716441210e-02
-1.294263858172876695e-02
-1.294039433909177118e-02
-1.293814335855061545e-02
-1.293588563941520941e-02
-1.293362118096496281e-02
-1.293134998250215946e-02
-1.292907204334179175e-02
-1.292678736276709275e-02
-1.292449594008161610e-02
-1.292219777456860182e-02
-1.291989286554940004e-02
-1.291758121230724733e-02
-1.291526281413554571e-02
-1.291293767035057473e-02
-1.291060578022414085e-02
-1.290826714307633481e-02
-1.290592175819421303e-02
-1.290356962486738021e-02
-1.290121074241457576e-02
-1.289884511011659893e-02
-1.289647272727068895e-02
-1.289409359319313234e-02
-1.289170770715575634e-02
-1.288931506846595527e-02
-1.288691567641970029e-02
-1.288450953031804007e-02
-1.288209662944805010e-02
-1.287967697313492990e-02
-1.287725056063653180e-02
-1.287481739127043813e-02
-1.287237746433897261e-02
-1.286993077912414359e-02
-1.286747733492828519e-02
-1.286501713105372979e-02
-1.286255016678630562e-02
-1.286007644143470109e-02
-1.285759595428601423e-02
-1.285510870464131455e-02
-1.285261469179405959e-02
-1.285011391504786021e-02
-1.284760637369363780e-02
-1.284509206701976713e-02
-1.284257099434638408e-02
-1.284004315493773342e-02
-1.283750854811014502e-02
-1.283496717315200410e-02
-1.283241902936566731e-02
-1.282986411605477155e-02
-1.282730243248991764e-02
-1.282473397799884472e-02
-1.282215875184582882e-02
-1.281957675334469832e-02
-1.281698798179019792e-02
-1.281439243646945517e-02
-1.281179011669754918e-02
-1.280918102174891278e-02
-1.280656515092718634e-02
-1.280394250353475601e-02
-1.280131307884859078e-02
-1.279867687619013622e-02
-1.279603389483636999e-02
-1.279338413407824296e-02
-1.279072759322957831e-02
-1.278806427157244338e-02
-1.278539416840288045e-02
-1.278271728302327916e-02
-1.278003361472080171e-02
-1.277734316279529464e-02
-1.277464592654536067e-02
-1.277194190525941624e-02
-1.276923109822589684e-02
-1.276651350475356203e-02
-1.276378912413211712e-02
-1.276105795565761827e-02
-1.275831999862231565e-02
-1.275557525231464304e-02
-1.275282371604464539e-02
-1.275006538910076863e-02
-1.274730027076764055e-02
-1.274452836035911904e-02
-1.274174965714223833e-02
-1.273896416043846826e-02
-1.273617186952588111e-02
-1.273337278370944604e-02
-1.273056690227635478e-02
-1.272775422451633692e-02
-1.272493474974199269e-02
-1.272210847722400791e-02
-1.271927540627243794e-02
-1.271643553617067372e-02
-1.271358886622878104e-02
-1.271073539573015082e-02
-1.270787512396071885e-02
-1.270500805023309226e-02
-1.270213417382685950e-02
-1.269925349403431061e-02
-1.269636601016043906e-02
-1.269347172148991947e-02
-1.269057062732012811e-02
-1.268766272694589990e-02
-1.268474801966461805e-02
-1.268182650475842103e-02
-1.267889818152723169e-02
-1.267596304925700315e-02
-1.267302110726036685e-02
-1.267007235481311909e-02
-1.266711679122153704e-02
-1.266415441575761275e-02
-1.266118522773652250e-02
-1.265820922643914881e-02
-1.265522641116161896e-02
-1.265223678120874079e-02
-1.264924033585079766e-02
-1.264623707439358966e-02
-1.264322699612434840e-02
-1.264021010034809857e-02
-1.263718638635080715e-02
-1.263415585342733682e-02
-1.263111850085730375e-02
-1.262807432795082577e-02
-1.262502333399260525e-02
-1.262196551828005664e-02
-1.261890088009661424e-02
-1.261582941873588826e-02
-1.261275113350164567e-02
-1.260966602368241568e-02
-1.260657408855021117e-02
-1.260347532742913702e-02
-1.260036973959247943e-02
-1.259725732434274943e-02
-1.259413808095958924e-02
-1.259101200874551685e-02
-1.258787910698144948e-02
-1.258473937497117494e-02
-1.258159281199815877e-02
-1.257843941736365087e-02
-1.257527919035239007e-02
-1.257211213025419966e-02
-1.256893823636652877e-02
-1.256575750797665411e-02
-1.256256994438711624e-02
-1.255937554487376873e-02
-1.255617430874422617e-02
-1.255296623527492154e-02
-1.254975132376648199e-02
-1.254652957350239212e-02
-1.254330098378774599e-02
-1.254006555389586969e-02
-1.253682328313567192e-02
-1.253357417078048743e-02
-1.253031821614557575e-02
-1.252705541849792083e-02
-1.252378577714135729e-02
-1.252050929136701296e-02
-1.251722596045966307e-02
-1.251393578371170871e-02
-1.251063876043080267e-02
-1.250733488987758671e-02
-1.250402417136479809e-02
-1.250070660417848881e-02
-1.249738218760598936e-02
-1.249405092093717508e-02
-1.249071280347589102e-02
-1.248736783449549796e-02
-1.248401601329349707e-02
-1.248065733916230505e-02
-1.247729181139180243e-02
-1.247391942927060515e-02
-1.247054019209367648e-02
-1.246715409914327978e-02
-1.246376114972073783e-02
-1.246036134310069335e-02
-1.245695467858701569e-02
-1.245354115546832424e-02
-1.245012077302531245e-02
-1.244669353055576251e-02
-1.244325942735602028e-02
-1.243981846269946734e-02
-1.243637063588489550e-02
-1.243291594620983369e-02
-1.242945439295401258e-02
-1.242598597541242321e-02
-1.242251069286480492e-02
-1.241902854461885732e-02
-1.241553952994034482e-02
-1.241204364814459289e-02
-1.240854089850245909e-02
-1.240503128031148275e-02
-1.240151479286157737e-02
-1.239799143543885221e-02
-1.239446120733323289e-02
-1.239092410784225703e-02
-1.238738013623553319e-02
-1.238382929182203600e-02
-1.238027157388153256e-02
-1.237670698170904166e-02
-1.237313551458813637e-02
-1.236955717180113212e-02
-1.236597195265320623e-02
-1.236237985642668104e-02
-1.235878088240260041e-02
-1.235517502988233915e-02
-1.235156229815075751e-02
-1.234794268649145460e-02
-1.234431619419436993e-02
-1.234068282055210408e-02
-1.233704256484821973e-02
-1.233339542638782656e-02
-1.232974140443419270e-02
-1.232608049829379826e-02
-1.232241270724008207e-02
-1.231873803057952597e-02
-1.231505646758176628e-02
-1.231136801755582273e-02
-1.230767267977387475e-02
-1.230397045352843617e-02
-1.230026133811328720e-02
-1.229654533280442538e-02
-1.229282243690960931e-02
-1.228909264968832543e-02
-1.228535597045596166e-02
-1.228161239848216645e-02
-1.227786193306709163e-02
-1.227410457348927612e-02
-1.227034031904379596e-02
-1.226656916901554782e-02
-1.226279112269071207e-02
-1.225900617935928028e-02
-1.225521433830869915e-02
-1.225141559882261290e-02
-1.224760996018847345e-02
-1.224379742169500775e-02
-1.223997798263983840e-02
-1.223615164229899070e-02
-1.223231839996627608e-02
-1.222847825491772331e-02
-1.222463120644710563e-02
-1.222077725385072727e-02
-1.221691639640600825e-02
-1.221304863339915496e-02
-1.220917396412144265e-02
-1.220529238785017859e-02
-1.220140390389062857e-02
-1.219750851152136967e-02
-1.219360621002480057e-02
-1.218969699868712592e-02
-1.218578087679837371e-02
-1.218185784364220897e-02
-1.217792789851501051e-02
-1.217399104069156329e-02
-1.217004726946443322e-02
-1.216609658413000429e-02
-1.216213898395162619e-02
-1.215817446823458381e-02
-1.215420303625493192e-02
-1.215022468729763314e-02
-1.214623942066542402e-02
-1.214224723563056378e-02
-1.213824813148055293e-02
-1.213424210749908076e-02
-1.213022916298763139e-02
-1.212620929721084165e-02
-1.212218250947019564e-02
-1.211814879903414487e-02
-1.211410816521307082e-02
-1.211006060728305606e-02
-1.210600612452144946e-02
-1.210194471621831372e-02
-1.209787638166758689e-02
-1.209380112014400536e-02
-1.208971893093381718e-02
-1.208562981333344798e-02
-1.208153376662025359e-02
-1.207743079007413817e-02
-1.207332088299407219e-02
-1.206920404465868825e-02
-1.206508027435425345e-02
-1.206094957135686076e-02
-1.205681193497057206e-02
-1.205266736446894242e-02
-1.204851585913062524e-02
-1.204435741824950827e-02
-1.204019204111821985e-02
-1.203601972700524617e-02
-1.203184047521210775e-02
-1.202765428500730122e-02
-1.202346115568599105e-02
-1.201926108653573327e-02
-1.201505407682629256e-02
-1.201084012585666022e-02
-1.200661923291311897e-02
-1.200239139726417062e-02
-1.199815661821516249e-02
-1.199391489502570247e-02
-1.198966622701130684e-02
-1.198541061343540159e-02
-1.198114805358173676e-02
-1.197687854674423652e-02
-1.197260209219903372e-02
-1.196831868923873242e-02
-1.196402833713443303e-02
-1.195973103518769946e-02
-1.195542678267339995e-02
-1.195111557887276049e-02
-1.194679742307590276e-02
-1.194247231456658891e-02
-1.193814025261843124e-02
-1.193380123653044536e-02
-1.192945526557751337e-02
-1.192510233904595096e-02
-1.192074245621699106e-02
-1.191637561637695630e-02
-1.191200181879945898e-02
-1.190762106279115787e-02
-1.190323334762312217e-02
-1.189883867256897806e-02
-1.189443703692140419e-02
-1.189002843996800167e-02
-1.188561288098747594e-02
-1.188119035925599629e-02
-1.187676087406370866e-02
-1.187232442470202883e-02
-1.186788101044586319e-02
-1.186343063057392240e-02
-1.185897328437382318e-02
-1.185450897113444514e-02
-1.185003769013196796e-02
-1.184555944064892563e-02
-1.184107422196658231e-02
-1.183658203337891075e-02
-1.183208287415576584e-02
-1.182757674358221947e-02
-1.182306364094842105e-02
-1.181854356552801411e-02
-1.181401651661244216e-02
-1.180948249348043669e-02
-1.180494149541582057e-02
-1.180039352169351581e-02
-1.179583857160115823e-02
-1.179127664442130088e-02
-1.178670773944411922e-02
-1.178213185594073793e-02
-1.177754899320514539e-02
-1.177295915050465859e-02
-1.176836232712310561e-02
-1.176375852235321193e-02
-1.175914773546864883e-02
-1.175452996575833409e-02
-1.174990521250356308e-02
-1.174527347498182175e-02
-1.174063475246297540e-02
-1.173598904424484266e-02
-1.173133634962778178e-02
-1.172667666784735913e-02
-1.172200999822045099e-02
-1.171733634001820464e-02
-1.171265569252446723e-02
-1.170796805502055150e-02
-1.170327342677886760e-02
-1.169857180709598168e-02
-1.169386319524177119e-02
-1.168914759048864972e-02
-1.168442499214333852e-02
-1.167969539947828067e-02
-1.167495881176717348e-02
-1.167021522828625563e-02
-1.166546464833464157e-02
-1.166070707118094414e-02
-1.165594249610649689e-02
-1.165117092240278499e-02
-1.164639234932573174e-02
-1.164160677619096966e-02
-1.163681420224679970e-02
-1.163201462679996044e-02
-1.162720804911527607e-02
-1.162239446847280859e-02
-1.161757388417041827e-02
-1.161274629546910943e-02
-1.160791170165530878e-02
-1.160307010201671110e-02
-1.159822149582449662e-02
-1.159336588236255065e-02
-1.158850326091476202e-02
-1.158363363075739540e-02
-1.157875699117307498e-02
-1.157387334142790172e-02
-1.156898268083372469e-02
-1.156408500864266990e-02
-1.155918032413737195e-02
-1.155426862661442823e-02
-1.154934991533614064e-02
-1.154442418959530578e-02
-1.153949144866439278e-02
-1.153455169182478202e-02
-1.152960491835146664e-02
-1.152465112753851134e-02
-1.151969031865076806e-02
-1.151472249097341798e-02
-1.150974764378402161e-02
-1.150476577636775841e-02
-1.149977688800727510e-02
-1.149478097796234437e-02
-1.148977804552831980e-02
-1.148476808998531024e-02
-1.147975111060707022e-02
-1.147472710667879134e-02
-1.146969607747422987e-02
-1.146465802227349985e-02
-1.145961294034655506e-02
-1.145456083099129219e-02
-1.144950169347385555e-02
-1.144443552707944539e-02
-1.143936233108436978e-02
-1.143428210476239541e-02
-1.142919484739999929e-02
-1.142410055827984376e-02
-1.141899923666427237e-02
-1.141389088185246377e-02
-1.140877549310929939e-02
-1.140365306971110118e-02
-1.139852361094053669e-02
-1.139338711608155370e-02
-1.138824358440412160e-02
-1.138309301519726570e-02
-1.137793540773349502e-02
-1.137277076128533071e-02
-1.136759907513418440e-02
-1.136242034857162450e-02
-1.135723458085619725e-02
-1.135204177127058928e-02
-1.134684191910383631e-02
-1.134163502362210696e-02
-1.133642108411190771e-02
-1.133120009984575627e-02
-1.132597207009999191e-02
-1.132073699415985304e-02
-1.131549487129532121e-02
-1.131024570078782709e-02
-1.130498948191625136e-02
-1.129972621395821178e-02
-1.129445589618497531e-02
-1.128917852787669242e-02
-1.128389410832242833e-02
-1.127860263678073793e-02
-1.127330411254322262e-02
-1.126799853487861318e-02
-1.126268590307723770e-02
-1.125736621640274771e-02
-1.125203947413150156e-02
-1.124670567555764375e-02
-1.124136481993085433e-02
-1.123601690655544154e-02
-1.123066193468744492e-02
-1.122529990362101243e-02
-1.121993081262107755e-02
-1.121455466096401773e-02
-1.120917144793889993e-02
-1.120378117281699976e-02
-1.119838383486706709e-02
-1.119297943337563619e-02
-1.118756796761145693e-02
-1.118214943685598775e-02
-1.117672384038941209e-02
-1.117129117747794713e-02
-1.116585144739924013e-02
-1.116040464944110383e-02
-1.115495078287102523e-02
-1.114948984697301457e-02
-1.114402184100820280e-02
-1.113854676426187171e-02
-1.113306461601295053e-02
-1.112757539553146761e-02
-1.112207910209889877e-02
-1.111657573499163186e-02
-1.111106529348224702e-02
-1.110554777684205456e-02
-1.110002318435761130e-02
-1.109449151530023103e-02
-1.108895276894122928e-02
-1.108340694455700083e-02
-1.107785404143411118e-02
-1.107229405883498018e-02
-1.106672699603982769e-02
-1.106115285232632008e-02
-1.105557162696705481e-02
-1.104998331923843190e-02
-1.104438792842448412e-02
-1.103878545377366856e-02
-1.103317589459542475e-02
-1.102755925014964854e-02
-1.102193551970766412e-02
-1.101630470254334748e-02
-1.101066679794073314e-02
-1.100502180516607295e-02
-1.099936972350467820e-02
-1.099371055221898784e-02
-1.098804429059431660e-02
-1.098237093790581029e-02
-1.097669049341718807e-02
-1.097100295640868368e-02
-1.096530832616053261e-02
-1.095960660195169703e-02
-1.095389778303955224e-02
-1.094818186870813968e-02
-1.094245885822881306e-02
-1.093672875087800013e-02
-1.093099154593466828e-02
-1.092524724266382211e-02
-1.091949584034570229e-02
-1.091373733825928838e-02
-1.090797173567084437e-02
-1.090219903185935500e-02
-1.089641922609998689e-02
-1.089063231765138862e-02
-1.088483830580651984e-02
-1.087903718983547312e-02
-1.087322896900197802e-02
-1.086741364259646327e-02
-1.086159120986997066e-02
-1.085576167012180550e-02
-1.084992502260427073e-02
-1.084408126661287781e-02
-1.083823040139485390e-02
-1.083237242623935268e-02
-1.082650734042410121e-02
-1.082063514321919724e-02
-1.081475583389474721e-02
-1.080886941171196013e-02
-1.080297587597143019e-02
-1.079707522592547597e-02
-1.079116746085564266e-02
-1.078525258003584786e-02
-1.077933058273366010e-02
-1.077340146822300046e-02
-1.076746523578414605e-02
-1.076152188468212575e-02
-1.075557141419467878e-02
-1.074961382359192023e-02
-1.074364911214777639e-02
-1.073767727913871838e-02
-1.073169832382724065e-02
-1.072571224549998155e-02
-1.071971904341689416e-02
-1.071371871685318500e-02
-1.070771126509422605e-02
-1.070169668738726702e-02
-1.069567498303674279e-02
-1.068964615128736514e-02
-1.068361019142959403e-02
-1.067756710272848610e-02
-1.067151688444526424e-02
-1.066545953587801250e-02
-1.065939505627526256e-02
-1.065332344491476922e-02
-1.064724470108191143e-02
-1.064115882403412691e-02
-1.063506581304027830e-02
-1.062896566739209882e-02
-1.062285838634321501e-02
-1.061674396917647312e-02
-1.061062241515311685e-02
-1.060449372354583392e-02
-1.059835789364636099e-02
-1.059221492470325057e-02
-1.058606481599045669e-02
-1.057990756678956097e-02
-1.057374317637197955e-02
-1.056757164399388903e-02
-1.056139296894703650e-02
-1.055520715048760029e-02
-1.054901418789462413e-02
-1.054281408043063716e-02
-1.053660682738104433e-02
-1.053039242800074896e-02
-1.052417088157896891e-02
-1.051794218737697045e-02
-1.051170634465982759e-02
-1.050546335270532289e-02
-1.049921321079124240e-02
-1.049295591817249809e-02
-1.048669147413451921e-02
-1.048041987793221254e-02
-1.047414112885225110e-02
-1.046785522616353048e-02
-1.046156216912478600e-02
-1.045526195701253561e-02
-1.044895458909568357e-02
-1.044264006465837023e-02
-1.043631838295425510e-02
-1.042998954326748717e-02
-1.042365354484918114e-02
-1.041731038698348599e-02
-1.041096006894312066e-02
-1.040460258999191187e-02
-1.039823794939622251e-02
-1.039186614643385423e-02
-1.038548718036991225e-02
-1.037910105047965166e-02
-1.037270775603453023e-02
-1.036630729628948248e-02
-1.035989967052867305e-02
-1.035348487802482086e-02
-1.034706291803541393e-02
-1.034063378983571951e-02
-1.033419749269846866e-02
-1.032775402588368557e-02
-1.032130338867172197e-02
-1.031484558032515035e-02
-1.030838060011289407e-02
-1.030190844730768419e-02
-1.029542912118480008e-02
-1.028894262100935909e-02
-1.028244894604139238e-02
-1.027594809555744740e-02
-1.026944006882645095e-02
-1.026292486512368415e-02
-1.025640248369902308e-02
-1.024987292384934787e-02
-1.024333618482072168e-02
-1.023679226588715928e-02
-1.023024116632395043e-02
-1.022368288539240479e-02
-1.021711742237289659e-02
-1.021054477651911312e-02
-1.020396494710889071e-02
-1.019737793341116486e-02
-1.019078373469106680e-02
-1.018418235022515959e-02
-1.017757377925952028e-02
-1.017095802108595667e-02
-1.016433507496833540e-02
-1.015770494016924458e-02
-1.015106761595255085e-02
-1.014442310160245178e-02
-1.013777139637391314e-02
-1.013111249953842913e-02
-1.012444641036495084e-02
-1.011777312811861645e-02
-1.011109265207854081e-02
-1.010440498149843547e-02
-1.009771011565360581e-02
-1.009100805380537882e-02
-1.008429879522652894e-02
-1.007758233918601420e-02
-1.007085868495532881e-02
-1.006412783178564641e-02
-1.005738977896879389e-02
-1.005064452575086739e-02
-1.004389207140971886e-02
-1.003713241520414953e-02
-1.003036555641328639e-02
-1.002359149430736597e-02
-1.001681022813502402e-02
-1.001002175717285309e-02
-1.000322608069235779e-02
-9.996423197958698853e-03
-9.989613108244655912e-03
-9.982795810793790650e-03
-9.975971304906839504e-03
-9.969139589822277950e-03
-9.962300664824327856e-03
-9.955454529166719857e-03
-9.948601182127318060e-03
-9.941740622973833236e-03
-9.934872850954911544e-03
-9.927997865366211885e-03
-9.921115665443683979e-03
-9.914226250477898780e-03
-9.907329619723868885e-03
-9.900425772449301595e-03
-9.893514707928263707e-03
-9.886596425411951425e-03
-9.879670924176974650e-03
-9.872738203492313971e-03
-9.865798262616794906e-03
-9.858851100815595528e-03
-9.851896717365325740e-03
-9.844935111513374026e-03
-9.837966282547790792e-03
-9.830990229727403287e-03
-9.824006952302144838e-03
-9.817016449558792560e-03
-9.810018720754914295e-03
-9.803013765150601910e-03
-9.796001582021212836e-03
-9.788982170631925148e-03
-9.781955530241574770e-03
-9.774921660120431191e-03
-9.767880559540033716e-03
-9.760832227751594162e-03
-9.753776664020304479e-03
-9.746713867627871189e-03
-9.739643837821698388e-03
-9.732566573891118442e-03
-9.725482075075914806e-03
-9.718390340653988019e-03
-9.711291369890528297e-03
-9.704185162041840604e-03
-9.697071716378206571e-03
-9.689951032169900891e-03
-9.682823108685938845e-03
-9.675687945162294440e-03
-9.668545540897202639e-03
-9.661395895143158954e-03
-9.654239007160284741e-03
-9.647074876220136652e-03
-9.639903501582832573e-03
-9.632724882511038700e-03
-9.625539018276313419e-03
-9.618345908132425529e-03
-9.611145551356019626e-03
-9.603937947212305010e-03
-9.596723094956323766e-03
-9.589500993849475741e-03
-9.582271643160784891e-03
-9.575035042163081156e-03
-9.567791190115229952e-03
-9.560540086271008750e-03
-9.553281729912148357e-03
-9.546016120287343504e-03
-9.538743256666898374e-03
-9.531463138309669708e-03
-9.524175764497402191e-03
-9.516881134467353523e-03
-9.509579247502534735e-03
-9.502270102852920786e-03
-9.494953699793895127e-03
-9.487630037590680937e-03
-9.480299115491981621e-03
-9.472960932782078028e-03
-9.465615488700791780e-03
-9.458262782524770942e-03
-9.450902813519254306e-03
-9.443535580944375368e-03
-9.436161084065371185e-03
-9.428779322139842559e-03
-9.421390294433019605e-03
-9.413994000216484997e-03
-9.406590438740225837e-03
-9.399179609266930871e-03
-9.391761511075810351e-03
-9.384336143413038456e-03
-9.376903505556553886e-03
-9.369463596752541229e-03
-9.362016416277660694e-03
-9.354561963385722712e-03
-9.347100237339421233e-03
-9.339631237407806236e-03
-9.332154962849767421e-03
-9.324671412929266823e-03
-9.317180586900118341e-03
-9.309682484045348622e-03
-9.302177103606062980e-03
-9.294664444855119112e-03
-9.287144507047607675e-03
-9.279617289451308829e-03
-9.272082791328932136e-03
-9.264541011945719856e-03
-9.256991950554214338e-03
-9.249435606417126879e-03
-9.241871978812410057e-03
-9.234301066973548550e-03
-9.226722870197559545e-03
-9.219137387716659637e-03
-9.211544618806263504e-03
-9.203944562722731620e-03
-9.196337218732593410e-03
-9.188722586094742045e-03
-9.181100664068088044e-03
-9.173471451926778000e-03
-9.165834948918281933e-03
-9.158191154302774972e-03
-9.150540067354410653e-03
-9.142881687323202097e-03
-9.135216013471865806e-03
-9.127543045070751065e-03
-9.119862781369867527e-03
-9.112175221639562742e-03
-9.104480365127311930e-03
-9.096778211116164289e-03
-9.089068758847249421e-03
-9.081352007585832137e-03
-9.073627956598443595e-03
-9.065896605142736639e-03
-9.058157952477621788e-03
-9.050411997867097505e-03
-9.042658740576433804e-03
-9.034898179849301658e-03
-9.027130314964951219e-03
-9.019355145168321541e-03
-9.011572669737389490e-03
-9.003782887910753707e-03
-8.995985798971470326e-03
-8.988181402167028447e-03
-8.980369696756352466e-03
-8.972550682005985684e-03
-8.964724357174855968e-03
-8.956890721518073056e-03
-8.949049774303463947e-03
-8.941201514781057375e-03
-8.933345942219943214e-03
-8.925483055879052802e-03
-8.917612855004608888e-03
-8.909735338878409933e-03
-8.901850506745414074e-03
-8.893958357867090547e-03
-8.886058891508724980e-03
-8.878152106930520260e-03
-8.870238003374894889e-03
-8.862316580132542990e-03
-8.854387836433179684e-03
-8.846451771548444892e-03
-8.838508384738546705e-03
-8.830557675264963033e-03
-8.822599642377736487e-03
-8.814634285343432921e-03
-8.806661603422258691e-03
-8.798681595869342620e-03
-8.790694261943626450e-03
-8.782699600904051926e-03
-8.774697612015915082e-03
-8.766688294522911179e-03
-8.758671647706850819e-03
-8.750647670811439668e-03
-8.742616363095616003e-03
-8.734577723823411244e-03
-8.726531752244874943e-03
-8.718478447630394548e-03
-8.710417809224940341e-03
-8.702349836301434202e-03
-8.694274528106123168e-03
-8.686191883909391218e-03
-8.678101902958753472e-03
-8.670004584513163817e-03
-8.661899927837926963e-03
-8.653787932184370951e-03
-8.645668596825426336e-03
-8.637541921000987596e-03
-8.629407903971287111e-03
-8.621266545006710594e-03
-8.613117843356049921e-03
-8.604961798275721080e-03
-8.596798409028496082e-03
-8.588627674868251280e-03
-8.580449595056487133e-03
-8.572264168847078258e-03
-8.564071395500262238e-03
-8.555871274274992958e-03
-8.547663804428970100e-03
-8.539448985216070015e-03
-8.531226815893985446e-03
-8.522997295728034980e-03
-8.514760423965747616e-03
-8.506516199864817829e-03
-8.498264622684213385e-03
-8.490005691689254605e-03
-8.481739406126200670e-03
-8.473465765257835736e-03
-8.465184768332962087e-03
-8.456896414621984520e-03
-8.448600703374980342e-03
-8.440297633856003526e-03
-8.431987205310048639e-03
-8.423669416987194722e-03
-8.415344268169285338e-03
-8.407011758098775420e-03
-8.398671886033369852e-03
-8.390324651224422697e-03
-8.381970052939800853e-03
-8.373608090428320480e-03
-8.365238762941330439e-03
-8.356862069749247668e-03
-8.348478010103424496e-03
-8.340086583260299460e-03
-8.331687788461066349e-03
-8.323281624981221372e-03
-8.314868092069580691e-03
-8.306447188983857866e-03
-8.298018914979221616e-03
-8.289583269315928607e-03
-8.281140251237710526e-03
-8.272689860018805907e-03
-8.264232094899136988e-03
-8.255766955136420795e-03
-8.247294439993455364e-03
-8.238814548721601697e-03
-8.230327280586206135e-03
-8.221832634832275388e-03
-8.213330610708637763e-03
-8.204821207480634399e-03
-8.196304424408525427e-03
-8.187780260738599519e-03
-8.179248715728571970e-03
-8.170709788641254689e-03
-8.162163478722927676e-03
-8.153609785230048548e-03
-8.145048707420337805e-03
-8.136480244538816034e-03
-8.127904395866077797e-03
-8.119321160629355827e-03
-8.110730538087645644e-03
-8.102132527513924640e-03
-8.093527128155749567e-03
-8.084914339254338500e-03
-8.076294160073766229e-03
-8.067666589879389505e-03
-8.059031627914964302e-03
-8.050389273429322395e-03
-8.041739525677656791e-03
-8.033082383932948350e-03
-8.024417847431325468e-03
-8.015745915440689734e-03
-8.007066587203527305e-03
-7.998379861966137261e-03
-7.989685739009122836e-03
-7.980984217572432288e-03
-7.972275296909994008e-03
-7.963558976269378628e-03
-7.954835254913404999e-03
-7.946104132097269596e-03
-7.937365607069819806e-03
-7.928619679093874481e-03
-7.919866347408120733e-03
-7.911105611279186864e-03
-7.902337469950840992e-03
-7.893561922692259730e-03
-7.884778968742126720e-03
-7.875988607361997934e-03
-7.867190837798182859e-03
-7.858385659310964180e-03
-7.849573071146656589e-03
-7.840753072566810852e-03
-7.831925662821554585e-03
-7.823090841166092935e-03
-7.814248606851819864e-03
-7.805398959128856916e-03
-7.796541897257498049e-03
-7.787677420481515719e-03
-7.778805528068821057e-03
-7.769926219246673683e-03
-7.761039493294426099e-03
-7.752145349454579205e-03
-7.743243786983616643e-03
-7.734334805125314335e-03
-7.725418403137426608e-03
-7.716494580270082809e-03
-7.707563335782311419e-03
-7.698624668928051237e-03
-7.689678578951085128e-03
-7.680725065104085543e-03
-7.671764126651164570e-03
-7.662795762834831784e-03
-7.653819972903950185e-03
-7.644836756130256837e-03
-7.635846111737201042e-03
-7.626848038993985432e-03
-7.617842537154551411e-03
-7.608829605467770651e-03
-7.599809243185050127e-03
-7.590781449559069229e-03
-7.581746223837428078e-03
-7.572703565279157757e-03
-7.563653473135673044e-03
-7.554595946653303376e-03
-7.545530985087269514e-03
-7.536458587687715552e-03
-7.527378753708595903e-03
-7.518291482392431418e-03
-7.509196773004610942e-03
-7.500094624786388109e-03
-7.490985036999339708e-03
-7.481868008883452159e-03
-7.472743539696489329e-03
-7.463611628689871200e-03
-7.454472275111202230e-03
-7.445325478213174822e-03
-7.436171237254830466e-03
-7.427009551474880560e-03
-7.417840420126019241e-03
-7.408663842466019049e-03
-7.399479817741217227e-03
-7.390288345206851885e-03
-7.381089424114343003e-03
-7.371883053703675269e-03
-7.362669233230087658e-03
-7.353447961955169969e-03
-7.344219239121449992e-03
-7.334983063975272777e-03
-7.325739435780767757e-03
-7.316488353761412856e-03
-7.307229817199124497e-03
-7.297963825330083983e-03
-7.288690377396826910e-03
-7.279409472667299104e-03
-7.270121110376412919e-03
-7.260825289781946967e-03
-7.251522010128983418e-03
-7.242211270675304353e-03
-7.232893070665987606e-03
-7.223567409349922197e-03
-7.214234285976003219e-03
-7.204893699802015355e-03
-7.195545650076848494e-03
-7.186190136043044303e-03
-7.176827156950770295e-03
-7.167456712046373253e-03
-7.158078800588915484e-03
-7.148693421828561899e-03
-7.139300575015479142e-03
-7.129900259384587373e-03
-7.120492474198758352e-03
-7.111077218705619089e-03
-7.101654492147717324e-03
-7.092224293784111025e-03
-7.082786622864973777e-03
-7.073341478618872316e-03
-7.063888860318849085e-03
-7.054428767204910453e-03
-7.044961198531040324e-03
-7.035486153532163195e-03
-7.026003631464805207e-03
-7.016513631588030403e-03
-7.007016153136770217e-03
-6.997511195363736135e-03
-6.987998757519105208e-03
-6.978478838856862210e-03
-6.968951438611936840e-03
-6.959416556048482819e-03
-6.949874190405240168e-03
-6.940324340931116123e-03
-6.930767006878830842e-03
-6.921202187498558776e-03
-6.911629882029049488e-03
-6.902050089730641172e-03
-6.892462809830647227e-03
-6.882868041604656671e-03
-6.873265784282524271e-03
-6.863656037114428815e-03
-6.854038799348012925e-03
-6.844414070249975161e-03
-6.834781849042546181e-03
-6.825142134982260800e-03
-6.815494927320576296e-03
-6.805840225310217165e-03
-6.796178028184850228e-03
-6.786508335202285323e-03
-6.776831145606354752e-03
-6.767146458642164103e-03
-6.757454273563710291e-03
-6.747754589618639408e-03
-6.738047406038084712e-03
-6.728332722088746498e-03
-6.718610537020818299e-03
-6.708880850064156617e-03
-6.699143660470224804e-03
-6.689398967490483607e-03
-6.679646770376393775e-03
-6.669887068367982494e-03
-6.660119860717982933e-03
-6.650345146665151592e-03
-6.640562925460955293e-03
-6.630773196353040994e-03
-6.620975958583984189e-03
-6.611171211411599920e-03
-6.601358954073375737e-03
-6.591539185811888871e-03
-6.581711905884955228e-03
-6.571877113531336516e-03
-6.562034807997417681e-03
-6.552184988535937095e-03
-6.542327654385657332e-03
-6.532462804799320233e-03
-6.522590439018227139e-03
-6.512710556290040621e-03
-6.502823155866225766e-03
-6.492928236985551216e-03
-6.483025798896945892e-03
-6.473115840846799078e-03
-6.463198362082773346e-03
-6.453273361846175241e-03
-6.443340839385937151e-03
-6.433400793943368223e-03
-6.423453224780106829e-03
-6.413498131120945814e-03
-6.403535512224984780e-03
-6.393565367323369129e-03
-6.383587695690445818e-03
-6.373602496543385315e-03
-6.363609769136207087e-03
-6.353609512717845256e-03
-6.343601726532157280e-03
-6.333586409826806596e-03
-6.323563561831677463e-03
-6.313533181818572863e-03
-6.303495269014834819e-03
-6.293449822664319918e-03
-6.283396842019779542e-03
-6.273336326322530646e-03
-6.263268274822783241e-03
-6.253192686759314646e-03
-6.243109561379796973e-03
-6.233018897924276491e-03
-6.222920695649318372e-03
-6.212814953786080160e-03
-6.202701671586043422e-03
-6.192580848296884606e-03
-6.182452483153568976e-03
-6.172316575399960925e-03
-6.162173124292629964e-03
-6.152022129074164597e-03
-6.141863588987162871e-03
-6.131697503265320232e-03
-6.121523871163941574e-03
-6.111342691924347321e-03
-6.101153964789132918e-03
-6.090957689012329104e-03
-6.080753863817475388e-03
-6.070542488470036940e-03
-6.060323562204985963e-03
-6.050097084252217122e-03
-6.039863053888631754e-03
-6.029621470330146123e-03
-6.019372332833334942e-03
-6.009115640625551508e-03
-5.998851392979888571e-03
-5.988579589110995180e-03
-5.978300228277987419e-03
-5.968013309715841826e-03
-5.957718832679867633e-03
-5.947416796406313801e-03
-5.937107200131428418e-03
-5.926790043109250901e-03
-5.916465324586193952e-03
-5.906133043794698813e-03
-5.895793199973557545e-03
-5.885445792376807830e-03
-5.875090820252138260e-03
-5.864728282831990075e-03
-5.854358179355157940e-03
-5.843980509082032961e-03
-5.833595271241250393e-03
-5.823202465086846184e-03
-5.812802089844917690e-03
-5.802394144775855148e-03
-5.791978629108292080e-03
-5.781555542091191234e-03
-5.771124882968431749e-03
-5.760686650975002307e-03
-5.750240845371295748e-03
-5.739787465378328422e-03
-5.729326510250143216e-03
-5.718857979220459860e-03
-5.708381871538241101e-03
-5.697898186461346215e-03
-5.687406923199353655e-03
-5.676908081013934751e-03
-5.666401659145164395e-03
-5.655887656835651908e-03
-5.645366073317850675e-03
-5.634836907844539833e-03
-5.624300159658332174e-03
-5.613755827987869894e-03
-5.603203912093557108e-03
-5.592644411196408434e-03
-5.582077324558100406e-03
-5.571502651402191614e-03
-5.560920390985277587e-03
-5.550330542546162531e-03
-5.539733105316032614e-03
-5.529128078546398026e-03
-5.518515461476068175e-03
-5.507895253336227495e-03
-5.497267453387284439e-03
-5.486632060851529512e-03
-5.475989074979210024e-03
-5.465338495024379267e-03
-5.454680320199167473e-03
-5.444014549766525331e-03
-5.433341182962723483e-03
-5.422660219024031704e-03
-5.411971657189262007e-03
-5.401275496711203071e-03
-5.390571736823585036e-03
-5.379860376762679412e-03
-5.369141415773655106e-03
-5.358414853094051709e-03
-5.347680687963957125e-03
-5.336938919638701401e-03
-5.326189547339313032e-03
-5.315432570314772981e-03
-5.304667987801352756e-03
-5.293895799046766971e-03
-5.283116003278393209e-03
-5.272328599757921015e-03
-5.261533587706380619e-03
-5.250730966358777181e-03
-5.239920734974257144e-03
-5.229102892789099823e-03
-5.218277439029419922e-03
-5.207444372950550959e-03
-5.196603693784961064e-03
-5.185755400770203707e-03
-5.174899493151446060e-03
-5.164035970157350268e-03
-5.153164831049605876e-03
-5.142286075045434529e-03
-5.131399701396364629e-03
-5.120505709338678962e-03
-5.109604098102306022e-03
-5.098694866946396585e-03
-5.087778015099613665e-03
-5.076853541793156441e-03
-5.065921446278554181e-03
-5.054981727800984467e-03
-5.044034385571322457e-03
-5.033079418857616325e-03
-5.022116826884715293e-03
-5.011146608893989225e-03
-5.000168764125532961e-03
-4.989183291813091385e-03
-4.978190191206929155e-03
-4.967189461540792890e-03
-4.956181102039534415e-03
-4.945165111963579531e-03
-4.934141490537785266e-03
-4.923110237004790432e-03
-4.912071350594533065e-03
-4.901024830564900195e-03
-4.889970676135665245e-03
-4.878908886559635977e-03
-4.867839461061666817e-03
-4.856762398880590595e-03
-4.845677699270484889e-03
-4.834585361453668829e-03
-4.823485384679136387e-03
-4.812377768175557513e-03
-4.801262511181766772e-03
-4.790139612935327175e-03
-4.779009072682696528e-03
-4.767870889656357705e-03
-4.756725063083711708e-03
-4.745571592232815383e-03
-4.734410476303119002e-03
-4.723241714556327721e-03
-4.712065306222387381e-03
-4.700881250549026474e-03
-4.689689546757293444e-03
-4.678490194097465089e-03
-4.667283191794401043e-03
-4.656068539088211757e-03
-4.644846235229171429e-03
-4.633616279447224165e-03
-4.622378670971047723e-03
-4.611133409052186119e-03
-4.599880492914230901e-03
-4.588619921807463205e-03
-4.577351694959287502e-03
-4.566075811604731506e-03
-4.554792270983909139e-03
-4.543501072335664505e-03
-4.532202214893755500e-03
-4.520895697900838284e-03
-4.509581520589403536e-03
-4.498259682198294494e-03
-4.486930181956191518e-03
-4.475593019105750768e-03
-4.464248192880733608e-03
-4.452895702519987613e-03
-4.441535547262356019e-03
-4.430167726342875215e-03
-4.418792238986413504e-03
-4.407409084445796862e-03
-4.396018261949703916e-03
-4.384619770743337398e-03
-4.373213610040132052e-03
-4.361799779101808647e-03
-4.350378277139262291e-03
-4.338949103407857728e-03
-4.327512257136281390e-03
-4.316067737557029160e-03
-4.304615543915302905e-03
-4.293155675446143349e-03
-4.281688131362990438e-03
-4.270212910927560605e-03
-4.258730013369814438e-03
-4.247239437920981471e-03
-4.235741183816099827e-03
-4.224235250285128355e-03
-4.212721636577085316e-03
-4.201200341915576134e-03
-4.189671365548348382e-03
-4.178134706697737670e-03
-4.166590364600057141e-03
-4.155038338499245781e-03
-4.143478627615096097e-03
-4.131911231202984106e-03
-4.120336148485246285e-03
-4.108753378689304452e-03
-4.097162921069258737e-03
-4.085564774846180136e-03
-4.073958939256384394e-03
-4.062345413541269129e-03
-4.050724196926987208e-03
-4.039095288649852643e-03
-4.027458687952538939e-03
-4.015814394058656728e-03
-4.004162406209605361e-03
-3.992502723636619580e-03
-3.980835345570938461e-03
-3.969160271251419118e-03
-3.957477499915652321e-03
-3.945787030787253034e-03
-3.934088863115245589e-03
-3.922382996107997601e-03
-3.910669429034865224e-03
-3.898948161094048862e-03
-3.887219191548557315e-03
-3.875482519620730530e-03
-3.863738144535458063e-03
-3.851986065545579332e-03
-3.840226281862004192e-03
-3.828458792732490623e-03
-3.816683597399716903e-03
-3.804900695074591582e-03
-3.793110084998524423e-03
-3.781311766415460050e-03
-3.769505738550289319e-03
-3.757692000636794847e-03
-3.745870551906219613e-03
-3.734041391598703127e-03
-3.722204518942943095e-03
-3.710359933167646333e-03
-3.698507633514220433e-03
-3.686647619211367438e-03
-3.674779889491606218e-03
-3.662904443586177585e-03
-3.651021280731411162e-03
-3.639130400164905087e-03
-3.627231801103930880e-03
-3.615325482801332296e-03
-3.603411444474382153e-03
-3.591489685355594551e-03
-3.579560204686385756e-03
-3.567623001700541419e-03
-3.555678075622958900e-03
-3.543725425678532527e-03
-3.531765051120109959e-03
-3.519796951166236868e-03
-3.507821125054512695e-03
-3.495837572009835668e-03
-3.483846291271079382e-03
-3.471847282069493758e-03
-3.459840543635056727e-03
-3.447826075193941974e-03
-3.435803876002806179e-03
-3.423773945257329188e-03
-3.411736282216714690e-03
-3.399690886102048858e-03
-3.387637756144584213e-03
-3.375576891578115513e-03
-3.363508291633897015e-03
-3.351431955546992428e-03
-3.339347882547383586e-03
-3.327256071857432988e-03
-3.315156522710934091e-03
-3.303049234364554849e-03
-3.290934206012702257e-03
-3.278811436909502899e-03
-3.266680926276047288e-03
-3.254542673347403901e-03
-3.242396677362449370e-03
-3.230242937532115666e-03
-3.218081453104174212e-03
-3.205912223302258626e-03
-3.193735247363979624e-03
-3.181550524520594930e-03
-3.169358053985576150e-03
-3.157157835018131742e-03
-3.144949866824110502e-03
-3.132734148638583512e-03
-3.120510679708053681e-03
-3.108279459242185763e-03
-3.096040486482401228e-03
-3.083793760666312962e-03
-3.071539281007394304e-03
-3.059277046749612431e-03
-3.047007057116603995e-03
-3.034729311340900008e-03
-3.022443808646141025e-03
-3.010150548277564474e-03
-2.997849529447373009e-03
-2.985540751396995041e-03
-2.973224213350070255e-03
-2.960899914550565396e-03
-2.948567854209418505e-03
-2.936228031556619659e-03
-2.923880445841222243e-03
-2.911525096277972451e-03
-2.899161982100676750e-03
-2.886791102539330422e-03
-2.874412456827737765e-03
-2.862026044184460497e-03
-2.849631863839493032e-03
-2.837229915038078001e-03
-2.824820196988612510e-03
-2.812402708938878393e-03
-2.799977450107439102e-03
-2.787544419729373960e-03
-2.775103617028325254e-03
-2.762655041230480113e-03
-2.750198691575999731e-03
-2.737734567283447995e-03
-2.725262667592987399e-03
-2.712782991724450778e-03
-2.700295538910379121e-03
-2.687800308369337615e-03
-2.675297299342758138e-03
-2.662786511056829987e-03
-2.650267942744094583e-03
-2.637741593620575743e-03
-2.625207462927708815e-03
-2.612665549880247799e-03
-2.600115853718359092e-03
-2.587558373670772495e-03
-2.574993108956055363e-03
-2.562420058809291353e-03
-2.549839222464293873e-03
-2.537250599139632013e-03
-2.524654188057684316e-03
-2.512049988463701221e-03
-2.499437999571167777e-03
-2.486818220618982299e-03
-2.474190650835877622e-03
-2.461555289434069847e-03
-2.448912135651188770e-03
-2.436261188718508164e-03
-2.423602447859679859e-03
-2.410935912305980661e-03
-2.398261581281063703e-03
-2.385579454002227824e-03
-2.372889529717269602e-03
-2.360191807644757694e-03
-2.347486287015971944e-03
-2.334772967046940938e-03
-2.322051846977838015e-03
-2.309322926023422810e-03
-2.296586203427679850e-03
-2.283841678397747696e-03
-2.271089350180150943e-03
-2.258329217982030322e-03
-2.245561281047367755e-03
-2.232785538593470322e-03
-2.220001989850345012e-03
-2.207210634048002284e-03
-2.194411470403746615e-03
-2.181604498157753511e-03
-2.168789716527327448e-03
-2.155967124745019822e-03
-2.143136722025596342e-03
-2.130298507604149773e-03
-2.117452480708150939e-03
-2.104598640567611166e-03
-2.091736986401108653e-03
-2.078867517436113789e-03
-2.065990232900099567e-03
-2.053105132017995008e-03
-2.040212214018545089e-03
-2.027311478129219767e-03
-2.014402923576222651e-03
-2.001486549579403491e-03
-1.988562355370047333e-03
-1.975630340168003495e-03
-1.962690503213451818e-03
-1.949742843716077874e-03
-1.936787360904628375e-03
-1.923824054011657753e-03
-1.910852922258289913e-03
-1.897873964870729329e-03
-1.884887181076449862e-03
-1.871892570100386821e-03
-1.858890131162393641e-03
-1.845879863493756672e-03
-1.832861766321953675e-03
-1.819835838863026033e-03
-1.806802080352073667e-03
-1.793760490006409292e-03
-1.780711067061133699e-03
-1.767653810727207913e-03
-1.754588720243544994e-03
-1.741515794827458094e-03
-1.728435033702614004e-03
-1.715346436101574529e-03
-1.702250001239112749e-03
-1.689145728357954648e-03
-1.676033616658897940e-03
-1.662913665375775549e-03
-1.649785873733525818e-03
-1.636650240972335746e-03
-1.623506766299354954e-03
-1.610355448933173134e-03
-1.597196288107622774e-03
-1.584029283059078166e-03
-1.570854432987070243e-03
-1.557671737135597843e-03
-1.544481194716895711e-03
-1.531282804964799373e-03
-1.518076567101709923e-03
-1.504862480338591425e-03
-1.491640543916903944e-03
-1.478410757052696888e-03
-1.465173118972181885e-03
-1.451927628892679028e-03
-1.438674286044213085e-03
-1.425413089649186235e-03
-1.412144038931273078e-03
-1.398867133115415211e-03
-1.385582371421476260e-03
-1.372289753073128657e-03
-1.358989277295317467e-03
-1.345680943312987324e-03
-1.332364750354894699e-03
-1.319040697633279543e-03
-1.305708784379440348e-03
-1.292369009809429554e-03
-1.279021373159626440e-03
-1.265665873633379200e-03
-1.252302510473422489e-03
-1.238931282886913954e-03
-1.225552190102613750e-03
-1.212165231340385507e-03
-1.198770405842964747e-03
-1.185367712800995416e-03
-1.171957151466106531e-03
-1.158538721045457905e-03
-1.145112420755105016e-03
-1.131678249837783385e-03
-1.118236207504467268e-03
-1.104786292977563613e-03
-1.091328505483293160e-03
-1.077862844230087491e-03
-1.064389308461956285e-03
-1.050907897388600725e-03
-1.037418610236244803e-03
-1.023921446218401757e-03
-1.010416404580352385e-03
-9.969034845152846026e-04
-9.833826852608537963e-04
-9.698540060369305327e-04
-9.563174460608431411e-04
-9.427730045677079141e-04
-9.292206807608775982e-04
-9.156604738741993188e-04
-9.020923831262724155e-04
-8.885164077420506287e-04
-8.749325469375930121e-04
-8.613407999378531977e-04
-8.477411659601614665e-04
-8.341336442345540815e-04
-8.205182339681979043e-04
-8.068949344051052144e-04
-7.932637447448197396e-04
-7.796246642211904481e-04
-7.659776920451966901e-04
-7.523228274468758128e-04
-7.386600696410187874e-04
-7.249894178563931436e-04
-7.113108713116033169e-04
-6.976244292303334467e-04
-6.839300908134010896e-04
-6.702278553048204770e-04
-6.565177219257373057e-04
-6.427996898731563186e-04
-6.290737583910935900e-04
-6.153399266930722252e-04
-6.015981940015086059e-04
-5.878485595337380005e-04
-5.740910225058253177e-04
-5.603255821478101816e-04
-5.465522376681353428e-04
-5.327709883120879944e-04
-5.189818332652417019e-04
-5.051847717728831164e-04
-4.913798030498094972e-04
-4.775669263095435159e-04
-4.637461407770481284e-04
-4.499174456760113771e-04
-4.360808402186894771e-04
-4.222363236236898994e-04
-4.083838951197861370e-04
-3.945235539293972821e-04
-3.806552992558878993e-04
-3.667791303369230234e-04
-3.528950463771367112e-04
-3.390030466065735741e-04
-3.251031302438430349e-04
-3.111952965037448468e-04
-2.972795446023461952e-04
-2.833558737760462007e-04
-2.694242832193144161e-04
-2.554847721749028445e-04
-2.415373398423645377e-04
-2.275819854580983992e-04
-2.136187082305510826e-04
-1.996475073834164853e-04
-1.856683821340368145e-04
-1.716813317022938042e-04
-1.576863553080718990e-04
-1.436834521712532665e-04
-1.296726215066390693e-04
-1.156538625290309038e-04
-1.016271744633947616e-04
-8.759255652961617147e-05
-7.355000794503603959e-05
-5.949952792318690363e-05
-4.544111569157861883e-05
-3.137477046501137203e-05
-1.730049145701802616e-05
-3.218277893838402022e-06
1.087187101099615534e-05
2.496995603378762869e-05
3.907597796354333238e-05
5.318993758418957569e-05
6.731183567202758244e-05
8.144167300844120782e-05
9.557945036973341038e-05
1.097251685588850273e-04
1.238788283293275555e-04
1.380404304878555134e-04
1.522099758056868427e-04
1.663874650578512152e-04
1.805728990409779947e-04
1.947662785326375180e-04
2.089676043091298705e-04
2.231768771658119424e-04
2.373940978662791379e-04
2.516192672084279283e-04
2.658523859660174627e-04
2.800934549369448628e-04
2.943424748898855622e-04
3.085994466049494784e-04
3.228643708711406734e-04
3.371372484774614198e-04
3.514180801887755302e-04
3.657068668067912595e-04
3.800036091065335086e-04
3.943083078757357086e-04
4.086209638830716126e-04
4.229415779391420475e-04
4.372701507884798125e-04
4.516066832505800412e-04
4.659511760928426575e-04
4.803036300915676385e-04
4.946640460484567339e-04
5.090324247385378262e-04
5.234087669355640474e-04
5.377930734361587983e-04
5.521853450128063690e-04
5.665855824633983517e-04
5.809937865616897215e-04
5.954099580903266702e-04
6.098340978421201101e-04
6.242662065895534639e-04
6.387062851343276683e-04
6.531543342324114699e-04
6.676103546920740105e-04
6.682321695718519434e-04
