1.050000000000000044e+00
1.049999000000000127e+00
1.049951382380952536e+00
1.049903764761904945e+00
1.049856147142857354e+00
1.049808529523809542e+00
1.049760911904761951e+00
1.049713294285714360e+00
1.049665676666666769e+00
1.049618059047619179e+00
1.049570441428571588e+00
1.049522823809523997e+00
1.049475206190476406e+00
1.049427588571428593e+00
1.049379970952381003e+00
1.049332353333333412e+00
1.049284735714285821e+00
1.049237118095238230e+00
1.049189500476190640e+00
1.049141882857143049e+00
1.049094265238095458e+00
1.049046647619047645e+00
1.048999030000000054e+00
1.048951412380952464e+00
1.048903794761904873e+00
1.048856177142857282e+00
1.048808559523809691e+00
1.048760941904762101e+00
1.048713324285714510e+00
1.048665706666666697e+00
1.048618089047619106e+00
1.048570471428571516e+00
1.048522853809523925e+00
1.048475236190476334e+00
1.048427618571428743e+00
1.048380000952381153e+00
1.048332383333333562e+00
1.048284765714285749e+00
1.048237148095238158e+00
1.048189530476190567e+00
1.048141912857142977e+00
1.048094295238095386e+00
1.048046677619047795e+00
1.047999060000000204e+00
1.047951442380952614e+00
1.047903824761904801e+00
1.047856207142857210e+00
1.047808589523809619e+00
1.047760971904762028e+00
1.047713354285714438e+00
1.047665736666666847e+00
1.047618119047619256e+00
1.047570501428571443e+00
1.047522883809523853e+00
1.047475266190476262e+00
1.047427648571428671e+00
1.047380030952381080e+00
1.047332413333333490e+00
1.047284795714285899e+00
1.047237178095238308e+00
1.047189560476190495e+00
1.047141942857142904e+00
1.047094325238095314e+00
1.047046707619047723e+00
1.046999090000000132e+00
1.046951472380952541e+00
1.046903854761904951e+00
1.046856237142857360e+00
1.046808619523809547e+00
1.046761001904761956e+00
1.046713384285714366e+00
1.046665766666666775e+00
1.046618149047619184e+00
1.046570531428571593e+00
1.046522913809524002e+00
1.046475296190476412e+00
1.046427678571428599e+00
1.046380060952381008e+00
1.046332443333333417e+00
1.046284825714285827e+00
1.046237208095238236e+00
1.046189590476190645e+00
1.046141972857143054e+00
1.046094355238095464e+00
1.046046737619047651e+00
1.045999120000000060e+00
1.045951502380952469e+00
1.045903884761904878e+00
1.045856267142857288e+00
1.045808649523809697e+00
1.045761031904762106e+00
1.045713414285714515e+00
1.045665796666666703e+00
1.045618179047619112e+00
1.045570561428571521e+00
1.045522943809523930e+00
1.045475326190476340e+00
1.045427708571428749e+00
1.045380090952381158e+00
1.045332473333333345e+00
1.045284855714285754e+00
1.045237238095238164e+00
1.045189620476190573e+00
1.045142002857142982e+00
1.045094385238095391e+00
1.045046767619047801e+00
1.044999150000000210e+00
1.044951532380952397e+00
1.044903914761904806e+00
1.044856297142857215e+00
1.044808679523809625e+00
1.044761061904762034e+00
1.044713444285714443e+00
1.044665826666666852e+00
1.044618209047619262e+00
1.044570591428571449e+00
1.044522973809523858e+00
1.044475356190476267e+00
1.044427738571428677e+00
1.044380120952381086e+00
1.044332503333333495e+00
1.044284885714285904e+00
1.044237268095238313e+00
1.044189650476190501e+00
1.044142032857142910e+00
1.044094415238095319e+00
1.044046797619047728e+00
1.043999180000000138e+00
1.043951562380952547e+00
1.043903944761904956e+00
1.043856327142857365e+00
1.043808709523809553e+00
1.043761091904761962e+00
1.043713474285714371e+00
1.043665856666666780e+00
1.043618239047619189e+00
1.043570621428571599e+00
1.043523003809524008e+00
1.043475386190476417e+00
1.043427768571428604e+00
1.043380150952381014e+00
1.043332533333333423e+00
1.043284915714285832e+00
1.043237298095238241e+00
1.043189680476190651e+00
1.043142062857143060e+00
1.043094445238095247e+00
1.043046827619047656e+00
1.042999210000000065e+00
1.042951592380952475e+00
1.042903974761904884e+00
1.042856357142857293e+00
1.042808739523809702e+00
1.042761121904762112e+00
1.042713504285714299e+00
1.042665886666666708e+00
1.042618269047619117e+00
1.042570651428571527e+00
1.042523033809523936e+00
1.042475416190476345e+00
1.042427798571428754e+00
1.042380180952381163e+00
1.042332563333333351e+00
1.042284945714285760e+00
1.042237328095238169e+00
1.042189710476190578e+00
1.042142092857142988e+00
1.042094475238095397e+00
1.042046857619047806e+00
1.041999240000000215e+00
1.041951622380952402e+00
1.041904004761904812e+00
1.041856387142857221e+00
1.041808769523809630e+00
1.041761151904762039e+00
1.041713534285714449e+00
1.041665916666666858e+00
1.041618299047619267e+00
1.041570681428571454e+00
1.041523063809523864e+00
1.041475446190476273e+00
1.041427828571428682e+00
1.041380210952381091e+00
1.041332593333333500e+00
1.041284975714285910e+00
1.041237358095238319e+00
1.041189740476190506e+00
1.041142122857142915e+00
1.041094505238095325e+00
1.041046887619047734e+00
1.040999270000000143e+00
1.040951652380952552e+00
1.040904034761904962e+00
1.040856417142857371e+00
1.040808799523809558e+00
1.040761181904761967e+00
1.040713564285714376e+00
1.040665946666666786e+00
1.040618329047619195e+00
1.040570711428571604e+00
1.040523093809524013e+00
1.040475476190476201e+00
1.040427858571428610e+00
1.040380240952381019e+00
1.040332623333333428e+00
1.040285005714285838e+00
1.040237388095238247e+00
1.040189770476190656e+00
1.040142152857143065e+00
1.040094535238095252e+00
1.040046917619047662e+00
1.039999300000000071e+00
1.039951682380952480e+00
1.039904064761904889e+00
1.039856447142857299e+00
1.039808829523809708e+00
1.039761211904762117e+00
1.039713594285714304e+00
1.039665976666666714e+00
1.039618359047619123e+00
1.039570741428571532e+00
1.039523123809523941e+00
1.039475506190476350e+00
1.039427888571428760e+00
1.039380270952381169e+00
1.039332653333333356e+00
1.039285035714285765e+00
1.039237418095238175e+00
1.039189800476190584e+00
1.039142182857142993e+00
1.039094565238095402e+00
1.039046947619047812e+00
1.038999330000000221e+00
1.038951712380952408e+00
1.038904094761904817e+00
1.038856477142857226e+00
1.038808859523809636e+00
1.038761241904762045e+00
1.038713624285714454e+00
1.038666006666666863e+00
1.038618389047619051e+00
1.038570771428571460e+00
1.038523153809523869e+00
1.038475536190476278e+00
1.038427918571428687e+00
1.038380300952381097e+00
1.038332683333333506e+00
1.038285065714285915e+00
1.038237448095238102e+00
1.038189830476190512e+00
1.038142212857142921e+00
1.038094595238095330e+00
1.038046977619047739e+00
1.037999360000000149e+00
1.037951742380952558e+00
1.037904124761904967e+00
1.037856507142857154e+00
1.037808889523809563e+00
1.037761271904761973e+00
1.037713654285714382e+00
1.037666036666666791e+00
1.037618419047619200e+00
1.037570801428571610e+00
1.037523183809524019e+00
1.037475566190476206e+00
1.037427948571428615e+00
1.037380330952381025e+00
1.037332713333333434e+00
1.037285095714285843e+00
1.037237478095238252e+00
1.037189860476190661e+00
1.037142242857143071e+00
1.037094625238095258e+00
1.037047007619047667e+00
1.036999390000000076e+00
1.036951772380952486e+00
1.036904154761904895e+00
1.036856537142857304e+00
1.036808919523809713e+00
1.036761301904762123e+00
1.036713684285714310e+00
1.036666066666666719e+00
1.036618449047619128e+00
1.036570831428571537e+00
1.036523213809523947e+00
1.036475596190476356e+00
1.036427978571428765e+00
1.036380360952381174e+00
1.036332743333333362e+00
1.036285125714285771e+00
1.036237508095238180e+00
1.036189890476190589e+00
1.036142272857142999e+00
1.036094655238095408e+00
1.036047037619047817e+00
1.035999420000000004e+00
1.035951802380952413e+00
1.035904184761904823e+00
1.035856567142857232e+00
1.035808949523809641e+00
1.035761331904762050e+00
1.035713714285714460e+00
1.035666096666666869e+00
1.035618479047619056e+00
1.035570861428571465e+00
1.035523243809523875e+00
1.035475626190476284e+00
1.035428008571428693e+00
1.035380390952381102e+00
1.035332773333333511e+00
1.035285155714285921e+00
1.035237538095238108e+00
1.035189920476190517e+00
1.035142302857142926e+00
1.035094685238095336e+00
1.035047067619047745e+00
1.034999450000000154e+00
1.034951832380952563e+00
1.034904214761904973e+00
1.034856597142857160e+00
1.034808979523809569e+00
1.034761361904761978e+00
1.034713744285714387e+00
1.034666126666666797e+00
1.034618509047619206e+00
1.034570891428571615e+00
1.034523273809524024e+00
1.034475656190476212e+00
1.034428038571428621e+00
1.034380420952381030e+00
1.034332803333333439e+00
1.034285185714285848e+00
1.034237568095238258e+00
1.034189950476190667e+00
1.034142332857142854e+00
1.034094715238095263e+00
1.034047097619047673e+00
1.033999480000000082e+00
1.033951862380952491e+00
1.033904244761904900e+00
1.033856627142857310e+00
1.033809009523809719e+00
1.033761391904761906e+00
1.033713774285714315e+00
1.033666156666666724e+00
1.033618539047619134e+00
1.033570921428571543e+00
1.033523303809523952e+00
1.033475686190476361e+00
1.033428068571428771e+00
1.033380450952380958e+00
1.033332833333333367e+00
1.033285215714285776e+00
1.033237598095238186e+00
1.033189980476190595e+00
1.033142362857143004e+00
1.033094745238095413e+00
1.033047127619047822e+00
1.032999510000000010e+00
1.032951892380952419e+00
1.032904274761904828e+00
1.032856657142857237e+00
1.032809039523809647e+00
1.032761421904762056e+00
1.032713804285714465e+00
1.032666186666666874e+00
1.032618569047619062e+00
1.032570951428571471e+00
1.032523333809523880e+00
1.032475716190476289e+00
1.032428098571428698e+00
1.032380480952381108e+00
1.032332863333333517e+00
1.032285245714285926e+00
1.032237628095238113e+00
1.032190010476190523e+00
1.032142392857142932e+00
1.032094775238095341e+00
1.032047157619047750e+00
1.031999540000000160e+00
1.031951922380952569e+00
1.031904304761904978e+00
1.031856687142857165e+00
1.031809069523809574e+00
1.031761451904761984e+00
1.031713834285714393e+00
1.031666216666666802e+00
1.031618599047619211e+00
1.031570981428571621e+00
1.031523363809523808e+00
1.031475746190476217e+00
1.031428128571428626e+00
1.031380510952381035e+00
1.031332893333333445e+00
1.031285275714285854e+00
1.031237658095238263e+00
1.031190040476190672e+00
1.031142422857142860e+00
1.031094805238095269e+00
1.031047187619047678e+00
1.030999570000000087e+00
1.030951952380952497e+00
1.030904334761904906e+00
1.030856717142857315e+00
1.030809099523809724e+00
1.030761481904761911e+00
1.030713864285714321e+00
1.030666246666666730e+00
1.030618629047619139e+00
1.030571011428571548e+00
1.030523393809523958e+00
1.030475776190476367e+00
1.030428158571428776e+00
1.030380540952380963e+00
1.030332923333333373e+00
1.030285305714285782e+00
1.030237688095238191e+00
1.030190070476190600e+00
1.030142452857143009e+00
1.030094835238095419e+00
1.030047217619047828e+00
1.029999600000000015e+00
1.029951982380952424e+00
1.029904364761904834e+00
1.029856747142857243e+00
1.029809129523809652e+00
1.029761511904762061e+00
1.029713894285714471e+00
1.029666276666666658e+00
1.029618659047619067e+00
1.029571041428571476e+00
1.029523423809523885e+00
1.029475806190476295e+00
1.029428188571428704e+00
1.029380570952381113e+00
1.029332953333333522e+00
1.029285335714285710e+00
1.029237718095238119e+00
1.029190100476190528e+00
1.029142482857142937e+00
1.029094865238095347e+00
1.029047247619047756e+00
1.028999630000000165e+00
1.028952012380952574e+00
1.028904394761904761e+00
1.028856777142857171e+00
1.028809159523809580e+00
1.028761541904761989e+00
1.028713924285714398e+00
1.028666306666666808e+00
1.028618689047619217e+00
1.028571071428571626e+00
1.028523453809523813e+00
1.028475836190476222e+00
1.028428218571428632e+00
1.028380600952381041e+00
1.028332983333333450e+00
1.028285365714285859e+00
1.028237748095238269e+00
1.028190130476190678e+00
1.028142512857142865e+00
1.028094895238095274e+00
1.028047277619047684e+00
1.027999660000000093e+00
1.027952042380952502e+00
1.027904424761904911e+00
1.027856807142857321e+00
1.027809189523809730e+00
1.027761571904761917e+00
1.027713954285714326e+00
1.027666336666666735e+00
1.027618719047619145e+00
1.027571101428571554e+00
1.027523483809523963e+00
1.027475866190476372e+00
1.027428248571428782e+00
1.027380630952380969e+00
1.027333013333333378e+00
1.027285395714285787e+00
1.027237778095238196e+00
1.027190160476190606e+00
1.027142542857143015e+00
1.027094925238095424e+00
1.027047307619047611e+00
1.026999690000000021e+00
1.026952072380952430e+00
1.026904454761904839e+00
1.026856837142857248e+00
1.026809219523809658e+00
1.026761601904762067e+00
1.026713984285714476e+00
1.026666366666666663e+00
1.026618749047619072e+00
1.026571131428571482e+00
1.026523513809523891e+00
1.026475896190476300e+00
1.026428278571428709e+00
1.026380660952381119e+00
1.026333043333333528e+00
1.026285425714285715e+00
1.026237808095238124e+00
1.026190190476190534e+00
1.026142572857142943e+00
1.026094955238095352e+00
1.026047337619047761e+00
1.025999720000000170e+00
1.025952102380952580e+00
1.025904484761904767e+00
1.025856867142857176e+00
1.025809249523809585e+00
1.025761631904761995e+00
1.025714014285714404e+00
1.025666396666666813e+00
1.025618779047619222e+00
1.025571161428571632e+00
1.025523543809523819e+00
1.025475926190476228e+00
1.025428308571428637e+00
1.025380690952381046e+00
1.025333073333333456e+00
1.025285455714285865e+00
1.025237838095238274e+00
1.025190220476190461e+00
1.025142602857142871e+00
1.025094985238095280e+00
1.025047367619047689e+00
1.024999750000000098e+00
1.024952132380952508e+00
1.024904514761904917e+00
1.024856897142857326e+00
1.024809279523809513e+00
1.024761661904761922e+00
1.024714044285714332e+00
1.024666426666666741e+00
1.024618809047619150e+00
1.024571191428571559e+00
1.024523573809523969e+00
1.024475956190476378e+00
1.024428338571428565e+00
1.024380720952380974e+00
1.024333103333333383e+00
1.024285485714285793e+00
1.024237868095238202e+00
1.024190250476190611e+00
1.024142632857143020e+00
1.024095015238095430e+00
1.024047397619047617e+00
1.023999780000000026e+00
1.023952162380952435e+00
1.023904544761904845e+00
1.023856927142857254e+00
1.023809309523809663e+00
1.023761691904762072e+00
1.023714074285714482e+00
1.023666456666666669e+00
1.023618839047619078e+00
1.023571221428571487e+00
1.023523603809523896e+00
1.023475986190476306e+00
1.023428368571428715e+00
1.023380750952381124e+00
1.023333133333333533e+00
1.023285515714285721e+00
1.023237898095238130e+00
1.023190280476190539e+00
1.023142662857142948e+00
1.023095045238095357e+00
1.023047427619047767e+00
1.022999810000000176e+00
1.022952192380952585e+00
1.022904574761904772e+00
1.022856957142857182e+00
1.022809339523809591e+00
1.022761721904762000e+00
1.022714104285714409e+00
1.022666486666666819e+00
1.022618869047619228e+00
1.022571251428571415e+00
1.022523633809523824e+00
1.022476016190476233e+00
1.022428398571428643e+00
1.022380780952381052e+00
1.022333163333333461e+00
1.022285545714285870e+00
1.022237928095238280e+00
1.022190310476190467e+00
1.022142692857142876e+00
1.022095075238095285e+00
1.022047457619047695e+00
1.021999840000000104e+00
1.021952222380952513e+00
1.021904604761904922e+00
1.021856987142857331e+00
1.021809369523809519e+00
1.021761751904761928e+00
1.021714134285714337e+00
1.021666516666666746e+00
1.021618899047619156e+00
1.021571281428571565e+00
1.021523663809523974e+00
1.021476046190476383e+00
1.021428428571428570e+00
1.021380810952380980e+00
1.021333193333333389e+00
1.021285575714285798e+00
1.021237958095238207e+00
1.021190340476190617e+00
1.021142722857143026e+00
1.021095105238095435e+00
1.021047487619047622e+00
1.020999870000000032e+00
1.020952252380952441e+00
1.020904634761904850e+00
1.020857017142857259e+00
1.020809399523809669e+00
1.020761781904762078e+00
1.020714164285714487e+00
1.020666546666666674e+00
1.020618929047619083e+00
1.020571311428571493e+00
1.020523693809523902e+00
1.020476076190476311e+00
1.020428458571428720e+00
1.020380840952381130e+00
1.020333223333333317e+00
1.020285605714285726e+00
1.020237988095238135e+00
1.020190370476190544e+00
1.020142752857142954e+00
1.020095135238095363e+00
1.020047517619047772e+00
1.019999900000000181e+00
1.019952282380952369e+00
1.019904664761904778e+00
1.019857047142857187e+00
1.019809429523809596e+00
1.019761811904762006e+00
1.019714194285714415e+00
1.019666576666666824e+00
1.019618959047619233e+00
1.019571341428571420e+00
1.019523723809523830e+00
1.019476106190476239e+00
1.019428488571428648e+00
1.019380870952381057e+00
1.019333253333333467e+00
1.019285635714285876e+00
1.019238018095238285e+00
1.019190400476190472e+00
1.019142782857142882e+00
1.019095165238095291e+00
1.019047547619047700e+00
1.018999930000000109e+00
1.018952312380952518e+00
1.018904694761904928e+00
1.018857077142857337e+00
1.018809459523809524e+00
1.018761841904761933e+00
1.018714224285714343e+00
1.018666606666666752e+00
1.018618989047619161e+00
1.018571371428571570e+00
1.018523753809523980e+00
1.018476136190476389e+00
1.018428518571428576e+00
1.018380900952380985e+00
1.018333283333333394e+00
1.018285665714285804e+00
1.018238048095238213e+00
1.018190430476190622e+00
1.018142812857143031e+00
1.018095195238095219e+00
1.018047577619047628e+00
1.017999960000000037e+00
1.017952342380952446e+00
1.017904724761904856e+00
1.017857107142857265e+00
1.017809489523809674e+00
1.017761871904762083e+00
1.017714254285714270e+00
1.017666636666666680e+00
1.017619019047619089e+00
1.017571401428571498e+00
1.017523783809523907e+00
1.017476166190476317e+00
1.017428548571428726e+00
1.017380930952381135e+00
1.017333313333333322e+00
1.017285695714285731e+00
1.017238078095238141e+00
1.017190460476190550e+00
1.017142842857142959e+00
1.017095225238095368e+00
1.017047607619047778e+00
1.016999990000000187e+00
1.016952372380952374e+00
1.016904754761904783e+00
1.016857137142857193e+00
1.016809519523809602e+00
1.016761901904762011e+00
1.016714284285714420e+00
1.016666666666666829e+00
1.016619049047619239e+00
1.016571431428571426e+00
1.016523813809523835e+00
1.016476196190476244e+00
1.016428578571428654e+00
1.016380960952381063e+00
1.016333343333333472e+00
1.016285725714285881e+00
1.016238108095238069e+00
1.016190490476190478e+00
1.016142872857142887e+00
1.016095255238095296e+00
1.016047637619047705e+00
1.016000020000000115e+00
1.015952402380952524e+00
1.015904784761904933e+00
1.015857167142857342e+00
1.015809549523809530e+00
1.015761931904761939e+00
1.015714314285714348e+00
1.015666696666666757e+00
1.015619079047619167e+00
1.015571461428571576e+00
1.015523843809523985e+00
1.015476226190476172e+00
1.015428608571428581e+00
1.015380990952380991e+00
1.015333373333333400e+00
1.015285755714285809e+00
1.015238138095238218e+00
1.015190520476190628e+00
1.015142902857143037e+00
1.015095285238095224e+00
1.015047667619047633e+00
1.015000050000000043e+00
1.014952432380952452e+00
1.014904814761904861e+00
1.014857197142857270e+00
1.014809579523809679e+00
1.014761961904762089e+00
1.014714344285714276e+00
1.014666726666666685e+00
1.014619109047619094e+00
1.014571491428571504e+00
1.014523873809523913e+00
1.014476256190476322e+00
1.014428638571428731e+00
1.014381020952381141e+00
1.014333403333333328e+00
1.014285785714285737e+00
1.014238168095238146e+00
1.014190550476190555e+00
1.014142932857142965e+00
1.014095315238095374e+00
1.014047697619047783e+00
1.014000080000000192e+00
1.013952462380952380e+00
1.013904844761904789e+00
1.013857227142857198e+00
1.013809609523809607e+00
1.013761991904762017e+00
1.013714374285714426e+00
1.013666756666666835e+00
1.013619139047619022e+00
1.013571521428571431e+00
1.013523903809523841e+00
1.013476286190476250e+00
1.013428668571428659e+00
1.013381050952381068e+00
1.013333433333333478e+00
1.013285815714285887e+00
1.013238198095238074e+00
1.013190580476190483e+00
1.013142962857142892e+00
1.013095345238095302e+00
1.013047727619047711e+00
1.013000110000000120e+00
1.012952492380952529e+00
1.012904874761904939e+00
1.012857257142857126e+00
1.012809639523809535e+00
1.012762021904761944e+00
1.012714404285714354e+00
1.012666786666666763e+00
1.012619169047619172e+00
1.012571551428571581e+00
1.012523933809523990e+00
1.012476316190476178e+00
1.012428698571428587e+00
1.012381080952380996e+00
1.012333463333333405e+00
1.012285845714285815e+00
1.012238228095238224e+00
1.012190610476190633e+00
1.012142992857143042e+00
1.012095375238095230e+00
1.012047757619047639e+00
1.012000140000000048e+00
1.011952522380952457e+00
1.011904904761904866e+00
1.011857287142857276e+00
1.011809669523809685e+00
1.011762051904762094e+00
1.011714434285714281e+00
1.011666816666666691e+00
1.011619199047619100e+00
1.011571581428571509e+00
1.011523963809523918e+00
1.011476346190476328e+00
1.011428728571428737e+00
1.011381110952381146e+00
1.011333493333333333e+00
1.011285875714285742e+00
1.011238258095238152e+00
1.011190640476190561e+00
1.011143022857142970e+00
1.011095405238095379e+00
1.011047787619047789e+00
1.011000169999999976e+00
1.010952552380952385e+00
1.010904934761904794e+00
1.010857317142857204e+00
1.010809699523809613e+00
1.010762081904762022e+00
1.010714464285714431e+00
1.010666846666666840e+00
1.010619229047619028e+00
1.010571611428571437e+00
1.010523993809523846e+00
1.010476376190476255e+00
1.010428758571428665e+00
1.010381140952381074e+00
1.010333523333333483e+00
1.010285905714285892e+00
1.010238288095238079e+00
1.010190670476190489e+00
1.010143052857142898e+00
1.010095435238095307e+00
1.010047817619047716e+00
1.010000200000000126e+00
1.009952582380952535e+00
1.009904964761904944e+00
1.009857347142857131e+00
1.009809729523809541e+00
1.009762111904761950e+00
1.009714494285714359e+00
1.009666876666666768e+00
1.009619259047619177e+00
1.009571641428571587e+00
1.009524023809523996e+00
1.009476406190476183e+00
1.009428788571428592e+00
1.009381170952381002e+00
1.009333553333333411e+00
1.009285935714285820e+00
1.009238318095238229e+00
1.009190700476190639e+00
1.009143082857142826e+00
1.009095465238095235e+00
1.009047847619047644e+00
1.009000230000000053e+00
1.008952612380952463e+00
1.008904994761904872e+00
1.008857377142857281e+00
1.008809759523809690e+00
1.008762141904761878e+00
1.008714524285714287e+00
1.008666906666666696e+00
1.008619289047619105e+00
1.008571671428571515e+00
1.008524053809523924e+00
1.008476436190476333e+00
1.008428818571428742e+00
1.008381200952380929e+00
1.008333583333333339e+00
1.008285965714285748e+00
1.008238348095238157e+00
1.008190730476190566e+00
1.008143112857142976e+00
1.008095495238095385e+00
1.008047877619047794e+00
1.008000259999999981e+00
1.007952642380952391e+00
1.007905024761904800e+00
1.007857407142857209e+00
1.007809789523809618e+00
1.007762171904762027e+00
1.007714554285714437e+00
1.007666936666666846e+00
1.007619319047619033e+00
1.007571701428571442e+00
1.007524083809523852e+00
1.007476466190476261e+00
1.007428848571428670e+00
1.007381230952381079e+00
1.007333613333333489e+00
1.007285995714285898e+00
1.007238378095238085e+00
1.007190760476190494e+00
1.007143142857142903e+00
1.007095525238095313e+00
1.007047907619047722e+00
1.007000290000000131e+00
1.006952672380952540e+00
1.006905054761904950e+00
1.006857437142857137e+00
1.006809819523809546e+00
1.006762201904761955e+00
1.006714584285714364e+00
1.006666966666666774e+00
1.006619349047619183e+00
1.006571731428571592e+00
1.006524113809523779e+00
1.006476496190476189e+00
1.006428878571428598e+00
1.006381260952381007e+00
1.006333643333333416e+00
1.006286025714285826e+00
1.006238408095238235e+00
1.006190790476190644e+00
1.006143172857142831e+00
1.006095555238095240e+00
1.006047937619047650e+00
1.006000320000000059e+00
1.005952702380952468e+00
1.005905084761904877e+00
1.005857467142857287e+00
1.005809849523809696e+00
1.005762231904761883e+00
1.005714614285714292e+00
1.005666996666666702e+00
1.005619379047619111e+00
1.005571761428571520e+00
1.005524143809523929e+00
1.005476526190476338e+00
1.005428908571428748e+00
1.005381290952380935e+00
1.005333673333333344e+00
1.005286055714285753e+00
1.005238438095238163e+00
1.005190820476190572e+00
1.005143202857142981e+00
1.005095585238095390e+00
1.005047967619047800e+00
1.005000349999999987e+00
1.004952732380952396e+00
1.004905114761904805e+00
1.004857497142857214e+00
1.004809879523809624e+00
1.004762261904762033e+00
1.004714644285714442e+00
1.004667026666666629e+00
1.004619409047619039e+00
1.004571791428571448e+00
1.004524173809523857e+00
1.004476556190476266e+00
1.004428938571428676e+00
1.004381320952381085e+00
1.004333703333333494e+00
1.004286085714285681e+00
1.004238468095238090e+00
1.004190850476190500e+00
1.004143232857142909e+00
1.004095615238095318e+00
1.004047997619047727e+00
1.004000380000000137e+00
1.003952762380952546e+00
1.003905144761904733e+00
1.003857527142857142e+00
1.003809909523809552e+00
1.003762291904761961e+00
1.003714674285714370e+00
1.003667056666666779e+00
1.003619439047619188e+00
1.003571821428571598e+00
1.003524203809523785e+00
1.003476586190476194e+00
1.003428968571428603e+00
1.003381350952381013e+00
1.003333733333333422e+00
1.003286115714285831e+00
1.003238498095238240e+00
1.003190880476190650e+00
1.003143262857142837e+00
1.003095645238095246e+00
1.003048027619047655e+00
1.003000410000000064e+00
1.002952792380952474e+00
1.002905174761904883e+00
1.002857557142857292e+00
1.002809939523809701e+00
1.002762321904761889e+00
1.002714704285714298e+00
1.002667086666666707e+00
1.002619469047619116e+00
1.002571851428571525e+00
1.002524233809523935e+00
1.002476616190476344e+00
1.002428998571428753e+00
1.002381380952380940e+00
1.002333763333333350e+00
1.002286145714285759e+00
1.002238528095238168e+00
1.002190910476190577e+00
1.002143292857142987e+00
1.002095675238095396e+00
1.002048057619047583e+00
1.002000439999999992e+00
1.001952822380952401e+00
1.001905204761904811e+00
1.001857587142857220e+00
1.001809969523809629e+00
1.001762351904762038e+00
1.001714734285714448e+00
1.001667116666666635e+00
1.001619499047619044e+00
1.001571881428571453e+00
1.001524263809523863e+00
1.001476646190476272e+00
1.001429028571428681e+00
1.001381410952381090e+00
1.001333793333333499e+00
1.001286175714285687e+00
1.001238558095238096e+00
1.001190940476190505e+00
1.001143322857142914e+00
1.001095705238095324e+00
1.001048087619047733e+00
1.001000470000000142e+00
1.000952852380952551e+00
1.000905234761904739e+00
1.000857617142857148e+00
1.000809999523809557e+00
1.000762381904761966e+00
1.000714764285714375e+00
1.000667146666666785e+00
1.000619529047619194e+00
1.000571911428571603e+00
1.000524293809523790e+00
1.000476676190476200e+00
1.000429058571428609e+00
1.000381440952381018e+00
1.000333823333333427e+00
1.000286205714285837e+00
1.000238588095238246e+00
1.000190970476190433e+00
1.000143352857142842e+00
1.000095735238095251e+00
1.000048117619047661e+00
1.000000500000000070e+00
9.999994999999999301e-01
9.999762452043839955e-01
9.999529904087679499e-01
9.999297356131520154e-01
9.999064808175360808e-01
9.998832260219201462e-01
9.998599712263041006e-01
9.998367164306881660e-01
9.998134616350722315e-01
9.997902068394561859e-01
9.997669520438402513e-01
9.997436972482243167e-01
9.997204424526082711e-01
9.996971876569923365e-01
9.996739328613764020e-01
9.996506780657604674e-01
9.996274232701444218e-01
9.996041684745284872e-01
9.995809136789125526e-01
9.995576588832965070e-01
9.995344040876805725e-01
9.995111492920646379e-01
9.994878944964487033e-01
9.994646397008326577e-01
9.994413849052167231e-01
9.994181301096007886e-01
9.993948753139847430e-01
9.993716205183688084e-01
9.993483657227528738e-01
9.993251109271368282e-01
9.993018561315208936e-01
9.992786013359049591e-01
9.992553465402890245e-01
9.992320917446729789e-01
9.992088369490570443e-01
9.991855821534411097e-01
9.991623273578250641e-01
9.991390725622091296e-01
9.991158177665931950e-01
9.990925629709772604e-01
9.990693081753612148e-01
9.990460533797452802e-01
9.990227985841293457e-01
9.989995437885133001e-01
9.989762889928973655e-01
9.989530341972814309e-01
9.989297794016653853e-01
9.989065246060494507e-01
9.988832698104335162e-01
9.988600150148174706e-01
9.988367602192015360e-01
9.988135054235856014e-01
9.987902506279696668e-01
9.987669958323536212e-01
9.987437410367376867e-01
9.987204862411217521e-01
9.986972314455057065e-01
9.986739766498897719e-01
9.986507218542738373e-01
9.986274670586579028e-01
9.986042122630418572e-01
9.985809574674259226e-01
9.985577026718099880e-01
9.985344478761939424e-01
9.985111930805780078e-01
9.984879382849620733e-01
9.984646834893460277e-01
9.984414286937300931e-01
9.984181738981141585e-01
9.983949191024982239e-01
9.983716643068821783e-01
9.983484095112662438e-01
9.983251547156503092e-01
9.983018999200342636e-01
9.982786451244183290e-01
9.982553903288023944e-01
9.982321355331864599e-01
9.982088807375704143e-01
9.981856259419544797e-01
9.981623711463385451e-01
9.981391163507224995e-01
9.981158615551065649e-01
9.980926067594906304e-01
9.980693519638745848e-01
9.980460971682586502e-01
9.980228423726427156e-01
9.979995875770267810e-01
9.979763327814107354e-01
9.979530779857948009e-01
9.979298231901788663e-01
9.979065683945628207e-01
9.978833135989468861e-01
9.978600588033309515e-01
9.978368040077150170e-01
9.978135492120989714e-01
9.977902944164830368e-01
9.977670396208671022e-01
9.977437848252510566e-01
9.977205300296351220e-01
9.976972752340191875e-01
9.976740204384031419e-01
9.976507656427872073e-01
9.976275108471712727e-01
9.976042560515553381e-01
9.975810012559392925e-01
9.975577464603233580e-01
9.975344916647074234e-01
9.975112368690913778e-01
9.974879820734754432e-01
9.974647272778595086e-01
9.974414724822435740e-01
9.974182176866275285e-01
9.973949628910115939e-01
9.973717080953956593e-01
9.973484532997796137e-01
9.973251985041636791e-01
9.973019437085477445e-01
9.972786889129316990e-01
9.972554341173157644e-01
9.972321793216998298e-01
9.972089245260838952e-01
9.971856697304678496e-01
9.971624149348519150e-01
9.971391601392359805e-01
9.971159053436199349e-01
9.970926505480040003e-01
9.970693957523880657e-01
9.970461409567721311e-01
9.970228861611560855e-01
9.969996313655401510e-01
9.969763765699242164e-01
9.969531217743081708e-01
9.969298669786922362e-01
9.969066121830763016e-01
9.968833573874602560e-01
9.968601025918443215e-01
9.968368477962283869e-01
9.968135930006123413e-01
9.967903382049964067e-01
9.967670834093804721e-01
9.967438286137645376e-01
9.967205738181484920e-01
9.966973190225325574e-01
9.966740642269166228e-01
9.966508094313005772e-01
9.966275546356846426e-01
9.966042998400687081e-01
9.965810450444527735e-01
9.965577902488367279e-01
9.965345354532207933e-01
9.965112806576048587e-01
9.964880258619888131e-01
9.964647710663728786e-01
9.964415162707569440e-01
9.964182614751408984e-01
9.963950066795249638e-01
9.963717518839090292e-01
9.963484970882930947e-01
9.963252422926770491e-01
9.963019874970611145e-01
9.962787327014451799e-01
9.962554779058291343e-01
9.962322231102131997e-01
9.962089683145972652e-01
9.961857135189813306e-01
9.961624587233652850e-01
9.961392039277493504e-01
9.961159491321334158e-01
9.960926943365173702e-01
9.960694395409014357e-01
9.960461847452855011e-01
9.960229299496694555e-01
9.959996751540535209e-01
9.959764203584375863e-01
9.959531655628216518e-01
9.959299107672056062e-01
9.959066559715896716e-01
9.958834011759737370e-01
9.958601463803576914e-01
9.958368915847417568e-01
9.958136367891258223e-01
9.957903819935098877e-01
9.957671271978938421e-01
9.957438724022779075e-01
9.957206176066619729e-01
9.956973628110459273e-01
9.956741080154299928e-01
9.956508532198140582e-01
9.956275984241980126e-01
9.956043436285820780e-01
9.955810888329661434e-01
9.955578340373502089e-01
9.955345792417341633e-01
9.955113244461182287e-01
9.954880696505022941e-01
9.954648148548862485e-01
9.954415600592703139e-01
9.954183052636543794e-01
9.953950504680384448e-01
9.953717956724223992e-01
9.953485408768064646e-01
9.953252860811905300e-01
9.953020312855744844e-01
9.952787764899585499e-01
9.952555216943426153e-01
9.952322668987265697e-01
9.952090121031106351e-01
9.951857573074947005e-01
9.951625025118787660e-01
9.951392477162627204e-01
9.951159929206467858e-01
9.950927381250308512e-01
9.950694833294148056e-01
9.950462285337988710e-01
9.950229737381829365e-01
9.949997189425670019e-01
9.949764641469509563e-01
9.949532093513350217e-01
9.949299545557190871e-01
9.949066997601030415e-01
9.948834449644871070e-01
9.948601901688711724e-01
9.948369353732551268e-01
9.948136805776391922e-01
9.947904257820232576e-01
9.947671709864072120e-01
9.947439161907912775e-01
9.947206613951753429e-01
9.946974065995594083e-01
9.946741518039433627e-01
9.946508970083274281e-01
9.946276422127114936e-01
9.946043874170954480e-01
9.945811326214795134e-01
9.945578778258635788e-01
9.945346230302476442e-01
9.945113682346315986e-01
9.944881134390156641e-01
9.944648586433997295e-01
9.944416038477836839e-01
9.944183490521677493e-01
9.943950942565518147e-01
9.943718394609357691e-01
9.943485846653198346e-01
9.943253298697039000e-01
9.943020750740879654e-01
9.942788202784719198e-01
9.942555654828559852e-01
9.942323106872400507e-01
9.942090558916240051e-01
9.941858010960080705e-01
9.941625463003921359e-01
9.941392915047762013e-01
9.941160367091601557e-01
9.940927819135442212e-01
9.940695271179282866e-01
9.940462723223122410e-01
9.940230175266963064e-01
9.939997627310803718e-01
9.939765079354643262e-01
9.939532531398483917e-01
9.939299983442324571e-01
9.939067435486165225e-01
9.938834887530004769e-01
9.938602339573845423e-01
9.938369791617686078e-01
9.938137243661525622e-01
9.937904695705366276e-01
9.937672147749206930e-01
9.937439599793047584e-01
9.937207051836887128e-01
9.936974503880727783e-01
9.936741955924568437e-01
9.936509407968407981e-01
9.936276860012248635e-01
9.936044312056089289e-01
9.935811764099928833e-01
9.935579216143769488e-01
9.935346668187610142e-01
9.935114120231450796e-01
9.934881572275290340e-01
9.934649024319130994e-01
9.934416476362971649e-01
9.934183928406811193e-01
9.933951380450651847e-01
9.933718832494492501e-01
9.933486284538333155e-01
9.933253736582172699e-01
9.933021188626013354e-01
9.932788640669854008e-01
9.932556092713693552e-01
9.932323544757534206e-01
9.932090996801374860e-01
9.931858448845214404e-01
9.931625900889055059e-01
9.931393352932895713e-01
9.931160804976736367e-01
9.930928257020575911e-01
9.930695709064416565e-01
9.930463161108257220e-01
9.930230613152096764e-01
9.929998065195937418e-01
9.929765517239778072e-01
9.929532969283617616e-01
9.929300421327458270e-01
9.929067873371298925e-01
9.928835325415139579e-01
9.928602777458979123e-01
9.928370229502819777e-01
9.928137681546660431e-01
9.927905133590499975e-01
9.927672585634340630e-01
9.927440037678181284e-01
9.927207489722020828e-01
9.926974941765861482e-01
9.926742393809702136e-01
9.926509845853542791e-01
9.926277297897382335e-01
9.926044749941222989e-01
9.925812201985063643e-01
9.925579654028903187e-01
9.925347106072743841e-01
9.925114558116584496e-01
9.924882010160425150e-01
9.924649462204264694e-01
9.924416914248105348e-01
9.924184366291946002e-01
9.923951818335785546e-01
9.923719270379626201e-01
9.923486722423466855e-01
9.923254174467306399e-01
9.923021626511147053e-01
9.922789078554987707e-01
9.922556530598828362e-01
9.922323982642667906e-01
9.922091434686508560e-01
9.921858886730349214e-01
9.921626338774188758e-01
9.921393790818029412e-01
9.921161242861870067e-01
9.920928694905710721e-01
9.920696146949550265e-01
9.920463598993390919e-01
9.920231051037231573e-01
9.919998503081071117e-01
9.919765955124911772e-01
9.919533407168752426e-01
9.919300859212591970e-01
9.919068311256432624e-01
9.918835763300273278e-01
9.918603215344113933e-01
9.918370667387953477e-01
9.918138119431794131e-01
9.917905571475634785e-01
9.917673023519474329e-01
9.917440475563314983e-01
9.917207927607155638e-01
9.916975379650996292e-01
9.916742831694835836e-01
9.916510283738676490e-01
9.916277735782517144e-01
9.916045187826356688e-01
9.915812639870197343e-01
9.915580091914037997e-01
9.915347543957877541e-01
9.915114996001718195e-01
9.914882448045558849e-01
9.914649900089399503e-01
9.914417352133239048e-01
9.914184804177079702e-01
9.913952256220920356e-01
9.913719708264759900e-01
9.913487160308600554e-01
9.913254612352441209e-01
9.913022064396281863e-01
9.912789516440121407e-01
9.912556968483962061e-01
9.912324420527802715e-01
9.912091872571642259e-01
9.911859324615482914e-01
9.911626776659323568e-01
9.911394228703163112e-01
9.911161680747003766e-01
9.910929132790844420e-01
9.910696584834683964e-01
9.910464036878524619e-01
9.910231488922365273e-01
9.909998940966205927e-01
9.909766393010045471e-01
9.909533845053886125e-01
9.909301297097726779e-01
9.909068749141566324e-01
9.908836201185406978e-01
9.908603653229247632e-01
9.908371105273088286e-01
9.908138557316927830e-01
9.907906009360768484e-01
9.907673461404609139e-01
9.907440913448448683e-01
9.907208365492289337e-01
9.906975817536129991e-01
9.906743269579969535e-01
9.906510721623810189e-01
9.906278173667650844e-01
9.906045625711491498e-01
9.905813077755331042e-01
9.905580529799171696e-01
9.905347981843012350e-01
9.905115433886851894e-01
9.904882885930692549e-01
9.904650337974533203e-01
9.904417790018373857e-01
9.904185242062213401e-01
9.903952694106054055e-01
9.903720146149894710e-01
9.903487598193734254e-01
9.903255050237574908e-01
9.903022502281415562e-01
9.902789954325255106e-01
9.902557406369095760e-01
9.902324858412936415e-01
9.902092310456777069e-01
9.901859762500616613e-01
9.901627214544457267e-01
9.901394666588297921e-01
9.901162118632137465e-01
9.900929570675978120e-01
9.900697022719818774e-01
9.900464474763659428e-01
9.900231926807498972e-01
9.899999378851339626e-01
9.899766830895180281e-01
9.899534282939019825e-01
9.899301734982860479e-01
9.899069187026701133e-01
9.898836639070540677e-01
9.898604091114381331e-01
9.898371543158221986e-01
9.898138995202062640e-01
9.897906447245902184e-01
9.897673899289742838e-01
9.897441351333583492e-01
9.897208803377423036e-01
9.896976255421263691e-01
9.896743707465104345e-01
9.896511159508944999e-01
9.896278611552784543e-01
9.896046063596625197e-01
9.895813515640465852e-01
9.895580967684305396e-01
9.895348419728146050e-01
9.895115871771986704e-01
9.894883323815826248e-01
9.894650775859666902e-01
9.894418227903507557e-01
9.894185679947348211e-01
9.893953131991187755e-01
9.893720584035028409e-01
9.893488036078869063e-01
9.893255488122708607e-01
9.893022940166549262e-01
9.892790392210389916e-01
9.892557844254230570e-01
9.892325296298070114e-01
9.892092748341910768e-01
9.891860200385751423e-01
9.891627652429590967e-01
9.891395104473431621e-01
9.891162556517272275e-01
9.890930008561111819e-01
9.890697460604952473e-01
9.890464912648793128e-01
9.890232364692632672e-01
9.889999816736473326e-01
9.889767268780313980e-01
9.889534720824154634e-01
9.889302172867994178e-01
9.889069624911834833e-01
9.888837076955675487e-01
9.888604528999515031e-01
9.888371981043355685e-01
9.888139433087196339e-01
9.887906885131036994e-01
9.887674337174876538e-01
9.887441789218717192e-01
9.887209241262557846e-01
9.886976693306397390e-01
9.886744145350238044e-01
9.886511597394078699e-01
9.886279049437918243e-01
9.886046501481758897e-01
9.885813953525599551e-01
9.885581405569440205e-01
9.885348857613279749e-01
9.885116309657120404e-01
9.884883761700961058e-01
9.884651213744800602e-01
9.884418665788641256e-01
9.884186117832481910e-01
9.883953569876322565e-01
9.883721021920162109e-01
9.883488473964002763e-01
9.883255926007843417e-01
9.883023378051682961e-01
9.882790830095523615e-01
9.882558282139364270e-01
9.882325734183203814e-01
9.882093186227044468e-01
9.881860638270885122e-01
9.881628090314725776e-01
9.881395542358565320e-01
9.881162994402405975e-01
9.880930446446246629e-01
9.880697898490086173e-01
9.880465350533926827e-01
9.880232802577767481e-01
9.880000254621608136e-01
9.879767706665447680e-01
9.879535158709288334e-01
9.879302610753128988e-01
9.879070062796968532e-01
9.878837514840809186e-01
9.878604966884649841e-01
9.878372418928489385e-01
9.878139870972330039e-01
9.877907323016170693e-01
9.877674775060011347e-01
9.877442227103850891e-01
9.877209679147691546e-01
9.876977131191532200e-01
9.876744583235371744e-01
9.876512035279212398e-01
9.876279487323053052e-01
9.876046939366893707e-01
9.875814391410733251e-01
9.875581843454573905e-01
9.875349295498414559e-01
9.875116747542254103e-01
9.874884199586094757e-01
9.874651651629935412e-01
9.874419103673774956e-01
9.874186555717615610e-01
9.873954007761456264e-01
9.873721459805296918e-01
9.873488911849136462e-01
9.873256363892977117e-01
9.873023815936817771e-01
9.872791267980657315e-01
9.872558720024497969e-01
9.872326172068338623e-01
9.872093624112179278e-01
9.871861076156018822e-01
9.871628528199859476e-01
9.871395980243700130e-01
9.871163432287539674e-01
9.870930884331380328e-01
9.870698336375220983e-01
9.870465788419060527e-01
9.870233240462901181e-01
9.870000692506741835e-01
9.869768144550581379e-01
9.869535596594422033e-01
9.869303048638262688e-01
9.869070500682103342e-01
9.868837952725942886e-01
9.868605404769783540e-01
9.868372856813624194e-01
9.868140308857463738e-01
9.867907760901304393e-01
9.867675212945145047e-01
9.867442664988985701e-01
9.867210117032825245e-01
9.866977569076665899e-01
9.866745021120506554e-01
9.866512473164346098e-01
9.866279925208186752e-01
9.866047377252027406e-01
9.865814829295866950e-01
9.865582281339707604e-01
9.865349733383548259e-01
9.865117185427388913e-01
9.864884637471228457e-01
9.864652089515069111e-01
9.864419541558909765e-01
9.864186993602749309e-01
9.863954445646589964e-01
9.863721897690430618e-01
9.863489349734271272e-01
9.863256801778110816e-01
9.863024253821951470e-01
9.862791705865792125e-01
9.862559157909631669e-01
9.862326609953472323e-01
9.862094061997312977e-01
9.861861514041152521e-01
9.861628966084993175e-01
9.861396418128833830e-01
9.861163870172674484e-01
9.860931322216514028e-01
9.860698774260354682e-01
9.860466226304195336e-01
9.860233678348034880e-01
9.860001130391875535e-01
9.859768582435716189e-01
9.859536034479556843e-01
9.859303486523396387e-01
9.859070938567237041e-01
9.858838390611077696e-01
9.858605842654917240e-01
9.858373294698757894e-01
9.858140746742598548e-01
9.857908198786438092e-01
9.857675650830278746e-01
9.857443102874119401e-01
9.857210554917960055e-01
9.856978006961799599e-01
9.856745459005640253e-01
9.856512911049480907e-01
9.856280363093320451e-01
9.856047815137161106e-01
9.855815267181001760e-01
9.855582719224842414e-01
9.855350171268681958e-01
9.855117623312522612e-01
9.854885075356363267e-01
9.854652527400202811e-01
9.854419979444043465e-01
9.854187431487884119e-01
9.853954883531723663e-01
9.853722335575564317e-01
9.853489787619404972e-01
9.853257239663245626e-01
9.853024691707085170e-01
9.852792143750925824e-01
9.852559595794766478e-01
9.852327047838606022e-01
9.852094499882446677e-01
9.851861951926287331e-01
9.851629403970127985e-01
9.851396856013967529e-01
9.851164308057808183e-01
9.850931760101648837e-01
9.850699212145488382e-01
9.850466664189329036e-01
9.850234116233169690e-01
9.850001568277009234e-01
9.849769020320849888e-01
9.849536472364690542e-01
9.849303924408530087e-01
9.849071376452370741e-01
9.848838828496211395e-01
9.848606280540052049e-01
9.848373732583891593e-01
9.848141184627732247e-01
9.847908636671572902e-01
9.847676088715412446e-01
9.847443540759253100e-01
9.847210992803093754e-01
9.846978444846934408e-01
9.846745896890773952e-01
9.846513348934614607e-01
9.846280800978455261e-01
9.846048253022294805e-01
9.845815705066135459e-01
9.845583157109976113e-01
9.845350609153815657e-01
9.845118061197656312e-01
9.844885513241496966e-01
9.844652965285337620e-01
9.844420417329177164e-01
9.844187869373017818e-01
9.843955321416858473e-01
9.843722773460698017e-01
9.843490225504538671e-01
9.843257677548379325e-01
9.843025129592219979e-01
9.842792581636059523e-01
9.842560033679900178e-01
9.842327485723740832e-01
9.842094937767580376e-01
9.841862389811421030e-01
9.841629841855261684e-01
9.841397293899101228e-01
9.841164745942941883e-01
9.840932197986782537e-01
9.840699650030623191e-01
9.840467102074462735e-01
9.840234554118303389e-01
9.840002006162144044e-01
9.839769458205983588e-01
9.839536910249824242e-01
9.839304362293664896e-01
9.839071814337505550e-01
9.838839266381345094e-01
9.838606718425185749e-01
9.838374170469026403e-01
9.838141622512865947e-01
9.837909074556706601e-01
9.837676526600547255e-01
9.837443978644386799e-01
9.837211430688227454e-01
9.836978882732068108e-01
9.836746334775908762e-01
9.836513786819748306e-01
9.836281238863588960e-01
9.836048690907429615e-01
9.835816142951269159e-01
9.835583594995109813e-01
9.835351047038950467e-01
9.835118499082791121e-01
9.834885951126630665e-01
9.834653403170471320e-01
9.834420855214311974e-01
9.834188307258151518e-01
9.833955759301992172e-01
9.833723211345832826e-01
9.833490663389672370e-01
9.833258115433513025e-01
9.833025567477353679e-01
9.832793019521194333e-01
9.832560471565033877e-01
9.832327923608874531e-01
9.832095375652715186e-01
9.831862827696554730e-01
9.831630279740395384e-01
9.831397731784236038e-01
9.831165183828075582e-01
9.830932635871916236e-01
9.830700087915756891e-01
9.830467539959597545e-01
9.830234992003437089e-01
9.830002444047277743e-01
9.829769896091118397e-01
9.829537348134957941e-01
9.829304800178798596e-01
9.829072252222639250e-01
9.828839704266478794e-01
9.828607156310319448e-01
9.828374608354160102e-01
9.828142060398000757e-01
9.827909512441840301e-01
9.827676964485680955e-01
9.827444416529521609e-01
9.827211868573361153e-01
9.826979320617201807e-01
9.826746772661042462e-01
9.826514224704883116e-01
9.826281676748722660e-01
9.826049128792563314e-01
9.825816580836403968e-01
9.825584032880243512e-01
9.825351484924084167e-01
9.825118936967924821e-01
9.824886389011764365e-01
9.824653841055605019e-01
9.824421293099445673e-01
9.824188745143286328e-01
9.823956197187125872e-01
9.823723649230966526e-01
9.823491101274807180e-01
9.823258553318646724e-01
9.823026005362487378e-01
9.822793457406328033e-01
9.822560909450168687e-01
9.822328361494008231e-01
9.822095813537848885e-01
9.821863265581689539e-01
9.821630717625529083e-01
9.821398169669369738e-01
9.821165621713210392e-01
9.820933073757049936e-01
9.820700525800890590e-01
9.820467977844731244e-01
9.820235429888571899e-01
9.820002881932411443e-01
9.819770333976252097e-01
9.819537786020092751e-01
9.819305238063932295e-01
9.819072690107772949e-01
9.818840142151613604e-01
9.818607594195454258e-01
9.818375046239293802e-01
9.818142498283134456e-01
9.817909950326975110e-01
9.817677402370814654e-01
9.817444854414655309e-01
9.817212306458495963e-01
9.816979758502335507e-01
9.816747210546176161e-01
9.816514662590016815e-01
9.816282114633857470e-01
9.816049566677697014e-01
9.815817018721537668e-01
9.815584470765378322e-01
9.815351922809217866e-01
9.815119374853058520e-01
9.814886826896899175e-01
9.814654278940739829e-01
9.814421730984579373e-01
9.814189183028420027e-01
9.813956635072260681e-01
9.813724087116100225e-01
9.813491539159940880e-01
9.813258991203781534e-01
9.813026443247621078e-01
9.812793895291461732e-01
9.812561347335302386e-01
9.812328799379143041e-01
9.812096251422982585e-01
9.811863703466823239e-01
9.811631155510663893e-01
9.811398607554503437e-01
9.811166059598344091e-01
9.810933511642184746e-01
9.810700963686024290e-01
9.810468415729864944e-01
9.810235867773705598e-01
9.810003319817546252e-01
9.809770771861385796e-01
9.809538223905226451e-01
9.809305675949067105e-01
9.809073127992906649e-01
9.808840580036747303e-01
9.808608032080587957e-01
9.808375484124427501e-01
9.808142936168268156e-01
9.807910388212108810e-01
9.807677840255949464e-01
9.807445292299789008e-01
9.807212744343629662e-01
9.806980196387470317e-01
9.806747648431309861e-01
9.806515100475150515e-01
9.806282552518991169e-01
9.806050004562831823e-01
9.805817456606671367e-01
9.805584908650512022e-01
9.805352360694352676e-01
9.805119812738192220e-01
9.804887264782032874e-01
9.804654716825873528e-01
9.804422168869713072e-01
9.804189620913553727e-01
9.803957072957394381e-01
9.803724525001235035e-01
9.803491977045074579e-01
9.803259429088915233e-01
9.803026881132755888e-01
9.802794333176595432e-01
9.802561785220436086e-01
9.802329237264276740e-01
9.802096689308117394e-01
9.801864141351956938e-01
9.801631593395797593e-01
9.801399045439638247e-01
9.801166497483477791e-01
9.800933949527318445e-01
9.800701401571159099e-01
9.800468853614998643e-01
9.800236305658839298e-01
9.800003757702679952e-01
9.799771209746520606e-01
9.799538661790360150e-01
9.799306113834200804e-01
9.799073565878041459e-01
9.798841017921881003e-01
9.798608469965721657e-01
9.798375922009562311e-01
9.798143374053402965e-01
9.797910826097242509e-01
9.797678278141083164e-01
9.797445730184923818e-01
9.797213182228763362e-01
9.796980634272604016e-01
9.796748086316444670e-01
9.796515538360284214e-01
9.796282990404124869e-01
9.796050442447965523e-01
9.795817894491806177e-01
9.795585346535645721e-01
9.795352798579486375e-01
9.795120250623327030e-01
9.794887702667166574e-01
9.794655154711007228e-01
9.794422606754847882e-01
9.794190058798688536e-01
9.793957510842528080e-01
9.793724962886368735e-01
9.793492414930209389e-01
9.793259866974048933e-01
9.793027319017889587e-01
9.792794771061730241e-01
9.792562223105569785e-01
9.792329675149410440e-01
9.792097127193251094e-01
9.791864579237091748e-01
9.791632031280931292e-01
9.791399483324771946e-01
9.791166935368612600e-01
9.790934387412452145e-01
9.790701839456292799e-01
9.790469291500133453e-01
9.790236743543972997e-01
9.790004195587813651e-01
9.789771647631654305e-01
9.789539099675494960e-01
9.789306551719334504e-01
9.789074003763175158e-01
9.788841455807015812e-01
9.788608907850855356e-01
9.788376359894696010e-01
9.788143811938536665e-01
9.787911263982376209e-01
9.787678716026216863e-01
9.787446168070057517e-01
9.787213620113898171e-01
9.786981072157737716e-01
9.786748524201578370e-01
9.786515976245419024e-01
9.786283428289258568e-01
9.786050880333099222e-01
9.785818332376939876e-01
9.785585784420780531e-01
9.785353236464620075e-01
9.785120688508460729e-01
9.784888140552301383e-01
9.784655592596140927e-01
9.784423044639981581e-01
9.784190496683822236e-01
9.783957948727661780e-01
9.783725400771502434e-01
9.783492852815343088e-01
9.783260304859183742e-01
9.783027756903023286e-01
9.782795208946863941e-01
9.782562660990704595e-01
9.782330113034544139e-01
9.782097565078384793e-01
9.781865017122225447e-01
9.781632469166066102e-01
9.781399921209905646e-01
9.781167373253746300e-01
9.780934825297586954e-01
9.780702277341426498e-01
9.780469729385267152e-01
9.780237181429107807e-01
9.780004633472947351e-01
9.779772085516788005e-01
9.779539537560628659e-01
9.779306989604469313e-01
9.779074441648308857e-01
9.778841893692149512e-01
9.778609345735990166e-01
9.778376797779829710e-01
9.778144249823670364e-01
9.777911701867511018e-01
9.777679153911351673e-01
9.777446605955191217e-01
9.777214057999031871e-01
9.776981510042872525e-01
9.776748962086712069e-01
9.776516414130552723e-01
9.776283866174393378e-01
9.776051318218232922e-01
9.775818770262073576e-01
9.775586222305914230e-01
9.775353674349754884e-01
9.775121126393594428e-01
9.774888578437435083e-01
9.774656030481275737e-01
9.774423482525115281e-01
9.774190934568955935e-01
9.773958386612796589e-01
9.773725838656636133e-01
9.773493290700476788e-01
9.773260742744317442e-01
9.773028194788158096e-01
9.772795646831997640e-01
9.772563098875838294e-01
9.772330550919678949e-01
9.772098002963518493e-01
9.771865455007359147e-01
9.771632907051199801e-01
9.771400359095040455e-01
9.771167811138879999e-01
9.770935263182720654e-01
9.770702715226561308e-01
9.770470167270400852e-01
9.770237619314241506e-01
9.770005071358082160e-01
9.769772523401921704e-01
9.769539975445762359e-01
9.769307427489603013e-01
9.769074879533443667e-01
9.768842331577283211e-01
9.768609783621123865e-01
9.768377235664964520e-01
9.768144687708804064e-01
9.767912139752644718e-01
9.767679591796485372e-01
9.767447043840324916e-01
9.767214495884165570e-01
9.766981947928006225e-01
9.766749399971846879e-01
9.766516852015686423e-01
9.766284304059527077e-01
9.766051756103367731e-01
9.765819208147207275e-01
9.765586660191047930e-01
9.765354112234888584e-01
9.765121564278729238e-01
9.764889016322568782e-01
9.764656468366409436e-01
9.764423920410250091e-01
9.764191372454089635e-01
9.763958824497930289e-01
9.763726276541770943e-01
9.763493728585610487e-01
9.763261180629451141e-01
9.763028632673291796e-01
9.762796084717132450e-01
9.762563536760971994e-01
9.762330988804812648e-01
9.762098440848653302e-01
9.761865892892492846e-01
9.761633344936333501e-01
9.761400796980174155e-01
9.761168249024014809e-01
9.760935701067854353e-01
9.760703153111695007e-01
9.760470605155535662e-01
9.760238057199375206e-01
9.760005509243215860e-01
9.759772961287056514e-01
9.759540413330896058e-01
9.759307865374736712e-01
9.759075317418577367e-01
9.758842769462418021e-01
9.758610221506257565e-01
9.758377673550098219e-01
9.758145125593938873e-01
9.757912577637778417e-01
9.757680029681619072e-01
9.757447481725459726e-01
9.757214933769300380e-01
9.756982385813139924e-01
9.756749837856980578e-01
9.756517289900821233e-01
9.756284741944660777e-01
9.756052193988501431e-01
9.755819646032342085e-01
9.755587098076181629e-01
9.755354550120022283e-01
9.755122002163862938e-01
9.754889454207703592e-01
9.754656906251543136e-01
9.754424358295383790e-01
9.754191810339224444e-01
9.753959262383063988e-01
9.753726714426904643e-01
9.753494166470745297e-01
9.753261618514584841e-01
9.753029070558425495e-01
9.752796522602266149e-01
9.752563974646106804e-01
9.752331426689946348e-01
9.752098878733787002e-01
9.751866330777627656e-01
9.751633782821467200e-01
9.751401234865307854e-01
9.751168686909148509e-01
9.750936138952989163e-01
9.750703590996828707e-01
9.750471043040669361e-01
9.750238495084510015e-01
9.750005947128349559e-01
9.749773399172190214e-01
9.749540851216030868e-01
9.749308303259870412e-01
9.749075755303711066e-01
9.748843207347551720e-01
9.748610659391392375e-01
9.748378111435231919e-01
9.748145563479072573e-01
9.747913015522913227e-01
9.747680467566752771e-01
9.747447919610593425e-01
9.747215371654434080e-01
9.746982823698273624e-01
9.746750275742114278e-01
9.746517727785954932e-01
9.746285179829795586e-01
9.746052631873635130e-01
9.745820083917475785e-01
9.745587535961316439e-01
9.745354988005155983e-01
9.745122440048996637e-01
9.744889892092837291e-01
9.744657344136677946e-01
9.744424796180517490e-01
9.744192248224358144e-01
9.743959700268198798e-01
9.743727152312038342e-01
9.743494604355878996e-01
9.743262056399719651e-01
9.743029508443559195e-01
9.742796960487399849e-01
9.742564412531240503e-01
9.742331864575081157e-01
9.742099316618920701e-01
9.741866768662761356e-01
9.741634220706602010e-01
9.741401672750441554e-01
9.741169124794282208e-01
9.740936576838122862e-01
9.740704028881963517e-01
9.740471480925803061e-01
9.740238932969643715e-01
9.740006385013484369e-01
9.739773837057323913e-01
9.739541289101164567e-01
9.739308741145005222e-01
9.739076193188844766e-01
9.738843645232685420e-01
9.738611097276526074e-01
9.738378549320366728e-01
9.738146001364206272e-01
9.737913453408046927e-01
9.737680905451887581e-01
9.737448357495727125e-01
9.737215809539567779e-01
9.736983261583408433e-01
9.736750713627249088e-01
9.736518165671088632e-01
9.736285617714929286e-01
9.736053069758769940e-01
9.735820521802609484e-01
9.735587973846450138e-01
9.735355425890290793e-01
9.735122877934130337e-01
9.734890329977970991e-01
9.734657782021811645e-01
9.734425234065652299e-01
9.734192686109491843e-01
9.733960138153332498e-01
9.733727590197173152e-01
9.733495042241012696e-01
9.733262494284853350e-01
9.733029946328694004e-01
9.732797398372533548e-01
9.732564850416374203e-01
9.732332302460214857e-01
9.732099754504055511e-01
9.731867206547895055e-01
9.731634658591735709e-01
9.731402110635576364e-01
9.731169562679415908e-01
9.730937014723256562e-01
9.730704466767097216e-01
9.730471918810937870e-01
9.730239370854777414e-01
9.730006822898618069e-01
9.729774274942458723e-01
9.729541726986298267e-01
9.729309179030138921e-01
9.729076631073979575e-01
9.728844083117819119e-01
9.728611535161659774e-01
9.728378987205500428e-01
9.728146439249341082e-01
9.727913891293180626e-01
9.727681343337021280e-01
9.727448795380861934e-01
9.727216247424701479e-01
9.726983699468542133e-01
9.726751151512382787e-01
9.726518603556222331e-01
9.726286055600062985e-01
9.726053507643903639e-01
9.725820959687744294e-01
9.725588411731583838e-01
9.725355863775424492e-01
9.725123315819265146e-01
9.724890767863104690e-01
9.724658219906945344e-01
9.724425671950785999e-01
9.724193123994626653e-01
9.723960576038466197e-01
9.723728028082306851e-01
9.723495480126147505e-01
9.723262932169987049e-01
9.723030384213827704e-01
9.722797836257668358e-01
9.722565288301507902e-01
9.722332740345348556e-01
9.722100192389189210e-01
9.721867644433029865e-01
9.721635096476869409e-01
9.721402548520710063e-01
9.721170000564550717e-01
9.720937452608390261e-01
9.720704904652230915e-01
9.720472356696071570e-01
9.720239808739912224e-01
9.720007260783751768e-01
9.719774712827592422e-01
9.719542164871433076e-01
9.719309616915272620e-01
9.719077068959113275e-01
9.718844521002953929e-01
9.718611973046793473e-01
9.718379425090634127e-01
9.718146877134474781e-01
9.717914329178315436e-01
9.717681781222154980e-01
9.717449233265995634e-01
9.717216685309836288e-01
9.716984137353675832e-01
9.716751589397516486e-01
9.716519041441357141e-01
9.716286493485197795e-01
9.716053945529037339e-01
9.715821397572877993e-01
9.715588849616718647e-01
9.715356301660558191e-01
9.715123753704398846e-01
9.714891205748239500e-01
9.714658657792079044e-01
9.714426109835919698e-01
9.714193561879760352e-01
9.713961013923601007e-01
9.713728465967440551e-01
9.713495918011281205e-01
9.713263370055121859e-01
9.713030822098961403e-01
9.712798274142802057e-01
9.712565726186642712e-01
9.712333178230482256e-01
9.712100630274322910e-01
9.711868082318163564e-01
9.711635534362004218e-01
9.711402986405843762e-01
9.711170438449684417e-01
9.710937890493525071e-01
9.710705342537364615e-01
9.710472794581205269e-01
9.710240246625045923e-01
9.710007698668885467e-01
9.709775150712726122e-01
9.709542602756566776e-01
9.709310054800407430e-01
9.709077506844246974e-01
9.708844958888087628e-01
9.708612410931928283e-01
9.708379862975767827e-01
9.708147315019608481e-01
9.707914767063449135e-01
9.707682219107289789e-01
9.707449671151129333e-01
9.707217123194969988e-01
9.706984575238810642e-01
9.706752027282650186e-01
9.706519479326490840e-01
9.706286931370331494e-01
9.706054383414171038e-01
9.705821835458011693e-01
9.705589287501852347e-01
9.705356739545693001e-01
9.705124191589532545e-01
9.704891643633373199e-01
9.704659095677213854e-01
9.704426547721053398e-01
9.704193999764894052e-01
9.703961451808734706e-01
9.703728903852575360e-01
9.703496355896414904e-01
9.703263807940255559e-01
9.703031259984096213e-01
9.702798712027935757e-01
9.702566164071776411e-01
9.702333616115617065e-01
9.702101068159456609e-01
9.701868520203297264e-01
9.701635972247137918e-01
9.701403424290978572e-01
9.701170876334818116e-01
9.700938328378658770e-01
9.700705780422499425e-01
9.700473232466338969e-01
9.700240684510179623e-01
9.700008136554020277e-01
9.699775588597860931e-01
9.699543040641700475e-01
9.699310492685541130e-01
9.699077944729381784e-01
9.698845396773221328e-01
9.698612848817061982e-01
9.698380300860902636e-01
9.698147752904742180e-01
9.697915204948582835e-01
9.697682656992423489e-01
9.697450109036264143e-01
9.697217561080103687e-01
9.696985013123944341e-01
9.696752465167784996e-01
9.696519917211624540e-01
9.696287369255465194e-01
9.696054821299305848e-01
9.695822273343146502e-01
9.695589725386986046e-01
9.695357177430826701e-01
9.695124629474667355e-01
9.694892081518506899e-01
9.694659533562347553e-01
9.694426985606188207e-01
9.694194437650027751e-01
9.693961889693868406e-01
9.693729341737709060e-01
9.693496793781549714e-01
9.693264245825389258e-01
9.693031697869229912e-01
9.692799149913070567e-01
9.692566601956910111e-01
9.692334054000750765e-01
9.692101506044591419e-01
9.691868958088430963e-01
9.691636410132271617e-01
9.691403862176112272e-01
9.691171314219952926e-01
9.690938766263792470e-01
9.690706218307633124e-01
9.690473670351473778e-01
9.690241122395313322e-01
9.690008574439153977e-01
9.689776026482994631e-01
9.689543478526835285e-01
9.689310930570674829e-01
9.689078382614515483e-01
9.688845834658356138e-01
9.688613286702195682e-01
9.688380738746036336e-01
9.688148190789876990e-01
9.687915642833716534e-01
9.687683094877557188e-01
9.687450546921397843e-01
9.687217998965238497e-01
9.686985451009078041e-01
9.686752903052918695e-01
9.686520355096759349e-01
9.686287807140598893e-01
9.686055259184439548e-01
9.685822711228280202e-01
9.685590163272119746e-01
9.685357615315960400e-01
9.685125067359801054e-01
9.684892519403641709e-01
9.684659971447481253e-01
9.684427423491321907e-01
9.684194875535162561e-01
9.683962327579002105e-01
9.683729779622842759e-01
9.683497231666683414e-01
9.683264683710524068e-01
9.683032135754363612e-01
9.682799587798204266e-01
9.682567039842044920e-01
9.682334491885884464e-01
9.682101943929725119e-01
9.681869395973565773e-01
9.681636848017405317e-01
9.681404300061245971e-01
9.681171752105086625e-01
9.680939204148927280e-01
9.680706656192766824e-01
9.680474108236607478e-01
9.680241560280448132e-01
9.680009012324287676e-01
9.679776464368128330e-01
9.679543916411968985e-01
9.679311368455809639e-01
9.679078820499649183e-01
9.678846272543489837e-01
9.678613724587330491e-01
9.678381176631170035e-01
9.678148628675010690e-01
9.677916080718851344e-01
9.677683532762690888e-01
9.677450984806531542e-01
9.677218436850372196e-01
9.676985888894212851e-01
9.676753340938052395e-01
9.676520792981893049e-01
9.676288245025733703e-01
9.676055697069573247e-01
9.675823149113413901e-01
9.675590601157254556e-01
9.675358053201094100e-01
9.675125505244934754e-01
9.674892957288775408e-01
9.674660409332616062e-01
9.674427861376455606e-01
9.674195313420296261e-01
9.673962765464136915e-01
9.673730217507976459e-01
9.673497669551817113e-01
9.673265121595657767e-01
9.673032573639498422e-01
9.672800025683337966e-01
9.672567477727178620e-01
9.672334929771019274e-01
9.672102381814858818e-01
9.671869833858699472e-01
9.671637285902540127e-01
9.671404737946379671e-01
9.671172189990220325e-01
9.670939642034060979e-01
9.670707094077901633e-01
9.670474546121741177e-01
9.670241998165581832e-01
9.670009450209422486e-01
9.669776902253262030e-01
9.669544354297102684e-01
9.669311806340943338e-01
9.669079258384782882e-01
9.668846710428623537e-01
9.668614162472464191e-01
9.668381614516304845e-01
9.668149066560144389e-01
9.667916518603985043e-01
9.667683970647825697e-01
9.667451422691665242e-01
9.667218874735505896e-01
9.666986326779346550e-01
9.666753778823187204e-01
9.666521230867026748e-01
9.666288682910867402e-01
9.666056134954708057e-01
9.665823586998547601e-01
9.665591039042388255e-01
9.665358491086228909e-01
9.665125943130068453e-01
9.664893395173909107e-01
9.664660847217749762e-01
9.664428299261590416e-01
9.664195751305429960e-01
9.663963203349270614e-01
9.663730655393111268e-01
9.663498107436950812e-01
9.663265559480791467e-01
9.663033011524632121e-01
9.662800463568472775e-01
9.662567915612312319e-01
9.662335367656152973e-01
9.662102819699993628e-01
9.661870271743833172e-01
9.661637723787673826e-01
9.661405175831514480e-01
9.661172627875354024e-01
9.660940079919194678e-01
9.660707531963035333e-01
9.660474984006875987e-01
9.660242436050715531e-01
9.660009888094556185e-01
9.659777340138396839e-01
9.659544792182236383e-01
9.659312244226077038e-01
9.659079696269917692e-01
9.658847148313758346e-01
9.658614600357597890e-01
9.658382052401438544e-01
9.658149504445279199e-01
9.657916956489118743e-01
9.657684408532959397e-01
9.657451860576800051e-01
9.657219312620639595e-01
9.656986764664480249e-01
9.656754216708320904e-01
9.656521668752161558e-01
9.656289120796001102e-01
9.656056572839841756e-01
9.655824024883682410e-01
9.655591476927521954e-01
9.655358928971362609e-01
9.655126381015203263e-01
9.654893833059042807e-01
9.654661285102883461e-01
9.654428737146724115e-01
9.654196189190564770e-01
9.653963641234404314e-01
9.653731093278244968e-01
9.653498545322085622e-01
9.653265997365925166e-01
9.653033449409765820e-01
9.652800901453606475e-01
9.652568353497447129e-01
9.652335805541286673e-01
9.652103257585127327e-01
9.651870709628967981e-01
9.651638161672807525e-01
9.651405613716648180e-01
9.651173065760488834e-01
9.650940517804328378e-01
9.650707969848169032e-01
9.650475421892009686e-01
9.650242873935850341e-01
9.650010325979689885e-01
9.649777778023530539e-01
9.649545230067371193e-01
9.649312682111210737e-01
9.649080134155051391e-01
9.648847586198892046e-01
9.648615038242731590e-01
9.648382490286572244e-01
9.648149942330412898e-01
9.647917394374253552e-01
9.647684846418093096e-01
9.647452298461933751e-01
9.647219750505774405e-01
9.646987202549613949e-01
9.646754654593454603e-01
9.646522106637295257e-01
9.646289558681135912e-01
9.646057010724975456e-01
9.645824462768816110e-01
9.645591914812656764e-01
9.645359366856496308e-01
9.645126818900336962e-01
9.644894270944177617e-01
9.644661722988017161e-01
9.644429175031857815e-01
9.644196627075698469e-01
9.643964079119539123e-01
9.643731531163378667e-01
9.643498983207219322e-01
9.643266435251059976e-01
9.643033887294899520e-01
9.642801339338740174e-01
9.642568791382580828e-01
9.642336243426421483e-01
9.642103695470261027e-01
9.641871147514101681e-01
9.641638599557942335e-01
9.641406051601781879e-01
9.641173503645622533e-01
9.640940955689463188e-01
9.640708407733302732e-01
9.640475859777143386e-01
9.640243311820984040e-01
9.640010763864824694e-01
9.639778215908664238e-01
9.639545667952504893e-01
9.639313119996345547e-01
9.639080572040185091e-01
9.638848024084025745e-01
9.638615476127866399e-01
9.638382928171707054e-01
9.638150380215546598e-01
9.637917832259387252e-01
9.637685284303227906e-01
9.637452736347067450e-01
9.637220188390908104e-01
9.636987640434748759e-01
9.636755092478588303e-01
9.636522544522428957e-01
9.636289996566269611e-01
9.636057448610110265e-01
9.635824900653949809e-01
9.635592352697790464e-01
9.635359804741631118e-01
9.635127256785470662e-01
9.634894708829311316e-01
9.634662160873151970e-01
9.634429612916991514e-01
9.634197064960832169e-01
9.633964517004672823e-01
9.633731969048513477e-01
9.633499421092353021e-01
9.633266873136193675e-01
9.633034325180034330e-01
9.632801777223873874e-01
9.632569229267714528e-01
9.632336681311555182e-01
9.632104133355395836e-01
9.631871585399235380e-01
9.631639037443076035e-01
9.631406489486916689e-01
9.631173941530756233e-01
9.630941393574596887e-01
9.630708845618437541e-01
9.630476297662277085e-01
9.630243749706117740e-01
9.630011201749958394e-01
9.629778653793799048e-01
9.629546105837638592e-01
9.629313557881479246e-01
9.629081009925319901e-01
9.628848461969159445e-01
9.628615914013000099e-01
9.628383366056840753e-01
9.628150818100680297e-01
9.627918270144520951e-01
9.627685722188361606e-01
9.627453174232202260e-01
9.627220626276041804e-01
9.626988078319882458e-01
9.626755530363723112e-01
9.626522982407562656e-01
9.626290434451403311e-01
9.626057886495243965e-01
9.625825338539084619e-01
9.625592790582924163e-01
9.625360242626764817e-01
9.625127694670605472e-01
9.624895146714445016e-01
9.624662598758285670e-01
9.624430050802126324e-01
9.624197502845965868e-01
9.623964954889806522e-01
9.623732406933647177e-01
9.623499858977487831e-01
9.623267311021327375e-01
9.623034763065168029e-01
9.622802215109008683e-01
9.622569667152848227e-01
9.622337119196688882e-01
9.622104571240529536e-01
9.621872023284370190e-01
9.621639475328209734e-01
9.621406927372050388e-01
9.621174379415891043e-01
9.620941831459730587e-01
9.620709283503571241e-01
9.620476735547411895e-01
9.620244187591251439e-01
9.620011639635092093e-01
9.619779091678932748e-01
9.619546543722773402e-01
9.619313995766612946e-01
9.619081447810453600e-01
9.618848899854294254e-01
9.618616351898133798e-01
9.618383803941974453e-01
9.618151255985815107e-01
9.617918708029655761e-01
9.617686160073495305e-01
9.617453612117335959e-01
9.617221064161176614e-01
9.616988516205016158e-01
9.616755968248856812e-01
9.616523420292697466e-01
9.616290872336537010e-01
9.616058324380377664e-01
9.615825776424218319e-01
9.615593228468058973e-01
9.615360680511898517e-01
9.615128132555739171e-01
9.614895584599579825e-01
9.614663036643419369e-01
9.614430488687260024e-01
9.614197940731100678e-01
9.613965392774940222e-01
9.613732844818780876e-01
9.613500296862621530e-01
9.613267748906462185e-01
9.613035200950301729e-01
9.612802652994142383e-01
9.612570105037983037e-01
9.612337557081822581e-01
9.612105009125663235e-01
9.611872461169503890e-01
9.611639913213344544e-01
9.611407365257184088e-01
9.611174817301024742e-01
9.610942269344865396e-01
9.610709721388704940e-01
9.610477173432545595e-01
9.610244625476386249e-01
9.610012077520225793e-01
9.609779529564066447e-01
9.609546981607907101e-01
9.609314433651747756e-01
9.609081885695587300e-01
9.608849337739427954e-01
9.608616789783268608e-01
9.608384241827108152e-01
9.608151693870948806e-01
9.607919145914789461e-01
9.607686597958629005e-01
9.607454050002469659e-01
9.607221502046310313e-01
9.606988954090150967e-01
9.606756406133990511e-01
9.606523858177831166e-01
9.606291310221671820e-01
9.606058762265511364e-01
9.605826214309352018e-01
9.605593666353192672e-01
9.605361118397033326e-01
9.605128570440872871e-01
9.604896022484713525e-01
9.604663474528554179e-01
9.604430926572393723e-01
9.604198378616234377e-01
9.603965830660075031e-01
9.603733282703914576e-01
9.603500734747755230e-01
9.603268186791595884e-01
9.603035638835436538e-01
9.602803090879276082e-01
9.602570542923116736e-01
9.602337994966957391e-01
9.602105447010796935e-01
9.601872899054637589e-01
9.601640351098478243e-01
9.601407803142318897e-01
9.601175255186158441e-01
9.600942707229999096e-01
9.600710159273839750e-01
9.600477611317679294e-01
9.600245063361519948e-01
9.600012515405360602e-01
9.599779967449200146e-01
9.599547419493040801e-01
9.599314871536881455e-01
9.599082323580722109e-01
9.598849775624561653e-01
9.598617227668402307e-01
9.598384679712242962e-01
9.598152131756082506e-01
9.597919583799923160e-01
9.597687035843763814e-01
9.597454487887603358e-01
9.597221939931444012e-01
9.596989391975284667e-01
9.596756844019125321e-01
9.596524296062964865e-01
9.596291748106805519e-01
9.596059200150646173e-01
9.595826652194485717e-01
9.595594104238326372e-01
9.595361556282167026e-01
9.595129008326007680e-01
9.594896460369847224e-01
9.594663912413687878e-01
9.594431364457528533e-01
9.594198816501368077e-01
9.593966268545208731e-01
9.593733720589049385e-01
9.593501172632888929e-01
9.593268624676729583e-01
9.593036076720570238e-01
9.592803528764410892e-01
9.592570980808250436e-01
9.592338432852091090e-01
9.592105884895931744e-01
9.591873336939771288e-01
9.591640788983611943e-01
9.591408241027452597e-01
9.591175693071293251e-01
9.590943145115132795e-01
9.590710597158973449e-01
9.590478049202814104e-01
9.590245501246653648e-01
9.590012953290494302e-01
9.589780405334334956e-01
9.589547857378174500e-01
9.589315309422015154e-01
9.589082761465855809e-01
9.588850213509696463e-01
9.588617665553536007e-01
9.588385117597376661e-01
9.588152569641217315e-01
9.587920021685056859e-01
9.587687473728897514e-01
9.587454925772738168e-01
9.587222377816577712e-01
9.586989829860418366e-01
9.586757281904259020e-01
9.586524733948099675e-01
9.586292185991939219e-01
9.586059638035779873e-01
9.585827090079620527e-01
9.585594542123460071e-01
9.585361994167300725e-01
9.585129446211141380e-01
9.584896898254982034e-01
9.584664350298821578e-01
9.584431802342662232e-01
9.584199254386502886e-01
9.583966706430342430e-01
9.583734158474183085e-01
9.583501610518023739e-01
9.583269062561863283e-01
9.583036514605703937e-01
9.582803966649544591e-01
9.582571418693385246e-01
9.582338870737224790e-01
9.582106322781065444e-01
9.581873774824906098e-01
9.581641226868745642e-01
9.581408678912586296e-01
9.581176130956426951e-01
9.580943583000267605e-01
9.580711035044107149e-01
9.580478487087947803e-01
9.580245939131788457e-01
9.580013391175628001e-01
9.579780843219468656e-01
9.579548295263309310e-01
9.579315747307148854e-01
9.579083199350989508e-01
9.578850651394830162e-01
9.578618103438670817e-01
9.578385555482510361e-01
9.578153007526351015e-01
9.577920459570191669e-01
9.577687911614031213e-01
9.577455363657871867e-01
9.577222815701712522e-01
9.576990267745552066e-01
9.576757719789392720e-01
9.576525171833233374e-01
9.576292623877074028e-01
9.576060075920913572e-01
9.575827527964754227e-01
9.575594980008594881e-01
9.575362432052434425e-01
9.575129884096275079e-01
9.574897336140115733e-01
9.574664788183956388e-01
9.574432240227795932e-01
9.574199692271636586e-01
9.573967144315477240e-01
9.573734596359316784e-01
9.573502048403157438e-01
9.573269500446998093e-01
9.573036952490837637e-01
9.572804404534678291e-01
9.572571856578518945e-01
9.572339308622359599e-01
9.572106760666199143e-01
9.571874212710039798e-01
9.571641664753880452e-01
9.571409116797719996e-01
9.571176568841560650e-01
9.570944020885401304e-01
9.570711472929241959e-01
9.570478924973081503e-01
9.570246377016922157e-01
9.570013829060762811e-01
9.569781281104602355e-01
9.569548733148443009e-01
9.569316185192283664e-01
9.569083637236123208e-01
9.568851089279963862e-01
9.568618541323804516e-01
9.568385993367645170e-01
9.568153445411484714e-01
9.567920897455325369e-01
9.567688349499166023e-01
9.567455801543005567e-01
9.567223253586846221e-01
9.566990705630686875e-01
9.566758157674526419e-01
9.566525609718367074e-01
9.566293061762207728e-01
9.566060513806048382e-01
9.565827965849887926e-01
9.565595417893728580e-01
9.565362869937569235e-01
9.565130321981408779e-01
9.564897774025249433e-01
9.564665226069090087e-01
9.564432678112930741e-01
9.564200130156770285e-01
9.563967582200610940e-01
9.563735034244451594e-01
9.563502486288291138e-01
9.563269938332131792e-01
9.563037390375972446e-01
9.562804842419811990e-01
9.562572294463652645e-01
9.562339746507493299e-01
9.562107198551333953e-01
9.561874650595173497e-01
9.561642102639014151e-01
9.561409554682854806e-01
9.561177006726694350e-01
9.560944458770535004e-01
9.560711910814375658e-01
9.560479362858216312e-01
9.560246814902055856e-01
9.560014266945896511e-01
9.559781718989737165e-01
9.559549171033576709e-01
9.559316623077417363e-01
9.559084075121258017e-01
9.558851527165097561e-01
9.558618979208938216e-01
9.558386431252778870e-01
9.558153883296619524e-01
9.557921335340459068e-01
9.557688787384299722e-01
9.557456239428140377e-01
9.557223691471979921e-01
9.556991143515820575e-01
9.556758595559661229e-01
9.556526047603500773e-01
9.556293499647341427e-01
9.556060951691182082e-01
9.555828403735022736e-01
9.555595855778862280e-01
9.555363307822702934e-01
9.555130759866543588e-01
9.554898211910383132e-01
9.554665663954223787e-01
9.554433115998064441e-01
9.554200568041905095e-01
9.553968020085744639e-01
9.553735472129585293e-01
9.553502924173425948e-01
9.553270376217265492e-01
9.553037828261106146e-01
9.552805280304946800e-01
9.552572732348786344e-01
9.552340184392626998e-01
9.552107636436467653e-01
9.551875088480308307e-01
9.551642540524147851e-01
9.551409992567988505e-01
9.551177444611829159e-01
9.550944896655668703e-01
9.550712348699509358e-01
9.550479800743350012e-01
9.550247252787190666e-01
9.550014704831030210e-01
9.549782156874870864e-01
9.549549608918711519e-01
9.549317060962551063e-01
9.549084513006391717e-01
9.548851965050232371e-01
9.548619417094071915e-01
9.548386869137912569e-01
9.548154321181753224e-01
9.547921773225593878e-01
9.547689225269433422e-01
9.547456677313274076e-01
9.547224129357114730e-01
9.546991581400954274e-01
9.546759033444794929e-01
9.546526485488635583e-01
9.546293937532475127e-01
9.546061389576315781e-01
9.545828841620156435e-01
9.545596293663997089e-01
9.545363745707836634e-01
9.545131197751677288e-01
9.544898649795517942e-01
9.544666101839357486e-01
9.544433553883198140e-01
9.544201005927038794e-01
9.543968457970879449e-01
9.543735910014718993e-01
9.543503362058559647e-01
9.543270814102400301e-01
9.543038266146239845e-01
9.542805718190080499e-01
9.542573170233921154e-01
9.542340622277760698e-01
9.542108074321601352e-01
9.541875526365442006e-01
9.541642978409282660e-01
9.541410430453122204e-01
9.541177882496962859e-01
9.540945334540803513e-01
9.540712786584643057e-01
9.540480238628483711e-01
9.540247690672324365e-01
9.540015142716165020e-01
9.539782594760004564e-01
9.539550046803845218e-01
9.539317498847685872e-01
9.539084950891525416e-01
9.538852402935366070e-01
9.538619854979206725e-01
9.538387307023046269e-01
9.538154759066886923e-01
9.537922211110727577e-01
9.537689663154568231e-01
9.537457115198407775e-01
9.537224567242248430e-01
9.536992019286089084e-01
9.536759471329928628e-01
9.536526923373769282e-01
9.536294375417609936e-01
9.536061827461449480e-01
9.535829279505290135e-01
9.535596731549130789e-01
9.535364183592971443e-01
9.535131635636810987e-01
9.534899087680651641e-01
9.534889087680651354e-01
