5.999999999999999778e-01
6.000007400627772602e-01
6.000359813878103354e-01
6.000712252548006109e-01
6.001064716639146202e-01
6.001417206153188966e-01
6.001769721091795295e-01
6.002122261456627195e-01
6.002474827249354439e-01
6.002827418471633480e-01
6.003180035125129654e-01
6.003532677211506074e-01
6.003885344732424745e-01
6.004238037689553220e-01
6.004590756084549064e-01
6.004943499919078720e-01
6.005296269194801972e-01
6.005649063913384156e-01
6.006001884076489494e-01
6.006354729685779992e-01
6.006707600742918762e-01
6.007060497249564479e-01
6.007413419207386918e-01
6.007766366618044751e-01
6.008119339483202204e-01
6.008472337804522390e-01
6.008825361583665092e-01
6.009178410822296756e-01
6.009531485522079386e-01
6.009884585684679426e-01
6.010237711311748887e-01
6.010590862404961987e-01
6.010944038965974068e-01
6.011297240996454905e-01
6.011650468498058730e-01
6.012003721472453099e-01
6.012356999921302236e-01
6.012710303846267035e-01
6.013063633249008388e-01
6.013416988131190521e-01
6.013770368494474328e-01
6.014123774340527362e-01
6.014477205671003857e-01
6.014830662487574697e-01
6.015184144791899667e-01
6.015537652585639661e-01
6.015891185870457791e-01
6.016244744648013842e-01
6.016598328919976479e-01
6.016951938688006596e-01
6.017305573953760645e-01
6.017659234718907291e-01
6.018012920985108538e-01
6.018366632754026391e-01
6.018720370027316191e-01
6.019074132806652155e-01
6.019427921093686296e-01
6.019781734890086167e-01
6.020135574197512662e-01
6.020489439017627786e-01
6.020843329352097983e-01
6.021197245202580817e-01
6.021551186570734959e-01
6.021905153458230187e-01
6.022259145866727392e-01
6.022613163797881919e-01
6.022967207253360211e-01
6.023321276234833155e-01
6.023675370743948321e-01
6.024029490782375484e-01
6.024383636351775539e-01
6.024737807453810490e-01
6.025092004090141229e-01
6.025446226262429761e-01
6.025800473972339200e-01
6.026154747221532659e-01
6.026509046011672144e-01
6.026863370344414106e-01
6.027217720221423880e-01
6.027572095644366801e-01
6.027926496614902652e-01
6.028280923134686775e-01
6.028635375205387836e-01
6.028989852828667839e-01
6.029344356006188788e-01
6.029698884739606024e-01
6.030053439030589324e-01
6.030408018880792920e-01
6.030762624291885476e-01
6.031117255265522337e-01
6.031471911803372166e-01
6.031826593907089196e-01
6.032181301578340982e-01
6.032536034818783977e-01
6.032890793630083515e-01
6.033245578013901600e-01
6.033600387971894685e-01
6.033955223505729215e-01
6.034310084617064973e-01
6.034664971307565073e-01
6.035019883578888189e-01
6.035374821432692993e-01
6.035729784870650372e-01
6.036084773894412336e-01
6.036439788505643111e-01
6.036794828706008031e-01
6.037149894497162439e-01
6.037504985880772779e-01
6.037860102858495503e-01
6.038215245431993727e-01
6.038570413602929454e-01
6.038925607372965798e-01
6.039280826743756991e-01
6.039636071716968369e-01
6.039991342294264154e-01
6.040346638477305241e-01
6.040701960267746973e-01
6.041057307667253573e-01
6.041412680677484826e-01
6.041768079300103844e-01
6.042123503536768192e-01
6.042478953389143204e-01
6.042834428858886442e-01
6.043189929947664352e-01
6.043545456657130055e-01
6.043901008988948886e-01
6.044256586944780629e-01
6.044612190526286177e-01
6.044967819735126424e-01
6.045323474572961153e-01
6.045679155041453479e-01
6.046034861142259853e-01
6.046390592877045611e-01
6.046746350247468316e-01
6.047102133255192191e-01
6.047457941901875911e-01
6.047813776189178148e-01
6.048169636118758685e-01
6.048525521692281748e-01
6.048881432911408229e-01
6.049237369777796802e-01
6.049593332293106140e-01
6.049949320459001578e-01
6.050305334277137348e-01
6.050661373749178784e-01
6.051017438876782339e-01
6.051373529661615569e-01
6.051729646105330485e-01
6.052085788209589090e-01
6.052441955976056720e-01
6.052798149406386496e-01
6.053154368502247085e-01
6.053510613265290496e-01
6.053866883697182066e-01
6.054223179799580468e-01
6.054579501574145484e-01
6.054935849022535788e-01
6.055292222146414494e-01
6.055648620947439165e-01
6.056005045427274025e-01
6.056361495587573307e-01
6.056717971430002345e-01
6.057074472956215372e-01
6.057431000167876611e-01
6.057787553066646957e-01
6.058144131654179532e-01
6.058500735932144110e-01
6.058857365902192704e-01
6.059214021565987318e-01
6.059570702925188845e-01
6.059927409981458180e-01
6.060284142736448443e-01
6.060640901191829411e-01
6.060997685349249764e-01
6.061354495210379278e-01
6.061711330776869966e-01
6.062068192050390492e-01
6.062425079032587316e-01
6.062781991725132436e-01
6.063138930129678972e-01
6.063495894247886708e-01
6.063852884081416539e-01
6.064209899631927136e-01
6.064566940901079395e-01
6.064924007890531987e-01
6.065281100601941366e-01
6.065638219036972867e-01
6.065995363197281831e-01
6.066352533084524712e-01
6.066709728700366844e-01
6.067066950046463569e-01
6.067424197124476892e-01
6.067781469936061045e-01
6.068138768482881362e-01
6.068496092766596517e-01
6.068853442788859631e-01
6.069210818551333819e-01
6.069568220055679975e-01
6.069925647303551219e-01
6.070283100296612888e-01
6.070640579036519213e-01
6.070998083524935529e-01
6.071355613763512737e-01
6.071713169753916173e-01
6.072070751497798957e-01
6.072428358996823095e-01
6.072785992252648368e-01
6.073143651266932341e-01
6.073501336041332577e-01
6.073859046577512188e-01
6.074216782877125409e-01
6.074574544941832022e-01
6.074932332773289589e-01
6.075290146373160116e-01
6.075647985743100055e-01
6.076005850884766968e-01
6.076363741799818419e-01
6.076721658489921962e-01
6.077079600956722949e-01
6.077437569201888934e-01
6.077795563227069708e-01
6.078153583033933938e-01
6.078511628624135854e-01
6.078869699999329690e-01
6.079227797161183000e-01
6.079585920111345576e-01
6.079944068851478312e-01
6.080302243383237659e-01
6.080660443708285623e-01
6.081018669828278655e-01
6.081376921744873210e-01
6.081735199459730179e-01
6.082093502974506016e-01
6.082451832290860505e-01
6.082810187410446767e-01
6.083168568334930137e-01
6.083526975065962628e-01
6.083885407605201801e-01
6.084243865954312991e-01
6.084602350114945990e-01
6.084960860088762802e-01
6.085319395877420989e-01
6.085677957482575895e-01
6.086036544905886192e-01
6.086395158149011664e-01
6.086753797213607653e-01
6.087112462101333943e-01
6.087471152813842545e-01
6.087829869352801015e-01
6.088188611719860255e-01
6.088547379916676716e-01
6.088906173944912403e-01
6.089264993806220438e-01
6.089623839502261715e-01
6.089982711034692686e-01
6.090341608405166474e-01
6.090700531615351743e-01
6.091059480666890513e-01
6.091418455561451450e-01
6.091777456300686566e-01
6.092136482886260085e-01
6.092495535319816247e-01
6.092854613603025937e-01
6.093213717737537838e-01
6.093572847725012842e-01
6.093932003567104072e-01
6.094291185265473532e-01
6.094650392821774343e-01
6.095009626237665179e-01
6.095368885514801383e-01
6.095728170654842737e-01
6.096087481659444585e-01
6.096446818530266709e-01
6.096806181268960012e-01
6.097165569877184277e-01
6.097524984356598177e-01
6.097884424708855944e-01
6.098243890935614031e-01
6.098603383038528891e-01
6.098962901019260308e-01
6.099322444879465843e-01
6.099682014620795290e-01
6.100041610244907320e-01
6.100401231753465048e-01
6.100760879148116045e-01
6.101120552430520094e-01
6.101480251602335869e-01
6.101839976665219822e-01
6.102199727620826186e-01
6.102559504470811413e-01
6.102919307216831957e-01
6.103279135860543159e-01
6.103638990403603692e-01
6.103998870847665570e-01
6.104358777194389685e-01
6.104718709445432490e-01
6.105078667602444886e-01
6.105438651667086658e-01
6.105798661641009817e-01
6.106158697525875256e-01
6.106518759323339429e-01
6.106878847035053237e-01
6.107238960662676464e-01
6.107599100207865561e-01
6.107959265672272542e-01
6.108319457057553858e-01
6.108679674365368184e-01
6.109039917597366420e-01
6.109400186755210571e-01
6.109760481840553759e-01
6.110120802855047994e-01
6.110481149800356393e-01
6.110841522678127635e-01
6.111201921490017064e-01
6.111562346237685572e-01
6.111922796922787393e-01
6.112283273546972318e-01
6.112643776111900129e-01
6.113004304619226170e-01
6.113364859070608004e-01
6.113725439467695422e-01
6.114086045812147097e-01
6.114446678105616151e-01
6.114807336349759037e-01
6.115168020546231098e-01
6.115528730696689896e-01
6.115889466802784113e-01
6.116250228866175753e-01
6.116611016888514607e-01
6.116971830871458238e-01
6.117332670816660878e-01
6.117693536725777870e-01
6.118054428600461225e-01
6.118415346442371838e-01
6.118776290253159500e-01
6.119137260034479553e-01
6.119498255787989560e-01
6.119859277515337093e-01
6.120220325218185264e-01
6.120581398898184977e-01
6.120942498556992684e-01
6.121303624196258175e-01
6.121664775817640125e-01
6.122025953422791655e-01
6.122387157013368109e-01
6.122748386591023717e-01
6.123109642157410493e-01
6.123470923714183778e-01
6.123832231262998915e-01
6.124193564805512358e-01
6.124554924343376117e-01
6.124916309878239984e-01
6.125277721411765963e-01
6.125639158945602736e-01
6.126000622481401203e-01
6.126362112020826700e-01
6.126723627565522357e-01
6.127085169117151286e-01
6.127446736677358841e-01
6.127808330247802582e-01
6.128169949830136742e-01
6.128531595426016665e-01
6.128893267037092141e-01
6.129254964665017402e-01
6.129616688311447792e-01
6.129978437978037542e-01
6.130340213666444216e-01
6.130702015378309833e-01
6.131063843115297507e-01
6.131425696879058140e-01
6.131787576671243745e-01
6.132149482493508552e-01
6.132511414347504575e-01
6.132873372234891596e-01
6.133235356157316076e-01
6.133597366116435579e-01
6.133959402113898784e-01
6.134321464151361036e-01
6.134683552230476566e-01
6.135045666352899607e-01
6.135407806520276619e-01
6.135769972734268496e-01
6.136132164996527250e-01
6.136494383308700451e-01
6.136856627672442333e-01
6.137218898089410457e-01
6.137581194561253506e-01
6.137943517089627932e-01
6.138305865676182416e-01
6.138668240322574521e-01
6.139030641030450708e-01
6.139393067801467430e-01
6.139755520637275588e-01
6.140117999539529414e-01
6.140480504509883142e-01
6.140843035549982121e-01
6.141205592661485024e-01
6.141568175846048305e-01
6.141930785105316204e-01
6.142293420440941842e-01
6.142656081854579453e-01
6.143018769347881047e-01
6.143381482922500858e-01
6.143744222580086456e-01
6.144106988322293184e-01
6.144469780150778604e-01
6.144832598067182516e-01
6.145195442073164704e-01
6.145558312170377180e-01
6.145921208360466403e-01
6.146284130645095489e-01
6.146647079025899796e-01
6.147010053504544658e-01
6.147373054082682087e-01
6.147736080761954103e-01
6.148099133544019379e-01
6.148462212430522156e-01
6.148825317423126657e-01
6.149188448523477124e-01
6.149551605733221127e-01
6.149914789054017339e-01
6.150277998487513331e-01
6.150641234035358895e-01
6.151004495699210484e-01
6.151367783480715667e-01
6.151731097381528679e-01
6.152094437403294869e-01
6.152457803547675130e-01
6.152821195816314814e-01
6.153184614210857051e-01
6.153548058732970505e-01
6.153911529384290535e-01
6.154275026166474705e-01
6.154638549081173915e-01
6.155002098130039068e-01
6.155365673314719954e-01
6.155729274636870807e-01
6.156092902098136976e-01
6.156456555700172695e-01
6.156820235444626643e-01
6.157183941333149724e-01
6.157547673367393948e-01
6.157911431549009107e-01
6.158275215879646103e-01
6.158639026360955837e-01
6.159002862994589211e-01
6.159366725782191576e-01
6.159730614725419384e-01
6.160094529825916876e-01
6.160458471085342724e-01
6.160822438505340060e-01
6.161186432087563114e-01
6.161550451833660569e-01
6.161914497745278885e-01
6.162278569824074514e-01
6.162642668071692809e-01
6.163006792489783559e-01
6.163370943080000997e-01
6.163735119843990473e-01
6.164099322783405110e-01
6.164463551899893590e-01
6.164827807195105702e-01
6.165192088670686799e-01
6.165556396328293332e-01
6.165920730169568431e-01
6.166285090196167440e-01
6.166649476409740149e-01
6.167013888811928579e-01
6.167378327404391403e-01
6.167742792188772860e-01
6.168107283166718302e-01
6.168471800339885291e-01
6.168836343709916958e-01
6.169200913278468645e-01
6.169565509047182372e-01
6.169930131017710151e-01
6.170294779191705103e-01
6.170659453570810360e-01
6.171024154156675712e-01
6.171388880950953171e-01
6.171753633955288088e-01
6.172118413171331364e-01
6.172483218600733901e-01
6.172848050245139939e-01
6.173212908106199270e-01
6.173577792185563906e-01
6.173942702484875866e-01
6.174307639005790493e-01
6.174672601749952028e-01
6.175037590719012481e-01
6.175402605914614984e-01
6.175767647338415989e-01
6.176132714992055295e-01
6.176497808877184914e-01
6.176862928995453528e-01
6.177228075348508707e-01
6.177593247937996912e-01
6.177958446765569045e-01
6.178323671832870456e-01
6.178688923141554268e-01
6.179054200693261389e-01
6.179419504489641612e-01
6.179784834532350279e-01
6.180150190823023859e-01
6.180515573363315474e-01
6.180880982154873804e-01
6.181246417199344201e-01
6.181611878498375345e-01
6.181977366053617029e-01
6.182342879866712382e-01
6.182708419939314526e-01
6.183073986273061040e-01
6.183439578869610598e-01
6.183805197730601888e-01
6.184170842857685813e-01
6.184536514252512163e-01
6.184902211916724069e-01
6.185267935851970211e-01
6.185633686059897052e-01
6.185999462542149940e-01
6.186365265300380889e-01
6.186731094336234138e-01
6.187096949651352817e-01
6.187462831247391160e-01
6.187828739125988964e-01
6.188194673288796022e-01
6.188560633737457684e-01
6.188926620473623741e-01
6.189292633498937324e-01
6.189658672815044893e-01
6.190024738423600681e-01
6.190390830326238936e-01
6.190756948524615000e-01
6.191123093020368673e-01
6.191489263815149746e-01
6.191855460910608011e-01
6.192221684308382157e-01
6.192587934010124195e-01
6.192954210017478367e-01
6.193320512332091132e-01
6.193686840955603401e-01
6.194053195889669405e-01
6.194419577135927835e-01
6.194785984696030701e-01
6.195152418571616693e-01
6.195518878764338933e-01
6.195885365275839440e-01
6.196251878107762456e-01
6.196618417261756662e-01
6.196984982739462966e-01
6.197351574542534491e-01
6.197718192672606596e-01
6.198084837131333513e-01
6.198451507920358372e-01
6.198818205041324303e-01
6.199184928495875546e-01
6.199551678285658562e-01
6.199918454412322033e-01
6.200285256877503537e-01
6.200652085682855086e-01
6.201018940830014259e-01
6.201385822320636398e-01
6.201752730156359084e-01
6.202119664338828775e-01
6.202486624869690823e-01
6.202853611750586138e-01
6.203220624983164511e-01
6.203587664569064630e-01
6.203954730509936288e-01
6.204321822807421505e-01
6.204688941463170071e-01
6.205056086478818456e-01
6.205423257856009789e-01
6.205790455596397193e-01
6.206157679701621577e-01
6.206524930173324961e-01
6.206892207013149365e-01
6.207259510222743470e-01
6.207626839803751517e-01
6.207994195757809974e-01
6.208361578086573074e-01
6.208728986791677285e-01
6.209096421874770177e-01
6.209463883337493773e-01
6.209831371181492310e-01
6.210198885408407810e-01
6.210566426019884512e-01
6.210933993017569987e-01
6.211301586403100705e-01
6.211669206178123126e-01
6.212036852344283711e-01
6.212404524903222258e-01
6.212772223856581899e-01
6.213139949206004653e-01
6.213507700953135870e-01
6.213875479099620902e-01
6.214243283647099547e-01
6.214611114597213826e-01
6.214978971951606868e-01
6.215346855711926244e-01
6.215714765879806203e-01
6.216082702456900977e-01
6.216450665444839263e-01
6.216818654845275294e-01
6.217186670659845538e-01
6.217554712890195345e-01
6.217922781537964516e-01
6.218290876604798401e-01
6.218658998092336798e-01
6.219027146002226170e-01
6.219395320336101873e-01
6.219763521095610370e-01
6.220131748282392570e-01
6.220500001898091602e-01
6.220868281944351708e-01
6.221236588422806024e-01
6.221604921335103233e-01
6.221973280682890906e-01
6.222341666467797738e-01
6.222710078691472413e-01
6.223078517355556949e-01
6.223446982461690036e-01
6.223815474011518134e-01
6.224183992006676602e-01
6.224552536448815232e-01
6.224921107339564941e-01
6.225289704680571079e-01
6.225658328473477887e-01
6.226026978719924054e-01
6.226395655421547159e-01
6.226764358579996994e-01
6.227133088196906696e-01
6.227501844273924947e-01
6.227870626812684884e-01
6.228239435814827418e-01
6.228608271281999009e-01
6.228977133215835016e-01
6.229346021617978568e-01
6.229714936490070576e-01
6.230083877833751949e-01
6.230452845650663596e-01
6.230821839942443097e-01
6.231190860710730250e-01
6.231559907957168187e-01
6.231928981683395596e-01
6.232298081891053387e-01
6.232667208581783580e-01
6.233036361757221533e-01
6.233405541419012597e-01
6.233774747568792129e-01
6.234143980208201041e-01
6.234513239338878021e-01
6.234882524962465089e-01
6.235251837080604265e-01
6.235621175694928686e-01
6.235990540807084814e-01
6.236359932418708008e-01
6.236729350531435845e-01
6.237098795146910346e-01
6.237468266266773531e-01
6.237837763892658538e-01
6.238207288026208497e-01
6.238576838669059876e-01
6.238946415822856917e-01
6.239316019489234977e-01
6.239685649669831635e-01
6.240055306366286691e-01
6.240424989580241055e-01
6.240794699313328975e-01
6.241164435567195801e-01
6.241534198343471340e-01
6.241903987643805385e-01
6.242273803469824411e-01
6.242643645823174881e-01
6.243013514705492151e-01
6.243383410118416021e-01
6.243753332063582961e-01
6.244123280542633880e-01
6.244493255557203026e-01
6.244863257108930199e-01
6.245233285199455198e-01
6.245603339830411160e-01
6.245973421003442327e-01
6.246343528720181837e-01
6.246713662982269488e-01
6.247083823791340640e-01
6.247454011149035091e-01
6.247824225056990421e-01
6.248194465516840879e-01
6.248564732530226262e-01
6.248935026098787482e-01
6.249305346224156565e-01
6.249675692907968871e-01
6.250046066151867530e-01
6.250416465957487899e-01
6.250786892326464228e-01
6.251157345260435205e-01
6.251527824761039520e-01
6.251898330829911421e-01
6.252268863468687377e-01
6.252639422679002745e-01
6.253010008462499547e-01
6.253380620820808700e-01
6.253751259755571112e-01
6.254121925268421034e-01
6.254492617360994933e-01
6.254863336034929278e-01
6.255234081291857207e-01
6.255604853133418519e-01
6.255975651561248574e-01
6.256346476576982729e-01
6.256717328182259674e-01
6.257088206378708106e-01
6.257459111167973376e-01
6.257830042551681959e-01
6.258201000531478098e-01
6.258571985108992708e-01
6.258942996285861149e-01
6.259314034063715448e-01
6.259685098444199847e-01
6.260056189428940820e-01
6.260427307019581500e-01
6.260798451217749472e-01
6.261169622025085646e-01
6.261540819443222050e-01
6.261912043473795153e-01
6.262283294118440313e-01
6.262654571378789559e-01
6.263025875256477137e-01
6.263397205753140629e-01
6.263768562870417611e-01
6.264139946609932341e-01
6.264511356973329059e-01
6.264882793962236462e-01
6.265254257578295460e-01
6.265625747823134750e-01
6.265997264698385250e-01
6.266368808205686758e-01
6.266740378346675744e-01
6.267111975122982015e-01
6.267483598536235379e-01
6.267855248588075634e-01
6.268226925280138140e-01
6.268598628614053814e-01
6.268970358591453573e-01
6.269342115213974997e-01
6.269713898483244563e-01
6.270085708400908731e-01
6.270457544968589536e-01
6.270829408187926779e-01
6.271201298060549156e-01
6.271573214588090917e-01
6.271945157772185198e-01
6.272317127614466248e-01
6.272689124116566095e-01
6.273061147280116767e-01
6.273433197106751402e-01
6.273805273598102028e-01
6.274177376755806224e-01
6.274549506581492686e-01
6.274921663076789002e-01
6.275293846243333862e-01
6.275666056082757072e-01
6.276038292596693990e-01
6.276410555786771095e-01
6.276782845654625964e-01
6.277155162201885075e-01
6.277527505430188226e-01
6.277899875341158564e-01
6.278272271936433668e-01
6.278644695217642235e-01
6.279017145186418514e-01
6.279389621844391201e-01
6.279762125193195654e-01
6.280134655234457242e-01
6.280507211969811321e-01
6.280879795400889920e-01
6.281252405529321736e-01
6.281625042356739907e-01
6.281997705884773131e-01
6.282370396115055655e-01
6.282743113049216177e-01
6.283115856688884504e-01
6.283488627035693774e-01
6.283861424091271575e-01
6.284234247857251043e-01
6.284607098335260877e-01
6.284979975526934215e-01
6.285352879433897533e-01
6.285725810057785079e-01
6.286098767400225551e-01
6.286471751462843205e-01
6.286844762247277840e-01
6.287217799755153713e-01
6.287590863988103962e-01
6.287963954947751732e-01
6.288337072635732383e-01
6.288710217053677942e-01
6.289083388203210445e-01
6.289456586085963030e-01
6.289829810703565505e-01
6.290203062057647676e-01
6.290576340149837131e-01
6.290949644981761457e-01
6.291322976555053792e-01
6.291696334871343943e-01
6.292069719932256167e-01
6.292443131739419160e-01
6.292816570294467171e-01
6.293190035599022236e-01
6.293563527654715273e-01
6.293937046463179419e-01
6.294310592026037821e-01
6.294684164344918065e-01
6.295057763421452179e-01
6.295431389257265531e-01
6.295805041853986816e-01
6.296178721213249174e-01
6.296552427336671309e-01
6.296926160225887470e-01
6.297299919882523023e-01
6.297673706308206665e-01
6.298047519504565983e-01
6.298421359473228565e-01
6.298795226215816445e-01
6.299169119733968314e-01
6.299543040029301766e-01
6.299916987103445498e-01
6.300290960958031539e-01
6.300664961594680813e-01
6.301038989015023128e-01
6.301413043220681631e-01
6.301787124213290570e-01
6.302161231994473090e-01
6.302535366565853447e-01
6.302909527929059230e-01
6.303283716085720245e-01
6.303657931037458528e-01
6.304032172785902777e-01
6.304406441332675026e-01
6.304780736679405084e-01
6.305155058827718317e-01
6.305529407779238982e-01
6.305903783535596885e-01
6.306278186098417393e-01
6.306652615469319212e-01
6.307027071649935479e-01
6.307401554641886010e-01
6.307776064446803943e-01
6.308150601066303542e-01
6.308525164502017946e-01
6.308899754755572520e-01
6.309274371828590411e-01
6.309649015722692544e-01
6.310023686439507618e-01
6.310398383980660997e-01
6.310773108347773608e-01
6.311147859542477478e-01
6.311522637566387983e-01
6.311897442421136040e-01
6.312272274108343684e-01
6.312647132629635172e-01
6.313022017986633649e-01
6.313396930180964484e-01
6.313771869214251931e-01
6.314146835088120246e-01
6.314521827804192577e-01
6.314896847364090959e-01
6.315271893769441869e-01
6.315646967021862901e-01
6.316022067122984973e-01
6.316397194074426791e-01
6.316772347877815941e-01
6.317147528534767797e-01
6.317522736046912168e-01
6.317897970415872200e-01
6.318273231643266596e-01
6.318648519730720725e-01
6.319023834679854401e-01
6.319399176492296322e-01
6.319774545169664082e-01
6.320149940713577497e-01
6.320525363125665264e-01
6.320900812407547198e-01
6.321276288560843115e-01
6.321651791587180602e-01
6.322027321488176144e-01
6.322402878265450665e-01
6.322778461920631754e-01
6.323154072455333674e-01
6.323529709871188453e-01
6.323905374169807025e-01
6.324281065352820308e-01
6.324656783421839235e-01
6.325032528378493613e-01
6.325408300224399927e-01
6.325784098961177992e-01
6.326159924590449846e-01
6.326535777113843073e-01
6.326911656532968609e-01
6.327287562849450708e-01
6.327663496064911408e-01
6.328039456180968303e-01
6.328415443199241208e-01
6.328791457121356601e-01
6.329167497948925414e-01
6.329543565683578565e-01
6.329919660326928099e-01
6.330295781880593831e-01
6.330671930346197795e-01
6.331048105725358699e-01
6.331424308019696356e-01
6.331800537230832804e-01
6.332176793360378975e-01
6.332553076409964676e-01
6.332929386381203063e-01
6.333305723275712840e-01
6.333682087095116042e-01
6.334058477841032486e-01
6.334434895515075326e-01
6.334811340118869927e-01
6.335187811654030554e-01
6.335564310122174803e-01
6.335940835524923598e-01
6.336317387863891204e-01
6.336693967140700767e-01
6.337070573356967662e-01
6.337447206514305043e-01
6.337823866614339385e-01
6.338200553658688285e-01
6.338577267648963787e-01
6.338954008586785704e-01
6.339330776473769413e-01
6.339707571311536949e-01
6.340084393101704796e-01
6.340461241845886109e-01
6.340838117545702923e-01
6.341215020202765063e-01
6.341591949818697893e-01
6.341968906395111238e-01
6.342345889933624914e-01
6.342722900435855404e-01
6.343099937903419194e-01
6.343477002337929438e-01
6.343854093741009281e-01
6.344231212114271878e-01
6.344608357459331494e-01
6.344985529777800171e-01
6.345362729071303276e-01
6.345739955341450633e-01
6.346117208589856507e-01
6.346494488818141821e-01
6.346871796027915291e-01
6.347249130220798952e-01
6.347626491398399295e-01
6.348003879562338359e-01
6.348381294714228185e-01
6.348758736855686369e-01
6.349136205988322734e-01
6.349513702113757097e-01
6.349891225233600389e-01
6.350268775349471317e-01
6.350646352462977484e-01
6.351023956575737595e-01
6.351401587689364803e-01
6.351779245805474483e-01
6.352156930925677569e-01
6.352534643051591656e-01
6.352912382184825457e-01
6.353290148326998787e-01
6.353667941479718140e-01
6.354045761644603330e-01
6.354423608823260849e-01
6.354801483017312735e-01
6.355179384228361039e-01
6.355557312458028907e-01
6.355935267707920611e-01
6.356313249979654856e-01
6.356691259274845907e-01
6.357069295595100256e-01
6.357447358942026616e-01
6.357825449317250355e-01
6.358203566722374633e-01
6.358581711159014827e-01
6.358959882628777427e-01
6.359338081133284470e-01
6.359716306674140229e-01
6.360094559252955637e-01
6.360472838871344958e-01
6.360851145530918016e-01
6.361229479233293516e-01
6.361607839980069068e-01
6.361986227772867819e-01
6.362364642613296262e-01
6.362743084502961999e-01
6.363121553443481515e-01
6.363500049436460193e-01
6.363878572483513407e-01
6.364257122586246540e-01
6.364635699746273856e-01
6.365014303965205178e-01
6.365392935244652550e-01
6.365771593586219135e-01
6.366150278991519196e-01
6.366528991462161446e-01
6.366907730999757931e-01
6.367286497605918472e-01
6.367665291282248452e-01
6.368044112030362136e-01
6.368422959851861576e-01
6.368801834748362145e-01
6.369180736721468117e-01
6.369559665772792645e-01
6.369938621903942222e-01
6.370317605116527782e-01
6.370696615412154706e-01
6.371075652792437261e-01
6.371454717258978606e-01
6.371833808813388567e-01
6.372212927457272524e-01
6.372592073192243634e-01
6.372971246019902836e-01
6.373350445941865505e-01
6.373729672959731474e-01
6.374108927075109454e-01
6.374488208289607050e-01
6.374867516604829643e-01
6.375246852022383726e-01
6.375626214543880232e-01
6.376005604170943419e-01
6.376385020905156464e-01
6.376764464748144734e-01
6.377143935701494737e-01
6.377523433766817407e-01
6.377902958945723677e-01
6.378282511239827812e-01
6.378662090650730754e-01
6.379041697180032333e-01
6.379421330829339043e-01
6.379800991600264037e-01
6.380180679494418250e-01
6.380560394513403732e-01
6.380940136658819206e-01
6.381319905932261172e-01
6.381699702335338342e-01
6.382079525869659431e-01
6.382459376536859796e-01
6.382839254338502633e-01
6.383219159276203314e-01
6.383599091351589427e-01
6.383979050566231939e-01
6.384359036782143448e-01
6.384367017235927921e-01
6.384552599482644641e-01
6.384738188271977810e-01
6.384923783535205732e-01
6.385109385272497162e-01
6.385294993484029735e-01
6.385480608170037709e-01
6.385666229330673183e-01
6.385851856966110462e-01
6.386037491076551609e-01
6.386223131662190911e-01
6.386408778723197122e-01
6.386594432259772303e-01
6.386780092272097420e-01
6.386965758760357881e-01
6.387151431724741313e-01
6.387337111165438674e-01
6.387522797082640924e-01
6.387708489476530138e-01
6.387894188347297275e-01
6.388079893695123301e-01
6.388265605520201396e-01
6.388451323822712524e-01
6.388637048602840984e-01
6.388822779860775514e-01
6.389008517596704850e-01
6.389194261810805520e-01
6.389380012503267370e-01
6.389565769674282469e-01
6.389751533324037336e-01
6.389937303452721817e-01
6.390123080060522431e-01
6.390308863147620144e-01
6.390494652714208135e-01
6.390680448760467369e-01
6.390866251286587696e-01
6.391052060292754522e-01
6.391237875779151034e-01
6.391423697745965971e-01
6.391609526193385848e-01
6.391795361121598296e-01
6.391981202530789830e-01
6.392167050421146968e-01
6.392352904792859558e-01
6.392538765646108567e-01
6.392724632981088284e-01
6.392910506797979675e-01
6.393096387096971478e-01
6.393282273878250210e-01
6.393468167142004610e-01
6.393654066888414533e-01
6.393839973117670938e-01
6.394025885829955902e-01
6.394211805025461492e-01
6.394397730704373117e-01
6.394583662866876184e-01
6.394769601513160540e-01
6.394955546643409372e-01
6.395141498257812529e-01
6.395327456356547646e-01
6.395513420939814564e-01
6.395699392007790918e-01
6.395885369560666556e-01
6.396071353598627995e-01
6.396257344121862864e-01
6.396443341130549909e-01
6.396629344624887858e-01
6.396815354605051018e-01
6.397001371071231457e-01
6.397187394023615692e-01
6.397373423462394681e-01
6.397559459387747172e-01
6.397745501799861900e-01
6.397931550698927605e-01
6.398117606085121922e-01
6.398303667958636920e-01
6.398489736319665777e-01
6.398675811168390570e-01
6.398861892504995597e-01
6.399047980329670704e-01
6.399234074642600190e-01
6.399420175443968350e-01
6.399606282733967255e-01
6.399792396512772319e-01
6.399978516780581161e-01
6.400164643537576969e-01
6.400350776783947371e-01
6.400536916519877773e-01
6.400723062745554692e-01
6.400909215461160207e-01
6.401095374666885274e-01
6.401281540362913081e-01
6.401467712549432365e-01
6.401653891226629645e-01
6.401840076394695878e-01
6.402026268053808700e-01
6.402212466204157959e-01
6.402398670845932394e-01
6.402584881979311859e-01
6.402771099604489535e-01
6.402957323721645277e-01
6.403143554330972265e-01
6.403329791432652573e-01
6.403516035026872721e-01
6.403702285113822557e-01
6.403888541693681935e-01
6.404074804766641815e-01
6.404261074332885384e-01
6.404447350392599159e-01
6.404633632945968547e-01
6.404819921993187837e-01
6.405006217534440216e-01
6.405192519569907761e-01
6.405378828099779209e-01
6.405565143124245520e-01
6.405751464643486548e-01
6.405937792657686591e-01
6.406124127167038829e-01
6.406310468171725336e-01
6.406496815671935963e-01
6.406683169667847233e-01
6.406869530159658988e-01
6.407055897147549972e-01
6.407242270631704484e-01
6.407428650612312371e-01
6.407615037089559040e-01
6.407801430063632120e-01
6.407987829534714797e-01
6.408174235502993588e-01
6.408360647968655011e-01
6.408547066931884473e-01
6.408733492392869602e-01
6.408919924351795805e-01
6.409106362808848489e-01
6.409292807764214173e-01
6.409479259218080482e-01
6.409665717170631716e-01
6.409852181622057721e-01
6.410038652572539464e-01
6.410225130022264572e-01
6.410411613971419564e-01
6.410598104420194288e-01
6.410784601368770819e-01
6.410971104817333455e-01
6.411157614766072044e-01
6.411344131215170883e-01
6.411530654164817600e-01
6.411717183615196491e-01
6.411903719566492965e-01
6.412090262018895759e-01
6.412276810972589169e-01
6.412463366427760825e-01
6.412649928384593911e-01
6.412836496843276057e-01
6.413023071803996000e-01
6.413209653266935817e-01
6.413396241232282025e-01
6.413582835700224472e-01
6.413769436670945234e-01
6.413956044144629720e-01
6.414142658121468887e-01
6.414329278601647033e-01
6.414515905585346234e-01
6.414702539072757448e-01
6.414889179064061642e-01
6.415075825559451994e-01
6.415262478559107251e-01
6.415449138063215040e-01
6.415635804071966319e-01
6.415822476585539835e-01
6.416009155604123215e-01
6.416195841127909638e-01
6.416382533157075629e-01
6.416569231691812147e-01
6.416755936732305710e-01
6.416942648278740613e-01
6.417129366331301155e-01
6.417316090890178293e-01
6.417502821955552994e-01
6.417689559527616217e-01
6.417876303606547816e-01
6.418063054192536532e-01
6.418249811285773321e-01
6.418436574886434709e-01
6.418623344994712765e-01
6.418810121610792896e-01
6.418996904734857178e-01
6.419183694367096571e-01
6.419370490507690930e-01
6.419557293156833433e-01
6.419744102314700607e-01
6.419930917981490071e-01
6.420117740157378350e-01
6.420304568842554183e-01
6.420491404037204086e-01
6.420678245741512358e-01
6.420865093955666625e-01
6.421051948679855625e-01
6.421238809914256995e-01
6.421425677659063913e-01
6.421612551914459566e-01
6.421799432680632691e-01
6.421986319957760925e-01
6.422173213746040776e-01
6.422360114045649881e-01
6.422547020856779199e-01
6.422733934179610804e-01
6.422920854014332326e-01
6.423107780361128061e-01
6.423294713220185637e-01
6.423481652591689350e-01
6.423668598475827940e-01
6.423855550872782372e-01
6.424042509782742494e-01
6.424229475205892603e-01
6.424416447142416997e-01
6.424603425592507744e-01
6.424790410556343589e-01
6.424977402034108831e-01
6.425164400025998868e-01
6.425351404532188004e-01
6.425538415552872751e-01
6.425725433088228522e-01
6.425912457138452938e-01
6.426099487703720303e-01
6.426286524784226017e-01
6.426473568380147716e-01
6.426660618491674137e-01
6.426847675118986247e-01
6.427034738262283886e-01
6.427221807921740249e-01
6.427408884097545183e-01
6.427595966789878545e-01
6.427783055998937956e-01
6.427970151724899939e-01
6.428157253967948792e-01
6.428344362728278805e-01
6.428531478006068722e-01
6.428718599801507283e-01
6.428905728114778784e-01
6.429092862946067521e-01
6.429280004295562234e-01
6.429467152163447219e-01
6.429654306549908993e-01
6.429841467455131854e-01
6.430028634879301208e-01
6.430215808822604684e-01
6.430402989285225468e-01
6.430590176267351188e-01
6.430777369769166141e-01
6.430964569790854624e-01
6.431151776332608705e-01
6.431338989394606021e-01
6.431526208977036418e-01
6.431713435080084196e-01
6.431900667703936980e-01
6.432087906848776848e-01
6.432275152514793648e-01
6.432462404702167236e-01
6.432649663411088570e-01
6.432836928641743057e-01
6.433024200394311665e-01
6.433211478668984240e-01
6.433398763465946191e-01
6.433586054785381814e-01
6.433773352627475406e-01
6.433960656992413485e-01
6.434147967880382568e-01
6.434335285291568063e-01
6.434522609226154266e-01
6.434709939684327695e-01
6.434897276666272647e-01
6.435084620172178971e-01
6.435271970202226521e-01
6.435459326756604037e-01
6.435646689835498035e-01
6.435834059439091703e-01
6.436021435567566007e-01
6.436208818221115235e-01
6.436396207399921465e-01
6.436583603104173434e-01
6.436771005334047668e-01
6.436958414089736236e-01
6.437145829371424544e-01
6.437333251179296889e-01
6.437520679513542010e-01
6.437708114374339763e-01
6.437895555761875555e-01
6.438083003676341454e-01
6.438270458117917316e-01
6.438457919086791881e-01
6.438645386583146113e-01
6.438832860607170971e-01
6.439020341159049643e-01
6.439207828238964204e-01
6.439395321847104503e-01
6.439582821983658167e-01
6.439770328648802833e-01
6.439957841842728348e-01
6.440145361565621229e-01
6.440332887817667995e-01
6.440520420599047391e-01
6.440707959909951485e-01
6.440895505750563466e-01
6.441083058121067628e-01
6.441270617021650491e-01
6.441458182452496350e-01
6.441645754413797276e-01
6.441833332905727572e-01
6.442020917928478196e-01
6.442208509482235668e-01
6.442396107567185393e-01
6.442583712183508338e-01
6.442771323331394351e-01
6.442958941011031060e-01
6.443146565222596100e-01
6.443334195966280431e-01
6.443521833242268348e-01
6.443709477050741929e-01
6.443897127391892132e-01
6.444084784265901034e-01
6.444272447672952930e-01
6.444460117613236561e-01
6.444647794086935111e-01
6.444835477094232878e-01
6.445023166635319711e-01
6.445210862710374355e-01
6.445398565319585549e-01
6.445586274463140919e-01
6.445773990141221432e-01
6.445961712354014717e-01
6.446149441101702848e-01
6.446337176384477896e-01
6.446524918202519716e-01
6.446712666556014826e-01
6.446900421445147522e-01
6.447088182870105433e-01
6.447275950831076186e-01
6.447463725328236306e-01
6.447651506361781193e-01
6.447839293931886262e-01
6.448027088038743582e-01
6.448214888682537449e-01
6.448402695863451051e-01
6.448590509581674235e-01
6.448778329837382417e-01
6.448966156630772106e-01
6.449153989962023159e-01
6.449341829831318762e-01
6.449529676238850984e-01
6.449717529184794129e-01
6.449905388669345818e-01
6.450093254692684797e-01
6.450281127254993141e-01
6.450469006356462920e-01
6.450656891997276210e-01
6.450844784177616198e-01
6.451032682897676063e-01
6.451220588157630109e-01
6.451408499957670406e-01
6.451596418297976809e-01
6.451784343178741388e-01
6.451972274600141777e-01
6.452160212562373376e-01
6.452348157065611600e-01
6.452536108110042967e-01
6.452724065695861766e-01
6.452912029823240081e-01
6.453100000492372201e-01
6.453287977703440204e-01
6.453475961456628385e-01
6.453663951752122152e-01
6.453851948590106913e-01
6.454039951970770295e-01
6.454227961894295484e-01
6.454415978360867889e-01
6.454604001370672917e-01
6.454792030923889312e-01
6.454980067020715806e-01
6.455168109661325593e-01
6.455356158845905190e-01
6.455544214574646666e-01
6.455732276847726547e-01
6.455920345665336901e-01
6.456108421027659805e-01
6.456296502934881776e-01
6.456484591387184890e-01
6.456672686384756776e-01
6.456860787927780621e-01
6.457048896016442940e-01
6.457237010650930253e-01
6.457425131831425746e-01
6.457613259558111496e-01
6.457801393831178460e-01
6.457989534650806496e-01
6.458177682017187671e-01
6.458365835930498511e-01
6.458553996390926644e-01
6.458742163398661917e-01
6.458930336953884188e-01
6.459118517056779973e-01
6.459306703707533570e-01
6.459494896906331496e-01
6.459683096653359158e-01
6.459871302948799743e-01
6.460059515792841989e-01
6.460247735185663531e-01
6.460435961127456439e-01
6.460624193618401678e-01
6.460812432658689097e-01
6.461000678248494111e-01
6.461188930388009899e-01
6.461377189077422978e-01
6.461565454316913204e-01
6.461753726106663764e-01
6.461942004446867838e-01
6.462130289337700839e-01
6.462318580779357058e-01
6.462506878772011909e-01
6.462695183315859682e-01
6.462883494411076901e-01
6.463071812057851195e-01
6.463260136256376853e-01
6.463448467006820408e-01
6.463636804309383921e-01
6.463825148164242806e-01
6.464013498571583582e-01
6.464201855531593877e-01
6.464390219044456876e-01
6.464578589110359097e-01
6.464766965729482617e-01
6.464955348902011734e-01
6.465143738628136294e-01
6.465332134908036155e-01
6.465520537741896723e-01
6.465708947129907846e-01
6.465897363072249382e-01
6.466085785569107847e-01
6.466274214620666427e-01
6.466462650227110531e-01
6.466651092388631117e-01
6.466839541105403599e-01
6.467027996377622268e-01
6.467216458205461427e-01
6.467404926589113145e-01
6.467593401528758390e-01
6.467781883024587009e-01
6.467970371076782188e-01
6.468158865685526004e-01
6.468347366851003866e-01
6.468535874573401179e-01
6.468724388852903351e-01
6.468912909689698010e-01
6.469101437083965012e-01
6.469289971035889764e-01
6.469478511545657673e-01
6.469667058613458588e-01
6.469855612239471254e-01
6.470044172423881079e-01
6.470232739166873470e-01
6.470421312468636055e-01
6.470609892329349799e-01
6.470798478749200111e-01
6.470987071728374618e-01
6.471175671267055396e-01
6.471364277365428963e-01
6.471552890023677396e-01
6.471741509241989432e-01
6.471930135020543817e-01
6.472118767359532621e-01
6.472307406259133478e-01
6.472496051719536236e-01
6.472684703740926304e-01
6.472873362323481317e-01
6.473062027467392232e-01
6.473250699172843348e-01
6.473439377440020071e-01
6.473628062269102257e-01
6.473816753660280865e-01
6.474005451613734641e-01
6.474194156129653432e-01
6.474382867208217096e-01
6.474571584849614370e-01
6.474760309054028440e-01
6.474949039821642494e-01
6.475137777152640828e-01
6.475326521047215511e-01
6.475515271505541959e-01
6.475704028527808909e-01
6.475892792114202878e-01
6.476081562264902614e-01
6.476270338980096852e-01
6.476459122259973222e-01
6.476647912104710469e-01
6.476836708514494001e-01
6.477025511489513665e-01
6.477214321029949318e-01
6.477403137135986366e-01
6.477591959807811328e-01
6.477780789045605170e-01
6.477969624849556629e-01
6.478158467219846672e-01
6.478347316156661817e-01
6.478536171660189691e-01
6.478725033730609040e-01
6.478913902368108602e-01
6.479102777572872673e-01
6.479291659345082222e-01
6.479480547684925984e-01
6.479669442592586037e-01
6.479858344068248899e-01
6.480047252112096645e-01
6.480236166724315794e-01
6.480425087905090642e-01
6.480614015654605486e-01
6.480802949973044624e-01
6.480991890860593463e-01
6.481180838317438520e-01
6.481369792343755210e-01
6.481558752939741153e-01
6.481747720105569543e-01
6.481936693841433561e-01
6.482125674147513061e-01
6.482314661023992342e-01
6.482503654471056809e-01
6.482692654488892980e-01
6.482881661077680713e-01
6.483070674237614295e-01
6.483259693968862480e-01
6.483448720271624000e-01
6.483637753146077598e-01
6.483826792592407573e-01
6.484015838610797111e-01
6.484204891201432730e-01
6.484393950364502057e-01
6.484583016100183839e-01
6.484772088408664592e-01
6.484961167290129724e-01
6.485150252744763533e-01
6.485339344772749204e-01
6.485528443374273255e-01
6.485717548549516653e-01
6.485906660298665916e-01
6.486095778621908670e-01
6.486284903519424772e-01
6.486474034991400739e-01
6.486663173038019758e-01
6.486852317659468348e-01
6.487041468855926363e-01
6.487230626627583652e-01
6.487419790974621181e-01
6.487608961897226578e-01
6.487798139395580810e-01
6.487987323469868173e-01
6.488176514120279625e-01
6.488365711346987252e-01
6.488554915150188673e-01
6.488744125530055973e-01
6.488933342486785660e-01
6.489122566020554261e-01
6.489311796131547183e-01
6.489501032819950943e-01
6.489690276085948728e-01
6.489879525929724835e-01
6.490068782351464671e-01
6.490258045351346983e-01
6.490447314929562728e-01
6.490636591086295093e-01
6.490825873821727265e-01
6.491015163136043542e-01
6.491204459029428220e-01
6.491393761502067816e-01
6.491583070554139967e-01
6.491772386185837851e-01
6.491961708397341324e-01
6.492151037188832463e-01
6.492340372560500006e-01
6.492529714512524919e-01
6.492719063045092609e-01
6.492908418158390704e-01
6.493097779852599061e-01
6.493287148127905306e-01
6.493476522984485966e-01
6.493665904422530888e-01
6.493855292442231031e-01
6.494044687043759589e-01
6.494234088227306412e-01
6.494423495993056905e-01
6.494612910341189815e-01
6.494802331271894991e-01
6.494991758785353397e-01
6.495181192881750443e-01
6.495370633561268203e-01
6.495560080824095417e-01
6.495749534670410830e-01
6.495938995100404290e-01
6.496128462114255653e-01
6.496317935712150327e-01
6.496507415894274828e-01
6.496696902660806794e-01
6.496886396011937181e-01
6.497075895947852509e-01
6.497265402468727080e-01
6.497454915574750745e-01
6.497644435266110019e-01
6.497833961542985870e-01
6.498023494405560374e-01
6.498213033854023379e-01
6.498402579888554742e-01
6.498592132509337649e-01
6.498781691716560838e-01
6.498971257510407495e-01
6.499160829891057478e-01
6.499350408858696193e-01
6.499539994413513488e-01
6.499729586555688110e-01
6.499919185285403245e-01
6.500108790602845410e-01
6.500298402508201123e-01
6.500488021001649130e-01
6.500677646083379280e-01
6.500867277753569207e-01
6.501056916012406539e-01
6.501246560860078905e-01
6.501436212296760608e-01
6.501625870322645939e-01
6.501815534937914753e-01
6.502005206142749127e-01
6.502194883937338910e-01
6.502384568321858405e-01
6.502574259296504122e-01
6.502763956861449257e-01
6.502953661016884768e-01
6.503143371762990510e-01
6.503333089099950781e-01
6.503522813027955429e-01
6.503712543547178759e-01
6.503902280657812840e-01
6.504092024360040858e-01
6.504281774654042669e-01
6.504471531540004792e-01
6.504661295018113742e-01
6.504851065088546047e-01
6.505040841751492664e-01
6.505230625007135670e-01
6.505420414855659361e-01
6.505610211297246925e-01
6.505800014332080439e-01
6.505989823960344198e-01
6.506179640182226942e-01
6.506369462997911857e-01
6.506559292407576578e-01
6.506749128411409844e-01
6.506938971009595951e-01
6.507128820202318087e-01
6.507318675989759438e-01
6.507508538372102080e-01
6.507698407349532532e-01
6.507888282922239531e-01
6.508078165090396272e-01
6.508268053854192603e-01
6.508457949213815041e-01
6.508647851169443443e-01
6.508837759721263216e-01
6.509027674869455327e-01
6.509217596614210732e-01
6.509407524955704849e-01
6.509597459894126414e-01
6.509787401429657505e-01
6.509977349562484639e-01
6.510167304292788781e-01
6.510357265620755340e-01
6.510547233546567503e-01
6.510737208070408455e-01
6.510927189192464715e-01
6.511117176912915028e-01
6.511307171231952573e-01
6.511497172149750545e-01
6.511687179666501013e-01
6.511877193782381612e-01
6.512067214497577750e-01
6.512257241812274833e-01
6.512447275726657159e-01
6.512637316240906804e-01
6.512827363355210286e-01
6.513017417069749682e-01
6.513207477384704847e-01
6.513397544300262298e-01
6.513587617816612996e-01
6.513777697933927913e-01
6.513967784652400228e-01
6.514157877972209798e-01
6.514347977893543140e-01
6.514538084416581221e-01
6.514728197541508337e-01
6.514918317268511005e-01
6.515108443597770194e-01
6.515298576529465757e-01
6.515488716063789765e-01
6.515678862200923183e-01
6.515869014941045867e-01
6.516059174284343225e-01
6.516249340231003995e-01
6.516439512781205812e-01
6.516629691935135194e-01
6.516819877692977547e-01
6.517010070054907178e-01
6.517200269021121706e-01
6.517390474591790994e-01
6.517580686767111553e-01
6.517770905547258797e-01
6.517961130932415914e-01
6.518151362922773862e-01
6.518341601518510275e-01
6.518531846719809453e-01
6.518722098526856801e-01
6.518912356939835506e-01
6.519102621958927646e-01
6.519292893584317516e-01
6.519483171816191636e-01
6.519673456654730970e-01
6.519863748100115375e-01
6.520054046152538030e-01
6.520244350812175460e-01
6.520434662079210852e-01
6.520624979953830724e-01
6.520815304436218263e-01
6.521005635526555544e-01
6.521195973225027975e-01
6.521386317531818744e-01
6.521576668447109926e-01
6.521767025971086928e-01
6.521957390103932939e-01
6.522147760845830033e-01
6.522338138196963619e-01
6.522528522157515773e-01
6.522718912727673013e-01
6.522909309907612974e-01
6.523099713697525504e-01
6.523290124097590459e-01
6.523480541107993247e-01
6.523670964728917054e-01
6.523861394960545068e-01
6.524051831803063806e-01
6.524242275256645351e-01
6.524432725321485105e-01
6.524623181997765142e-01
6.524813645285666430e-01
6.525004115185372155e-01
6.525194591697065505e-01
6.525385074820931885e-01
6.525575564557156705e-01
6.525766060905914268e-01
6.525956563867399973e-01
6.526147073441791457e-01
6.526337589629268576e-01
6.526528112430020068e-01
6.526718641844228008e-01
6.526909177872074475e-01
6.527099720513747094e-01
6.527290269769426834e-01
6.527480825639293549e-01
6.527671388123532648e-01
6.527861957222332867e-01
6.528052532935871843e-01
6.528243115264332763e-01
6.528433704207902144e-01
6.528624299766763173e-01
6.528814901941096815e-01
6.529005510731087369e-01
6.529196126136920242e-01
6.529386748158777509e-01
6.529577376796840138e-01
6.529768012051292425e-01
6.529958653922321998e-01
6.530149302410109824e-01
6.530339957514833538e-01
6.530530619236685208e-01
6.530721287575845801e-01
6.530911962532491843e-01
6.531102644106815402e-01
6.531293332298998555e-01
6.531484027109221158e-01
6.531674728537667507e-01
6.531865436584521900e-01
6.532056151249968634e-01
6.532246872534183124e-01
6.532437600437361880e-01
6.532628334959676986e-01
6.532819076101318290e-01
6.533009823862464538e-01
6.533200578243303358e-01
6.533391339244016827e-01
6.533582106864787020e-01
6.533772881105796015e-01
6.533963661967232550e-01
6.534154449449272040e-01
6.534345243552101001e-01
6.534536044275907063e-01
6.534726851620866750e-01
6.534917665587165470e-01
6.535108486174989739e-01
6.535299313384520525e-01
6.535490147215939905e-01
6.535680987669431063e-01
6.535871834745177189e-01
6.536062688443363689e-01
6.536253548764170418e-01
6.536444415707783895e-01
6.536635289274388416e-01
6.536826169464162728e-01
6.537017056277292237e-01
6.537207949713960131e-01
6.537398849774348486e-01
6.537589756458642709e-01
6.537780669767022657e-01
6.537971589699675956e-01
6.538162516256780243e-01
6.538353449438524256e-01
6.538544389245087851e-01
6.538735335676650884e-01
6.538926288733405423e-01
6.539117248415529104e-01
6.539308214723199564e-01
6.539499187656613310e-01
6.539690167215943539e-01
6.539881153401373437e-01
6.540072146213089521e-01
6.540263145651276089e-01
6.540454151716111886e-01
6.540645164407782319e-01
6.540836183726468356e-01
6.541027209672355403e-01
6.541218242245628867e-01
6.541409281446465274e-01
6.541600327275051141e-01
6.541791379731570766e-01
6.541982438816208445e-01
6.542173504529142924e-01
6.542364576870558501e-01
6.542555655840638362e-01
6.542746741439565694e-01
6.542937833667525904e-01
6.543128932524695518e-01
6.543320038011264383e-01
6.543511150127415688e-01
6.543702268873327066e-01
6.543893394249185036e-01
6.544084526255173895e-01
6.544275664891467947e-01
6.544466810158261483e-01
6.544657962055732137e-01
6.544849120584064206e-01
6.545040285743438657e-01
6.545231457534037567e-01
6.545422635956047452e-01
6.545613821009649280e-01
6.545805012695029568e-01
6.545996211012363730e-01
6.546187415961840506e-01
6.546378627543641970e-01
6.546569845757949091e-01
6.546761070604949495e-01
6.546952302084817488e-01
6.547143540197742917e-01
6.547334784943907859e-01
6.547526036323494392e-01
6.547717294336684590e-01
6.547908558983661642e-01
6.548099830264608734e-01
6.548291108179709052e-01
6.548482392729143564e-01
6.548673683913099897e-01
6.548864981731755686e-01
6.549056286185294118e-01
6.549247597273905042e-01
6.549438914997759431e-01
6.549630239357050465e-01
6.549821570351955780e-01
6.550012907982660781e-01
6.550204252249345327e-01
6.550395603152191493e-01
6.550586960691390237e-01
6.550778324867113644e-01
6.550969695679552673e-01
6.551161073128884960e-01
6.551352457215294800e-01
6.551543847938969822e-01
6.551735245300082111e-01
6.551926649298821514e-01
6.552118059935373440e-01
6.552309477209916633e-01
6.552500901122630950e-01
6.552692331673705128e-01
6.552883768863317915e-01
6.553075212691654716e-01
6.553266663158895389e-01
6.553458120265222009e-01
6.553649584010825535e-01
6.553841054395879162e-01
6.554032531420567187e-01
6.554224015085076127e-01
6.554415505389588059e-01
6.554607002334280619e-01
6.554798505919342544e-01
6.554990016144953691e-01
6.555181533011297246e-01
6.555373056518553065e-01
6.555564586666909888e-01
6.555756123456544238e-01
6.555947666887642633e-01
6.556139216960387150e-01
6.556330773674959866e-01
6.556522337031541747e-01
6.556713907030319310e-01
6.556905483671470192e-01
6.557097066955184239e-01
6.557288656881633537e-01
6.557480253451010155e-01
6.557671856663493948e-01
6.557863466519264772e-01
6.558055083018505815e-01
6.558246706161400263e-01
6.558438335948136855e-01
6.558629972378889894e-01
6.558821615453845899e-01
6.559013265173184726e-01
6.559204921537089561e-01
6.559396584545746922e-01
6.559588254199335555e-01
6.559779930498036427e-01
6.559971613442034943e-01
6.560163303031513182e-01
6.560354999266654330e-01
6.560546702147641573e-01
6.560738411674651438e-01
6.560930127847873772e-01
6.561121850667489541e-01
6.561313580133677492e-01
6.561505316246624142e-01
6.561697059006511568e-01
6.561888808413515184e-01
6.562080564467829280e-01
6.562272327169628161e-01
6.562464096519095014e-01
6.562655872516414135e-01
6.562847655161770932e-01
6.563039444455344151e-01
6.563231240397313648e-01
6.563423042987864831e-01
6.563614852227180885e-01
6.563806668115443888e-01
6.563998490652832585e-01
6.564190319839539045e-01
6.564382155675734243e-01
6.564573998161604695e-01
6.564765847297335810e-01
6.564957703083107443e-01
6.565149565519101671e-01
6.565341434605500570e-01
6.565533310342489548e-01
6.565725192730246240e-01
6.565917081768957164e-01
6.566108977458806617e-01
6.566300879799966683e-01
6.566492788792628321e-01
6.566684704436972497e-01
6.566876626733182398e-01
6.567068555681436770e-01
6.567260491281922130e-01
6.567452433534816114e-01
6.567644382440304129e-01
6.567836337998568252e-01
6.568028300209791670e-01
6.568220269074156459e-01
6.568412244591841365e-01
6.568604226763031795e-01
6.568796215587912046e-01
6.568988211066656424e-01
6.569180213199454776e-01
6.569372221986490290e-01
6.569564237427937270e-01
6.569756259523985564e-01
6.569948288274813919e-01
6.570140323680604411e-01
6.570332365741539116e-01
6.570524414457802331e-01
6.570716469829577244e-01
6.570908531857041490e-01
6.571100600540377146e-01
6.571292675879772949e-01
6.571484757875405425e-01
6.571676846527461091e-01
6.571868941836114253e-01
6.572061043801558089e-01
6.572253152423964684e-01
6.572445267703522775e-01
6.572637389640408889e-01
6.572829518234810653e-01
6.573021653486907923e-01
6.573213795396880554e-01
6.573405943964918396e-01
6.573598099191191313e-01
6.573790261075893593e-01
6.573982429619200651e-01
6.574174604821296786e-01
6.574366786682362962e-01
6.574558975202579036e-01
6.574751170382132637e-01
6.574943372221201399e-01
6.575135580719969619e-01
6.575327795878618264e-01
6.575520017697330522e-01
6.575712246176282916e-01
6.575904481315668626e-01
6.576096723115661957e-01
6.576288971576441655e-01
6.576481226698200899e-01
6.576673488481111773e-01
6.576865756925357465e-01
6.577058032031124490e-01
6.577250313798593817e-01
6.577442602227945301e-01
6.577634897319362128e-01
6.577827199073028597e-01
6.578019507489121231e-01
6.578211822567822109e-01
6.578404144309319967e-01
6.578596472713790222e-01
6.578788807781421610e-01
6.578981149512390658e-01
6.579173497906878332e-01
6.579365852965070038e-01
6.579558214687145634e-01
6.579750583073290526e-01
6.579942958123681240e-01
6.580135339838506514e-01
6.580327728217938432e-01
6.580520123262167953e-01
6.580712524971373822e-01
6.580904933345738117e-01
6.581097348385441803e-01
6.581289770090669178e-01
6.581482198461597877e-01
6.581674633498412197e-01
6.581867075201294215e-01
6.582059523570428228e-01
6.582251978605990761e-01
6.582444440308170552e-01
6.582636908677139687e-01
6.582829383713085791e-01
6.583021865416194274e-01
6.583214353786643880e-01
6.583406848824612245e-01
6.583599350530286998e-01
6.583791858903847993e-01
6.583984373945476198e-01
6.584176895655351469e-01
6.584369424033663654e-01
6.584561959080583726e-01
6.584754500796300425e-01
6.584947049180992495e-01
6.585139604234842015e-01
6.585332165958036610e-01
6.585524734350748366e-01
6.585717309413168241e-01
6.585909891145469430e-01
6.586102479547838451e-01
6.586295074620458490e-01
6.586487676363507182e-01
6.586680284777169936e-01
6.586872899861625497e-01
6.587065521617055941e-01
6.587258150043645566e-01
6.587450785141575338e-01
6.587643426911020672e-01
6.587836075352173637e-01
6.588028730465208538e-01
6.588221392250311892e-01
6.588414060707658004e-01
6.588606735837437833e-01
6.588799417639825684e-01
6.588992106115006964e-01
6.589184801263161528e-01
6.589377503084472565e-01
6.589570211579121040e-01
6.589762926747286809e-01
6.589955648589157500e-01
6.590148377104905197e-01
6.590341112294720860e-01
6.590533854158778793e-01
6.590726602697263292e-01
6.590919357910359766e-01
6.591112119798244739e-01
6.591304888361100289e-01
6.591497663599110712e-01
6.591690445512456975e-01
6.591883234101315603e-01
6.592076029365875334e-01
6.592268831306312693e-01
6.592461639922814198e-01
6.592654455215555265e-01
6.592847277184721300e-01
6.593040105830493269e-01
6.593232941153049920e-01
6.593425783152578878e-01
6.593618631829257781e-01
6.593811487183265374e-01
6.594004349214788174e-01
6.594197217924004928e-01
6.594390093311096601e-01
6.594582975376245271e-01
6.594775864119634123e-01
6.594968759541445236e-01
6.595161661641854023e-01
6.595354570421049223e-01
6.595547485879208471e-01
6.595740408016512735e-01
6.595933336833145200e-01
6.596126272329287943e-01
6.596319214505120820e-01
6.596512163360823688e-01
6.596705118896584175e-01
6.596898081112572143e-01
6.597091050008981883e-01
6.597284025585985479e-01
6.597477007843771668e-01
6.597669996782512536e-01
6.597862992402397930e-01
6.598055994703607707e-01
6.598249003686318392e-01
6.598442019350717613e-01
6.598635041696981895e-01
6.598828070725295536e-01
6.599021106435839501e-01
6.599214148828791426e-01
6.599407197904337830e-01
6.599600253662656346e-01
6.599793316103929053e-01
6.599986385228338026e-01
6.600179461036066453e-01
6.600372543527288638e-01
6.600565632702194430e-01
6.600758728560963684e-01
6.600951831103768486e-01
6.601144940330804234e-01
6.601338056242240793e-01
6.601531178838263569e-01
6.601724308119055751e-01
6.601917444084796083e-01
6.602110586735664421e-01
6.602303736071846174e-01
6.602496892093517866e-01
6.602690054800864905e-01
6.602883224194063816e-01
6.603076400273300006e-01
6.603269583038754442e-01
6.603462772490603649e-01
6.603655968629036366e-01
6.603849171454229117e-01
6.604042380966362868e-01
6.604235597165618588e-01
6.604428820052178351e-01
6.604622049626226454e-01
6.604815285887934984e-01
6.605008528837494897e-01
6.605201778475083829e-01
6.605395034800882748e-01
6.605588297815069287e-01
6.605781567517828856e-01
6.605974843909342420e-01
6.606168126989787615e-01
6.606361416759350957e-01
6.606554713218211194e-01
6.606748016366544851e-01
6.606941326204539555e-01
6.607134642732374052e-01
6.607327965950228199e-01
6.607521295858284072e-01
6.607714632456721526e-01
6.607907975745723750e-01
6.608101325725468378e-01
6.608294682396138597e-01
6.608488045757920926e-01
6.608681415810985227e-01
6.608874792555520239e-01
6.609068175991704708e-01
6.609261566119721820e-01
6.609454962939748102e-01
6.609648366451967849e-01
6.609841776656558698e-01
6.610035193553709387e-01
6.610228617143590890e-01
6.610422047426390835e-01
6.610615484402284636e-01
6.610808928071461033e-01
6.611002378434095439e-01
6.611195835490369932e-01
6.611389299240467698e-01
6.611582769684561933e-01
6.611776246822844705e-01
6.611969730655488098e-01
6.612163221182677519e-01
6.612356718404592826e-01
6.612550222321414983e-01
6.612743732933322738e-01
6.612937250240498166e-01
6.613130774243124455e-01
6.613324304941380349e-01
6.613517842335449037e-01
6.613711386425504823e-01
6.613904937211735335e-01
6.614098494694319319e-01
6.614292058873436631e-01
6.614485629749270457e-01
6.614679207321997323e-01
6.614872791591800416e-01
6.615066382558866254e-01
6.615259980223365810e-01
6.615453584585483382e-01
6.615647195645403267e-01
6.615840813403300880e-01
6.616034437859362738e-01
6.616228069013766477e-01
6.616421706866690844e-01
6.616615351418319024e-01
6.616809002668831985e-01
6.617002660618409582e-01
6.617196325267229451e-01
6.617389996615480330e-01
6.617583674663339854e-01
6.617777359410982330e-01
6.617971050858596493e-01
6.618164749006355541e-01
6.618358453854450429e-01
6.618552165403052134e-01
6.618745883652342732e-01
6.618939608602508740e-01
6.619133340253727793e-01
6.619327078606176418e-01
6.619520823660040021e-01
6.619714575415501789e-01
6.619908333872736028e-01
6.620102099031925924e-01
6.620295870893249113e-01
6.620489649456893222e-01
6.620683434723032557e-01
6.620877226691853634e-01
6.621071025363532980e-01
6.621264830738243790e-01
6.621458642816182572e-01
6.621652461597520301e-01
6.621846287082439053e-01
6.622040119271116465e-01
6.622233958163737944e-01
6.622427803760481124e-01
6.622621656061526974e-01
6.622815515067060899e-01
6.623009380777254984e-01
6.623203253192294637e-01
6.623397132312359714e-01
6.623591018137632291e-01
6.623784910668291115e-01
6.623978809904513820e-01
6.624172715846484705e-01
6.624366628494386955e-01
6.624560547848391545e-01
6.624754473908687213e-01
6.624948406675452706e-01
6.625142346148867878e-01
6.625336292329112586e-01
6.625530245216367797e-01
6.625724204810815587e-01
6.625918171112631372e-01
6.626112144122001668e-01
6.626306123839103002e-01
6.626500110264117449e-01
6.626694103397224866e-01
6.626888103238607330e-01
6.627082109788441366e-01
6.627276123046910161e-01
6.627470143014191351e-01
6.627664169690470342e-01
6.627858203075922550e-01
6.628052243170732272e-01
6.628246289975076033e-01
6.628440343489137021e-01
6.628634403713095091e-01
6.628828470647127880e-01
6.629022544291423014e-01
6.629216624646150358e-01
6.629410711711495319e-01
6.629604805487642194e-01
6.629798905974765288e-01
6.629993013173047789e-01
6.630187127082670662e-01
6.630381247703810432e-01
6.630575375036650287e-01
6.630769509081372304e-01
6.630963649838151897e-01
6.631157797307172252e-01
6.631351951488614338e-01
6.631546112382656899e-01
6.631740279989478681e-01
6.631934454309261762e-01
6.632128635342187106e-01
6.632322823088435682e-01
6.632517017548182903e-01
6.632711218721615287e-01
6.632905426608910471e-01
6.633099641210244979e-01
6.633293862525803108e-01
6.633488090555766936e-01
6.633682325300309657e-01
6.633876566759615567e-01
6.634070814933865634e-01
6.634265069823239713e-01
6.634459331427915441e-01
6.634653599748076003e-01
6.634847874783900146e-01
6.635042156535566615e-01
6.635236445003258599e-01
6.635430740187155951e-01
6.635625042087436309e-01
6.635819350704280639e-01
6.636013666037868797e-01
6.636207988088381748e-01
6.636402316855999350e-01
6.636596652340899238e-01
6.636790994543266820e-01
6.636985343463277509e-01
6.637179699101111163e-01
6.637374061456950969e-01
6.637568430530973451e-01
6.637762806323361797e-01
6.637957188834295863e-01
6.638151578063952174e-01
6.638345974012516137e-01
6.638540376680163169e-01
6.638734786067076454e-01
6.638929202173433630e-01
6.639123624999411222e-01
6.639318054545196857e-01
6.639512490810965950e-01
6.639706933796901689e-01
6.639901383503179488e-01
6.640095839929981425e-01
6.640290303077488465e-01
6.640484772945877134e-01
6.640679249535333950e-01
6.640873732846034327e-01
6.641068222878154792e-01
6.641262719631880751e-01
6.641457223107393171e-01
6.641651733304866356e-01
6.641846250224482384e-01
6.642040773866420000e-01
6.642235304230864612e-01
6.642429841317989414e-01
6.642624385127978703e-01
6.642818935661006785e-01
6.643013492917261287e-01
6.643208056896915403e-01
6.643402627600154542e-01
6.643597205027153008e-01
6.643791789178093987e-01
6.643986380053157337e-01
6.644180977652521802e-01
6.644375581976366130e-01
6.644570193024873506e-01
6.644764810798216015e-01
6.644959435296584616e-01
6.645154066520150282e-01
6.645348704469093981e-01
6.645543349143598899e-01
6.645738000543844892e-01
6.645932658670007376e-01
6.646127323522268426e-01
6.646321995100810121e-01
6.646516673405810094e-01
6.646711358437448203e-01
6.646906050195899862e-01
6.647100748681352700e-01
6.647295453893979911e-01
6.647490165833963571e-01
6.647684884501485758e-01
6.647879609896720776e-01
6.648074342019852923e-01
6.648269080871060943e-01
6.648463826450523584e-01
6.648658578758418480e-01
6.648853337794928819e-01
6.649048103560231127e-01
6.649242876054508589e-01
6.649437655277939951e-01
6.649632441230701740e-01
6.649827233912976032e-01
6.650022033324940463e-01
6.650216839466777108e-01
6.650411652338664714e-01
6.650606471940784248e-01
6.650801298273308904e-01
6.650996131336426309e-01
6.651190971130311880e-01
6.651385817655145472e-01
6.651580670911108051e-01
6.651775530898376143e-01
6.651970397617134045e-01
6.652165271067554952e-01
6.652360151249823161e-01
6.652555038164118528e-01
6.652749931810617579e-01
6.652944832189500168e-01
6.653139739300949485e-01
6.653334653145137612e-01
6.653529573722249957e-01
6.653724501032466376e-01
6.653919435075962285e-01
6.654114375852920871e-01
6.654309323363519768e-01
6.654504277607937723e-01
6.654699238586352372e-01
6.654894206298950232e-01
6.655089180745906718e-01
6.655284161927396136e-01
6.655479149843605002e-01
6.655674144494708733e-01
6.655869145880891624e-01
6.656064154002322431e-01
6.656259168859194331e-01
6.656454190451678299e-01
6.656649218779954191e-01
6.656844253844200754e-01
6.657039295644598953e-01
6.657234344181331975e-01
6.657429399454573016e-01
6.657624461464503041e-01
6.657819530211301906e-01
6.658014605695149468e-01
6.658209687916224473e-01
6.658404776874705666e-01
6.658599872570775124e-01
6.658794975004607153e-01
6.658990084176380497e-01
6.659185200086281675e-01
6.659380322734484992e-01
6.659575452121172523e-01
6.659770588246518574e-01
6.659965731110706333e-01
6.660160880713912324e-01
6.660356037056318623e-01
6.660551200138105088e-01
6.660746369959443802e-01
6.660941546520523504e-01
6.661136729821518498e-01
6.661331919862603090e-01
6.661527116643968238e-01
6.661722320165784916e-01
6.661917530428235201e-01
6.662112747431492288e-01
6.662307971175742694e-01
6.662503201661161834e-01
6.662698438887931784e-01
6.662893682856226851e-01
6.663088933566233552e-01
6.663284191018123970e-01
6.663479455212076852e-01
6.663674726148275385e-01
6.663870003826899424e-01
6.664065288248125496e-01
6.664260579412129015e-01
6.664455877319096500e-01
6.664651181969205584e-01
6.664846493362629465e-01
6.665041811499550217e-01
6.665237136380149918e-01
6.665432468004602873e-01
6.665627806373095599e-01
6.665823151485797959e-01
6.666018503342895363e-01
6.666213861944561003e-01
6.666409227290981399e-01
6.666604599382327523e-01
6.666799978218781453e-01
6.666995363800527485e-01
6.667190756127737705e-01
6.667386155200594189e-01
6.667581561019272351e-01
6.667776973583953160e-01
6.667972392894822020e-01
6.668167818952046577e-01
6.668363251755813348e-01
6.668558691306298858e-01
6.668754137603682963e-01
6.668949590648139969e-01
6.669145050439854172e-01
6.669340516979004319e-01
6.669535990265765824e-01
6.669731470300320764e-01
6.669926957082844554e-01
6.670122450613521492e-01
6.670317950892522552e-01
6.670513457920034250e-01
6.670708971696232004e-01
6.670904492221294557e-01
6.671100019495400657e-01
6.671295553518731269e-01
6.671491094291459589e-01
6.671686641813772134e-01
6.671882196085837657e-01
6.672077757107844898e-01
6.672273324879972600e-01
6.672468899402387299e-01
6.672664480675281062e-01
6.672860068698828195e-01
6.673055663473204113e-01
6.673251264998588672e-01
6.673446873275165059e-01
6.673642488303110909e-01
6.673838110082600528e-01
6.674033738613814881e-01
6.674229373896932715e-01
6.674425015932131666e-01
6.674620664719593810e-01
6.674816320259494562e-01
6.675011982552013778e-01
6.675207651597329095e-01
6.675403327395622588e-01
6.675599009947067453e-01
6.675794699251849096e-01
6.675990395310139602e-01
6.676186098122117718e-01
6.676381807687966630e-01
6.676577524007863973e-01
6.676773247081984053e-01
6.676968976910513387e-01
6.677164713493622950e-01
6.677360456831493707e-01
6.677556206924304405e-01
6.677751963772232680e-01
6.677947727375461717e-01
6.678143497734164713e-01
6.678339274848521523e-01
6.678535058718712003e-01
6.678730849344910458e-01
6.678926646727304517e-01
6.679122450866064042e-01
6.679318261761367781e-01
6.679514079413398919e-01
6.679709903822337314e-01
6.679905734988352828e-01
6.680101572911630869e-01
6.680297417592346854e-01
6.680493269030681747e-01
6.680689127226813184e-01
6.680884992180917692e-01
6.681080863893178456e-01
6.681276742363767562e-01
6.681472627592862645e-01
6.681668519580651333e-01
6.681864418327306820e-01
6.682060323833004523e-01
6.682256236097925406e-01
6.682452155122248216e-01
6.682648080906151700e-01
6.682844013449813492e-01
6.683039952753411228e-01
6.683235898817123655e-01
6.683431851641130628e-01
6.683627811225609783e-01
6.683823777570737645e-01
6.684019750676696292e-01
6.684215730543658918e-01
6.684411717171805378e-01
6.684607710561316640e-01
6.684803710712369229e-01
6.684999717625139670e-01
6.685195731299812261e-01
6.685391751736556865e-01
6.685587778935558889e-01
6.685783812896992639e-01
6.685979853621037972e-01
6.686175901107872521e-01
6.686371955357676145e-01
6.686568016370623146e-01
6.686764084146892273e-01
6.686960158686666711e-01
6.687156239990120765e-01
6.687352328057430961e-01
6.687548422888779376e-01
6.687744524484342534e-01
6.687940632844300293e-01
6.688136747968826956e-01
6.688332869858103491e-01
6.688528998512306423e-01
6.688725133931616718e-01
6.688921276116207570e-01
6.689117425066263278e-01
6.689313580781958146e-01
6.689509743263472030e-01
6.689705912510978125e-01
6.689902088524660728e-01
6.690098271304693034e-01
6.690294460851259339e-01
6.690490657164532839e-01
6.690686860244692280e-01
6.690883070091915297e-01
6.691079286706382856e-01
6.691275510088267042e-01
6.691471740237755483e-01
6.691667977155016933e-01
6.691864220840235689e-01
6.692060471293581614e-01
6.692256728515241226e-01
6.692452992505389942e-01
6.692649263264202064e-01
6.692845540791865222e-01
6.693041825088544838e-01
6.693238116154422990e-01
6.693434413989683973e-01
6.693630718594500983e-01
6.693827029969051656e-01
6.694023348113512517e-01
6.694219673028064532e-01
6.694416004712885337e-01
6.694612343168149238e-01
6.694808688394039420e-01
6.695005040390732409e-01
6.695201399158401401e-01
6.695397764697230691e-01
6.695594137007391256e-01
6.695790516089069611e-01
6.695986901942436731e-01
6.696183294567671362e-01
6.696379693964953361e-01
6.696576100134460363e-01
6.696772513076368893e-01
6.696968932790858808e-01
6.697165359278104413e-01
6.697361792538285563e-01
6.697558232571583225e-01
6.697754679378168374e-01
6.697951132958225307e-01
6.698147593311928327e-01
6.698344060439455072e-01
6.698540534340984287e-01
6.698737015016692498e-01
6.698933502466760670e-01
6.699129996691361999e-01
6.699326497690674120e-01
6.699523005464883552e-01
6.699719520014154606e-01
6.699916041338677131e-01
6.700112569438622101e-01
6.700309104314167152e-01
6.700505645965494361e-01
6.700702194392773592e-01
6.700898749596190251e-01
6.701095311575921976e-01
6.701291880332139739e-01
6.701488455865023397e-01
6.701685038174756137e-01
6.701881627261510044e-01
6.702078223125464973e-01
6.702274825766797450e-01
6.702471435185684001e-01
6.702668051382304482e-01
6.702864674356836527e-01
6.703061304109453333e-01
6.703257940640341417e-01
6.703454583949667311e-01
6.703651234037617535e-01
6.703847890904363060e-01
6.704044554550089297e-01
6.704241224974964997e-01
6.704437902179174458e-01
6.704634586162890875e-01
6.704831276926294104e-01
6.705027974469558449e-01
6.705224678792865989e-01
6.705421389896392137e-01
6.705618107780310089e-01
6.705814832444806362e-01
6.706011563890049709e-01
6.706208302116226649e-01
6.706405047123503715e-01
6.706601798912065204e-01
6.706798557482088752e-01
6.706995322833748663e-01
6.707192094967222573e-01
6.707388873882694780e-01
6.707585659580331816e-01
6.707782452060316869e-01
6.707979251322829795e-01
6.708176057368041567e-01
6.708372870196134263e-01
6.708569689807283298e-01
6.708766516201667418e-01
6.708963349379464258e-01
6.709160189340845903e-01
6.709357036085995540e-01
6.709553889615093025e-01
6.709750749928307112e-01
6.709947617025820987e-01
6.710144490907808956e-01
6.710341371574449765e-01
6.710538259025923269e-01
6.710735153262399333e-01
6.710932054284061143e-01
6.711128962091085226e-01
6.711325876683648106e-01
6.711522798061931860e-01
6.711719726226100802e-01
6.711916661176346999e-01
6.712113602912838095e-01
6.712310551435752837e-01
6.712507506745274410e-01
6.712704468841569350e-01
6.712901437724825282e-01
6.713098413395214292e-01
6.713295395852912906e-01
6.713492385098102089e-01
6.713689381130953926e-01
6.713886383951649384e-01
6.714083393560363877e-01
6.714280409957276152e-01
6.714477433142559404e-01
6.714674463116393488e-01
6.714871499878957151e-01
6.715068543430426917e-01
6.715265593770977093e-01
6.715462650900785313e-01
6.715659714820031434e-01
6.715856785528889761e-01
6.716053863027537929e-01
6.716250947316154685e-01
6.716448038394917663e-01
6.716645136263997840e-01
6.716842240923578400e-01
6.717039352373834760e-01
6.717236470614941224e-01
6.717433595647079869e-01
6.717630727470426111e-01
6.717827866085152033e-01
6.718025011491438603e-01
6.718222163689464566e-01
6.718419322679405337e-01
6.718616488461434111e-01
6.718813661035732965e-01
6.719010840402475093e-01
6.719208026561842573e-01
6.719405219514005267e-01
6.719602419259145254e-01
6.719799625797439058e-01
6.719996839129060984e-01
6.720194059254188668e-01
6.720391286173001966e-01
6.720588519885672962e-01
6.720785760392381514e-01
6.720983007693305256e-01
6.721180261788617383e-01
6.721377522678498861e-01
6.721574790363126217e-01
6.721772064842672645e-01
6.721969346117316890e-01
6.722166634187236589e-01
6.722363929052606046e-01
6.722561230713605118e-01
6.722758539170411440e-01
6.722955854423199318e-01
6.723153176472140835e-01
6.723350505317422510e-01
6.723547840959216426e-01
6.723745183397699110e-01
6.723942532633045976e-01
6.724139888665432441e-01
6.724337251495039469e-01
6.724534621122044697e-01
6.724731997546621320e-01
6.724929380768945864e-01
6.725126770789197073e-01
6.725324167607550363e-01
6.725521571224184481e-01
6.725718981639272620e-01
6.725916398852994638e-01
6.726113822865521508e-01
6.726311253677039748e-01
6.726508691287718111e-01
6.726706135697734235e-01
6.726903586907267973e-01
6.727101044916491412e-01
6.727298509725584408e-01
6.727495981334722375e-01
6.727693459744085169e-01
6.727890944953841545e-01
6.728088436964173580e-01
6.728285935775258908e-01
6.728483441387272945e-01
6.728680953800391107e-01
6.728878473014791028e-01
6.729075999030645905e-01
6.729273531848136702e-01
6.729471071467435506e-01
6.729668617888725501e-01
6.729866171112176554e-01
6.730063731137968519e-01
6.730261297966277922e-01
6.730458871597277959e-01
6.730656452031151815e-01
6.730854039268069355e-01
6.731051633308205995e-01
6.731249234151742700e-01
6.731446841798857106e-01
6.731644456249720188e-01
6.731842077504514021e-01
6.732039705563411802e-01
6.732237340426588945e-01
6.732434982094223086e-01
6.732632630566492971e-01
6.732830285843569573e-01
6.733027947925633860e-01
6.733225616812860137e-01
6.733423292505427149e-01
6.733620975003505871e-01
6.733818664307278379e-01
6.734016360416918978e-01
6.734214063332604194e-01
6.734411773054507222e-01
6.734609489582809028e-01
6.734807212917686137e-01
6.735004943059308413e-01
6.735202680007855713e-01
6.735400423763506783e-01
6.735598174326437038e-01
6.735795931696821892e-01
6.735993695874832321e-01
6.736191466860653732e-01
6.736389244654459318e-01
6.736587029256418946e-01
6.736784820666715801e-01
6.736982618885525298e-01
6.737180423913021743e-01
6.737378235749383881e-01
6.737576054394782687e-01
6.737773879849400238e-01
6.737971712113409728e-01
6.738169551186986572e-01
6.738367397070309517e-01
6.738565249763551757e-01
6.738763109266890927e-01
6.738960975580503554e-01
6.739158848704566163e-01
6.739356728639251948e-01
6.739554615384737435e-01
6.739752508941202480e-01
6.739950409308819168e-01
6.740148316487767355e-01
6.740346230478220235e-01
6.740544151280354335e-01
6.740742078894345068e-01
6.740940013320373403e-01
6.741137954558605871e-01
6.741335902609226771e-01
6.741533857472408187e-01
6.741731819148326643e-01
6.741929787637156446e-01
6.742127762939081892e-01
6.742325745054267294e-01
6.742523733982895839e-01
6.742721729725144053e-01
6.742919732281180689e-01
6.743117741651188934e-01
6.743315757835343094e-01
6.743513780833817473e-01
6.743711810646789706e-01
6.743909847274431879e-01
6.744107890716923848e-01
6.744305940974443248e-01
6.744503998047159943e-01
6.744702061935251569e-01
6.744900132638901313e-01
6.745098210158274599e-01
6.745296294493551281e-01
6.745494385644907887e-01
6.745692483612520940e-01
6.745890588396565857e-01
6.746088699997216942e-01
6.746286818414650721e-01
6.746484943649042609e-01
6.746683075700571353e-01
6.746881214569406815e-01
6.747079360255731073e-01
6.747277512759716211e-01
6.747475672081538756e-01
6.747673838221371900e-01
6.747872011179397722e-01
6.748070190955786085e-01
6.748268377550717956e-01
6.748466570964360978e-01
6.748664771196899448e-01
6.748862978248503230e-01
6.749061192119351071e-01
6.749259412809617276e-01
6.749457640319481699e-01
6.749655874649109766e-01
6.749854115798685772e-01
6.750052363768386243e-01
6.750250618558381044e-01
6.750448880168847809e-01
6.750647148599964176e-01
6.750845423851904448e-01
6.751043705924845151e-01
6.751241994818956149e-01
6.751440290534421740e-01
6.751638593071412897e-01
6.751836902430108367e-01
6.752035218610673573e-01
6.752233541613298362e-01
6.752431871438149269e-01
6.752630208085405039e-01
6.752828551555237757e-01
6.753026901847828389e-01
6.753225258963347910e-01
6.753423622901972845e-01
6.753621993663878609e-01
6.753820371249243948e-01
6.754018755658237616e-01
6.754217146891042800e-01
6.754415544947828254e-01
6.754613949828773833e-01
6.754812361534053844e-01
6.755010780063843701e-01
6.755209205418316598e-01
6.755407637597652393e-01
6.755606076602019838e-01
6.755804522431603232e-01
6.756002975086567996e-01
6.756201434567097319e-01
6.756399900873364395e-01
6.756598374005542418e-01
6.756796853963809024e-01
6.756995340748339629e-01
6.757193834359308537e-01
6.757392334796892275e-01
6.757590842061265146e-01
6.757789356152600346e-01
6.757987877071075511e-01
6.758186404816866055e-01
6.758384939390147395e-01
6.758583480791093834e-01
6.758782029019879678e-01
6.758980584076687004e-01
6.759179145961683455e-01
6.759377714675044446e-01
6.759576290216948724e-01
6.759774872587570593e-01
6.759973461787084359e-01
6.760172057815664326e-01
6.760370660673488130e-01
6.760569270360727856e-01
6.760767886877565580e-01
6.760966510224164505e-01
6.761165140400714479e-01
6.761363777407375375e-01
6.761562421244333709e-01
6.761761071911762677e-01
6.761959729409833253e-01
6.762158393738720852e-01
6.762357064898606440e-01
6.762555742889657662e-01
6.762754427712057703e-01
6.762953119365974208e-01
6.763151817851587033e-01
6.763350523169066042e-01
6.763549235318588870e-01
6.763747954300335374e-01
6.763946680114475418e-01
6.764145412761183307e-01
6.764344152240640007e-01
6.764542898553014272e-01
6.764741651698481517e-01
6.764940411677218268e-01
6.765139178489402161e-01
6.765337952135200839e-01
6.765536732614800819e-01
6.765735519928367525e-01
6.765934314076076372e-01
6.766133115058111658e-01
6.766331922874634364e-01
6.766530737525828787e-01
6.766729559011865902e-01
6.766928387332924455e-01
6.767127222489179861e-01
6.767326064480798653e-01
6.767524913307961798e-01
6.767723768970846931e-01
6.767922631469623918e-01
6.768121500804470392e-01
6.768320376975555108e-01
6.768519259983066805e-01
6.768718149827165353e-01
6.768726702618284019e-01
