1.050000000000000044e+00
1.049999295108346331e+00
1.049965728610727123e+00
1.049932159693037104e+00
1.049898588355118623e+00
1.049865014596812474e+00
1.049831438417961449e+00
1.049797859818406565e+00
1.049764278797989947e+00
1.049730695356553500e+00
1.049697109493938463e+00
1.049663521209986516e+00
1.049629930504539788e+00
1.049596337377439736e+00
1.049562741828528489e+00
1.049529143857647728e+00
1.049495543464638692e+00
1.049461940649343505e+00
1.049428335411604074e+00
1.049394727751261858e+00
1.049361117668158760e+00
1.049327505162136021e+00
1.049293890233036208e+00
1.049260272880700784e+00
1.049226653104971430e+00
1.049193030905689827e+00
1.049159406282697882e+00
1.049125779235837275e+00
1.049092149764949689e+00
1.049058517869876805e+00
1.049024883550460530e+00
1.048991246806542987e+00
1.048957607637965417e+00
1.048923966044569944e+00
1.048890322026197808e+00
1.048856675582691578e+00
1.048823026713892492e+00
1.048789375419642234e+00
1.048755721699782928e+00
1.048722065554156258e+00
1.048688406982603905e+00
1.048654745984967551e+00
1.048621082561089102e+00
1.048587416710810682e+00
1.048553748433973531e+00
1.048520077730419553e+00
1.048486404599990873e+00
1.048452729042528730e+00
1.048419051057875251e+00
1.048385370645872339e+00
1.048351687806361898e+00
1.048318002539185168e+00
1.048284314844183829e+00
1.048250624721200897e+00
1.048216932170076943e+00
1.048183237190654538e+00
1.048149539782774697e+00
1.048115839946279992e+00
1.048082137681011883e+00
1.048048432986812273e+00
1.048014725863522845e+00
1.047981016310985281e+00
1.047947304329041485e+00
1.047913589917533805e+00
1.047879873076303703e+00
1.047846153805192637e+00
1.047812432104042291e+00
1.047778707972695900e+00
1.047744981410993370e+00
1.047711252418777939e+00
1.047677520995890843e+00
1.047643787142173766e+00
1.047610050857469055e+00
1.047576312141618171e+00
1.047542570994463018e+00
1.047508827415845278e+00
1.047475081405607078e+00
1.047441332963590099e+00
1.047407582089636024e+00
1.047373828783587202e+00
1.047340073045285092e+00
1.047306314874571598e+00
1.047272554271288181e+00
1.047238791235277411e+00
1.047205025766380748e+00
1.047171257864439875e+00
1.047137487529297140e+00
1.047103714760793780e+00
1.047069939558772367e+00
1.047036161923073916e+00
1.047002381853541220e+00
1.046968599350015294e+00
1.046934814412338266e+00
1.046901027040352039e+00
1.046867237233898740e+00
1.046833444992820494e+00
1.046799650316957653e+00
1.046765853206153896e+00
1.046732053660249795e+00
1.046698251679088143e+00
1.046664447262510178e+00
1.046630640410358026e+00
1.046596831122473814e+00
1.046563019398699002e+00
1.046529205238875715e+00
1.046495388642846081e+00
1.046461569610451114e+00
1.046427748141533165e+00
1.046393924235934358e+00
1.046360097893496599e+00
1.046326269114061569e+00
1.046292437897471395e+00
1.046258604243567536e+00
1.046224768152191897e+00
1.046190929623186827e+00
1.046157088656394230e+00
1.046123245251655565e+00
1.046089399408812959e+00
1.046055551127708316e+00
1.046021700408183763e+00
1.045987847250080538e+00
1.045953991653241433e+00
1.045920133617508130e+00
1.045886273142722089e+00
1.045852410228725438e+00
1.045818544875359857e+00
1.045784677082468361e+00
1.045750806849891523e+00
1.045716934177471913e+00
1.045683059065051435e+00
1.045649181512471770e+00
1.045615301519574825e+00
1.045581419086203168e+00
1.045547534212198038e+00
1.045513646897401783e+00
1.045479757141656307e+00
1.045445864944803294e+00
1.045411970306684424e+00
1.045378073227142490e+00
1.045344173706018731e+00
1.045310271743155717e+00
1.045276367338394463e+00
1.045242460491577985e+00
1.045208551202547520e+00
1.045174639471145195e+00
1.045140725297213136e+00
1.045106808680593025e+00
1.045072889621126988e+00
1.045038968118656708e+00
1.045005044173024977e+00
1.044971117784072812e+00
1.044937188951642781e+00
1.044903257675576347e+00
1.044869323955716078e+00
1.044835387791903214e+00
1.044801449183980324e+00
1.044767508131789091e+00
1.044733564635172307e+00
1.044699618693970544e+00
1.044665670308026817e+00
1.044631719477182807e+00
1.044597766201280420e+00
1.044563810480161337e+00
1.044529852313668350e+00
1.044495891701642920e+00
1.044461928643926951e+00
1.044427963140362792e+00
1.044393995190792790e+00
1.044360024795057740e+00
1.044326051953000878e+00
1.044292076664463220e+00
1.044258098929287337e+00
1.044224118747315355e+00
1.044190136118388956e+00
1.044156151042349823e+00
1.044122163519041191e+00
1.044088173548304077e+00
1.044054181129980385e+00
1.044020186263912686e+00
1.043986188949942884e+00
1.043952189187912660e+00
1.043918186977664586e+00
1.043884182319040121e+00
1.043850175211881837e+00
1.043816165656031192e+00
1.043782153651330979e+00
1.043748139197622438e+00
1.043714122294747915e+00
1.043680102942549759e+00
1.043646081140869430e+00
1.043612056889549722e+00
1.043578030188431871e+00
1.043544001037358449e+00
1.043509969436171358e+00
1.043475935384712727e+00
1.043441898882824459e+00
1.043407859930348680e+00
1.043373818527127739e+00
1.043339774673003095e+00
1.043305728367817320e+00
1.043271679611412539e+00
1.043237628403630213e+00
1.043203574744312911e+00
1.043169518633302761e+00
1.043135460070441445e+00
1.043101399055571310e+00
1.043067335588534483e+00
1.043033269669173091e+00
1.042999201297329037e+00
1.042965130472844226e+00
1.042931057195561007e+00
1.042896981465321504e+00
1.042862903281967846e+00
1.042828822645342157e+00
1.042794739555286121e+00
1.042760654011642307e+00
1.042726566014252176e+00
1.042692475562958743e+00
1.042658382657603688e+00
1.042624287298028918e+00
1.042590189484076335e+00
1.042556089215588955e+00
1.042521986492408459e+00
1.042487881314376530e+00
1.042453773681335960e+00
1.042419663593128210e+00
1.042385551049595849e+00
1.042351436050581004e+00
1.042317318595925801e+00
1.042283198685471701e+00
1.042249076319061718e+00
1.042214951496538200e+00
1.042180824217741941e+00
1.042146694482516400e+00
1.042112562290702593e+00
1.042078427642143756e+00
1.042044290536681350e+00
1.042010150974157945e+00
1.041976008954415667e+00
1.041941864477296198e+00
1.041907717542641665e+00
1.041873568150294860e+00
1.041839416300097687e+00
1.041805261991892273e+00
1.041771105225520522e+00
1.041736946000825004e+00
1.041702784317647845e+00
1.041668620175830506e+00
1.041634453575216224e+00
1.041600284515646679e+00
1.041566112996964000e+00
1.041531939019010533e+00
1.041497762581628184e+00
1.041463583684659300e+00
1.041429402327946230e+00
1.041395218511330434e+00
1.041361032234655593e+00
1.041326843497762278e+00
1.041292652300493726e+00
1.041258458642691620e+00
1.041224262524198974e+00
1.041190063944856359e+00
1.041155862904507678e+00
1.041121659402994615e+00
1.041087453440158628e+00
1.041053245015842954e+00
1.041019034129889276e+00
1.040984820782139941e+00
1.040950604972437077e+00
1.040916386700622809e+00
1.040882165966539485e+00
1.040847942770029899e+00
1.040813717110935510e+00
1.040779488989098445e+00
1.040745258404361717e+00
1.040711025356567232e+00
1.040676789845557115e+00
1.040642551871173271e+00
1.040608311433258493e+00
1.040574068531654905e+00
1.040539823166204636e+00
1.040505575336750033e+00
1.040471325043133222e+00
1.040437072285196773e+00
1.040402817062782592e+00
1.040368559375733026e+00
1.040334299223890424e+00
1.040300036607096912e+00
1.040265771525195060e+00
1.040231503978026995e+00
1.040197233965434842e+00
1.040162961487261173e+00
1.040128686543347669e+00
1.040094409133537345e+00
1.040060129257671884e+00
1.040025846915593855e+00
1.039991562107145606e+00
1.039957274832169931e+00
1.039922985090507845e+00
1.039888692882002363e+00
1.039854398206496278e+00
1.039820101063831048e+00
1.039785801453849468e+00
1.039751499376393662e+00
1.039717194831306202e+00
1.039682887818428769e+00
1.039648578337604157e+00
1.039614266388674713e+00
1.039579951971482785e+00
1.039545635085870501e+00
1.039511315731679986e+00
1.039476993908753810e+00
1.039442669616934989e+00
1.039408342856064316e+00
1.039374013625985471e+00
1.039339681926540582e+00
1.039305347757571329e+00
1.039271011118920507e+00
1.039236672010430462e+00
1.039202330431943322e+00
1.039167986383301656e+00
1.039133639864348035e+00
1.039099290874924586e+00
1.039064939414873212e+00
1.039030585484036928e+00
1.038996229082258305e+00
1.038961870209378358e+00
1.038927508865240767e+00
1.038893145049687661e+00
1.038858778762561164e+00
1.038824410003703624e+00
1.038790038772957836e+00
1.038755665070165479e+00
1.038721288895169570e+00
1.038686910247812012e+00
1.038652529127935598e+00
1.038618145535383119e+00
1.038583759469995593e+00
1.038549370931616700e+00
1.038514979920088344e+00
1.038480586435252873e+00
1.038446190476952857e+00
1.038411792045030646e+00
1.038377391139328587e+00
1.038342987759689029e+00
1.038308581905954986e+00
1.038274173577967918e+00
1.038239762775570840e+00
1.038205349498606100e+00
1.038170933746916269e+00
1.038136515520343472e+00
1.038102094818730281e+00
1.038067671641919043e+00
1.038033245989752329e+00
1.037998817862072265e+00
1.037964387258722088e+00
1.037929954179543257e+00
1.037895518624379454e+00
1.037861080593071472e+00
1.037826640085462770e+00
1.037792197101396141e+00
1.037757751640713266e+00
1.037723303703256938e+00
1.037688853288869506e+00
1.037654400397393761e+00
1.037619945028671831e+00
1.037585487182546284e+00
1.037551026858859693e+00
1.037516564057454405e+00
1.037482098778173212e+00
1.037447631020858241e+00
1.037413160785351840e+00
1.037378688071496802e+00
1.037344212879135918e+00
1.037309735208110872e+00
1.037275255058264900e+00
1.037240772429440350e+00
1.037206287321479348e+00
1.037171799734225131e+00
1.037137309667519380e+00
1.037102817121204890e+00
1.037068322095124229e+00
1.037033824589120190e+00
1.036999324603034678e+00
1.036964822136710707e+00
1.036930317189990847e+00
1.036895809762717224e+00
1.036861299854733076e+00
1.036826787465879862e+00
1.036792272596001041e+00
1.036757755244938739e+00
1.036723235412535971e+00
1.036688713098633974e+00
1.036654188303077095e+00
1.036619661025706574e+00
1.036585131266365645e+00
1.036550599024896657e+00
1.036516064301141959e+00
1.036481527094944344e+00
1.036446987406146381e+00
1.036412445234590640e+00
1.036377900580119693e+00
1.036343353442576110e+00
1.036308803821802016e+00
1.036274251717640649e+00
1.036239697129934578e+00
1.036205140058525931e+00
1.036170580503257277e+00
1.036136018463971853e+00
1.036101453940511563e+00
1.036066886932720088e+00
1.036032317440438222e+00
1.035997745463509645e+00
1.035963171001777594e+00
1.035928594055083529e+00
1.035894014623270687e+00
1.035859432706180971e+00
1.035824848303658285e+00
1.035790261415544755e+00
1.035755672041682063e+00
1.035721080181913889e+00
1.035686485836081916e+00
1.035651889004029824e+00
1.035617289685599962e+00
1.035582687880634678e+00
1.035548083588976542e+00
1.035513476810468347e+00
1.035478867544953108e+00
1.035444255792273172e+00
1.035409641552270665e+00
1.035375024824789492e+00
1.035340405609671111e+00
1.035305783906758537e+00
1.035271159715894562e+00
1.035236533036922202e+00
1.035201903869683582e+00
1.035167272214021272e+00
1.035132638069778510e+00
1.035098001436797865e+00
1.035063362314921687e+00
1.035028720703992988e+00
1.034994076603853896e+00
1.034959430014347648e+00
1.034924780935317257e+00
1.034890129366604183e+00
1.034855475308052553e+00
1.034820818759504046e+00
1.034786159720801901e+00
1.034751498191788688e+00
1.034716834172306976e+00
1.034682167662199781e+00
1.034647498661309895e+00
1.034612827169479443e+00
1.034578153186551219e+00
1.034543476712368681e+00
1.034508797746773956e+00
1.034474116289610057e+00
1.034439432340719334e+00
1.034404745899945244e+00
1.034370056967129914e+00
1.034335365542116136e+00
1.034300671624746926e+00
1.034265975214864630e+00
1.034231276312312708e+00
1.034196574916933065e+00
1.034161871028569157e+00
1.034127164647063335e+00
1.034092455772258612e+00
1.034057744403997336e+00
1.034023030542122967e+00
1.033988314186477409e+00
1.033953595336904563e+00
1.033918873993246113e+00
1.033884150155345738e+00
1.033849423823045344e+00
1.033814694996188610e+00
1.033779963674617663e+00
1.033745229858175518e+00
1.033710493546705189e+00
1.033675754740049246e+00
1.033641013438050482e+00
1.033606269640551689e+00
1.033571523347396104e+00
1.033536774558426075e+00
1.033502023273484394e+00
1.033467269492414076e+00
1.033432513215057691e+00
1.033397754441258920e+00
1.033362993170859445e+00
1.033328229403702947e+00
1.033293463139631774e+00
1.033258694378488718e+00
1.033223923120117016e+00
1.033189149364359460e+00
1.033154373111058844e+00
1.033119594360057958e+00
1.033084813111199596e+00
1.033050029364326994e+00
1.033015243119282056e+00
1.032980454375908685e+00
1.032945663134049230e+00
1.032910869393546704e+00
1.032876073154244345e+00
1.032841274415984500e+00
1.032806473178610185e+00
1.032771669441964191e+00
1.032736863205889311e+00
1.032702054470228781e+00
1.032667243234825838e+00
1.032632429499522830e+00
1.032597613264162550e+00
1.032562794528588013e+00
1.032527973292642676e+00
1.032493149556168444e+00
1.032458323319008775e+00
1.032423494581006906e+00
1.032388663342005408e+00
1.032353829601847295e+00
1.032318993360375359e+00
1.032284154617432392e+00
1.032249313372861854e+00
1.032214469626506315e+00
1.032179623378208344e+00
1.032144774627812067e+00
1.032109923375159166e+00
1.032075069620093544e+00
1.032040213362457104e+00
1.032005354602093972e+00
1.031970493338846051e+00
1.031935629572557023e+00
1.031900763303069679e+00
1.031865894530226813e+00
1.031831023253871882e+00
1.031796149473847013e+00
1.031761273189995665e+00
1.031726394402161295e+00
1.031691513110186253e+00
1.031656629313913331e+00
1.031621743013186210e+00
1.031586854207847459e+00
1.031551962897740093e+00
1.031517069082707350e+00
1.031482172762592020e+00
1.031447273937237341e+00
1.031412372606485883e+00
1.031377468770180883e+00
1.031342562428165355e+00
1.031307653580282535e+00
1.031272742226375438e+00
1.031237828366286413e+00
1.031202911999859584e+00
1.031167993126937077e+00
1.031133071747362351e+00
1.031098147860978642e+00
1.031063221467628077e+00
1.031028292567154336e+00
1.030993361159400878e+00
1.030958427244210274e+00
1.030923490821425315e+00
1.030888551890889682e+00
1.030853610452445723e+00
1.030818666505937564e+00
1.030783720051207109e+00
1.030748771088098259e+00
1.030713819616453808e+00
1.030678865636116548e+00
1.030643909146929937e+00
1.030608950148736991e+00
1.030573988641380945e+00
1.030539024624704147e+00
1.030504058098550724e+00
1.030469089062762800e+00
1.030434117517184278e+00
1.030399143461657729e+00
1.030364166896027056e+00
1.030329187820134385e+00
1.030294206233823173e+00
1.030259222136936437e+00
1.030224235529317633e+00
1.030189246410809778e+00
1.030154254781256107e+00
1.030119260640499412e+00
1.030084263988383153e+00
1.030049264824750122e+00
1.030014263149443776e+00
1.029979258962306687e+00
1.029944252263182536e+00
1.029909243051915002e+00
1.029874231328346212e+00
1.029839217092319847e+00
1.029804200343678922e+00
1.029769181082266671e+00
1.029734159307926333e+00
1.029699135020500256e+00
1.029664108219832785e+00
1.029629078905766715e+00
1.029594047078145280e+00
1.029559012736811274e+00
1.029523975881608377e+00
1.029488936512379382e+00
1.029453894628967525e+00
1.029418850231216265e+00
1.029383803318968393e+00
1.029348753892067592e+00
1.029313701950356874e+00
1.029278647493679255e+00
1.029243590521878193e+00
1.029208531034796925e+00
1.029173469032278687e+00
1.029138404514166050e+00
1.029103337480303137e+00
1.029068267930532965e+00
1.029033195864698325e+00
1.028998121282642675e+00
1.028963044184209918e+00
1.028927964569241960e+00
1.028892882437582923e+00
1.028857797789076267e+00
1.028822710623564562e+00
1.028787620940891490e+00
1.028752528740900285e+00
1.028717434023434185e+00
1.028682336788336427e+00
1.028647237035450246e+00
1.028612134764619102e+00
1.028577029975685564e+00
1.028541922668493536e+00
1.028506812842886697e+00
1.028471700498707619e+00
1.028436585635799538e+00
1.028401468254006357e+00
1.028366348353171089e+00
1.028331225933136528e+00
1.028296100993747020e+00
1.028260973534844913e+00
1.028225843556274111e+00
1.028190711057877404e+00
1.028155576039498476e+00
1.028120438500980782e+00
1.028085298442167117e+00
1.028050155862901160e+00
1.028015010763026593e+00
1.027979863142385986e+00
1.027944713000823018e+00
1.027909560338181372e+00
1.027874405154303616e+00
1.027839247449033877e+00
1.027804087222215168e+00
1.027768924473690504e+00
1.027733759203303787e+00
1.027698591410898254e+00
1.027663421096317142e+00
1.027628248259403465e+00
1.027593072900001570e+00
1.027557895017953804e+00
1.027522714613104515e+00
1.027487531685295830e+00
1.027452346234372094e+00
1.027417158260176322e+00
1.027381967762552639e+00
1.027346774741343172e+00
1.027311579196392266e+00
1.027276381127542715e+00
1.027241180534638643e+00
1.027205977417522398e+00
1.027170771776038327e+00
1.027135563610029445e+00
1.027100352919339432e+00
1.027065139703811303e+00
1.027029923963288738e+00
1.026994705697614974e+00
1.026959484906633913e+00
1.026924261590188125e+00
1.026889035748122181e+00
1.026853807380278427e+00
1.026818576486500767e+00
1.026783343066632881e+00
1.026748107120518005e+00
1.026712868647999377e+00
1.026677627648920454e+00
1.026642384123125362e+00
1.026607138070456671e+00
1.026571889490758505e+00
1.026536638383873878e+00
1.026501384749646917e+00
1.026466128587920190e+00
1.026430869898537601e+00
1.026395608681342608e+00
1.026360344936178892e+00
1.026325078662889689e+00
1.026289809861318680e+00
1.026254538531309102e+00
1.026219264672704634e+00
1.026183988285349180e+00
1.026148709369085088e+00
1.026113427923756483e+00
1.026078143949207266e+00
1.026042857445280898e+00
1.026007568411820392e+00
1.025972276848669429e+00
1.025936982755671689e+00
1.025901686132670632e+00
1.025866386979509715e+00
1.025831085296032397e+00
1.025795781082082359e+00
1.025760474337503281e+00
1.025725165062138400e+00
1.025689853255831396e+00
1.025654538918425951e+00
1.025619222049765300e+00
1.025583902649692902e+00
1.025548580718052882e+00
1.025513256254688477e+00
1.025477929259443366e+00
1.025442599732160787e+00
1.025407267672684863e+00
1.025371933080858833e+00
1.025336595956525931e+00
1.025301256299530062e+00
1.025265914109715348e+00
1.025230569386924362e+00
1.025195222131001449e+00
1.025159872341789846e+00
1.025124520019133456e+00
1.025089165162875071e+00
1.025053807772859260e+00
1.025018447848929481e+00
1.024983085390928750e+00
1.024947720398700968e+00
1.024912352872090038e+00
1.024876982810939419e+00
1.024841610215092125e+00
1.024806235084392947e+00
1.024770857418684455e+00
1.024735477217810553e+00
1.024700094481615364e+00
1.024664709209941904e+00
1.024629321402633853e+00
1.024593931059535556e+00
1.024558538180490030e+00
1.024523142765340733e+00
1.024487744813931789e+00
1.024452344326106878e+00
1.024416941301709238e+00
1.024381535740582994e+00
1.024346127642571380e+00
1.024310717007518079e+00
1.024275303835267659e+00
1.024239888125662912e+00
1.024204469878547741e+00
1.024169049093765382e+00
1.024133625771159961e+00
1.024098199910575380e+00
1.024062771511854875e+00
1.024027340574842571e+00
1.023991907099381926e+00
1.023956471085316178e+00
1.023921032532489672e+00
1.023885591440746090e+00
1.023850147809928890e+00
1.023814701639881974e+00
1.023779252930448802e+00
1.023743801681472831e+00
1.023708347892798631e+00
1.023672891564269216e+00
1.023637432695728489e+00
1.023601971287020351e+00
1.023566507337988263e+00
1.023531040848476126e+00
1.023495571818327621e+00
1.023460100247386428e+00
1.023424626135496673e+00
1.023389149482501592e+00
1.023353670288244865e+00
1.023318188552570618e+00
1.023282704275322530e+00
1.023247217456344282e+00
1.023211728095480000e+00
1.023176236192572919e+00
1.023140741747466720e+00
1.023105244760005750e+00
1.023069745230033023e+00
1.023034243157393108e+00
1.022998738541929464e+00
1.022963231383485772e+00
1.022927721681905933e+00
1.022892209437033628e+00
1.022856694648712983e+00
1.022821177316787233e+00
1.022785657441100282e+00
1.022750135021496032e+00
1.022714610057818385e+00
1.022679082549911467e+00
1.022643552497618513e+00
1.022608019900783205e+00
1.022572484759249889e+00
1.022536947072862246e+00
1.022501406841463734e+00
1.022465864064898478e+00
1.022430318743010158e+00
1.022394770875642900e+00
1.022359220462640383e+00
1.022323667503846290e+00
1.022288111999104743e+00
1.022252553948258980e+00
1.022216993351153347e+00
1.022181430207631747e+00
1.022145864517537861e+00
1.022110296280715369e+00
1.022074725497007952e+00
1.022039152166260401e+00
1.022003576288315507e+00
1.021967997863018063e+00
1.021932416890210638e+00
1.021896833369738467e+00
1.021861247301444786e+00
1.021825658685173721e+00
1.021790067520769174e+00
1.021754473808074382e+00
1.021718877546933690e+00
1.021683278737190781e+00
1.021647677378690000e+00
1.021612073471274806e+00
1.021576467014789324e+00
1.021540858009077235e+00
1.021505246453982885e+00
1.021469632349349288e+00
1.021434015695021236e+00
1.021398396490841520e+00
1.021362774736655599e+00
1.021327150432306263e+00
1.021291523577637417e+00
1.021255894172493628e+00
1.021220262216718355e+00
1.021184627710155501e+00
1.021148990652649191e+00
1.021113351044042883e+00
1.021077708884181368e+00
1.021042064172908104e+00
1.021006416910066772e+00
1.020970767095501275e+00
1.020935114729056181e+00
1.020899459810574728e+00
1.020863802339901261e+00
1.020828142316879461e+00
1.020792479741353453e+00
1.020756814613167140e+00
1.020721146932164647e+00
1.020685476698189653e+00
1.020649803911085840e+00
1.020614128570697998e+00
1.020578450676869586e+00
1.020542770229444063e+00
1.020507087228266219e+00
1.020471401673179734e+00
1.020435713564028513e+00
1.020400022900656456e+00
1.020364329682907911e+00
1.020328633910626115e+00
1.020292935583655858e+00
1.020257234701840598e+00
1.020221531265024462e+00
1.020185825273051572e+00
1.020150116725765832e+00
1.020114405623011145e+00
1.020078691964631634e+00
1.020042975750471204e+00
1.020007256980373533e+00
1.019971535654183636e+00
1.019935811771743861e+00
1.019900085332900108e+00
1.019864356337494948e+00
1.019828624785373172e+00
1.019792890676378239e+00
1.019757154010354494e+00
1.019721414787146063e+00
1.019685673006596405e+00
1.019649928668550309e+00
1.019614181772851014e+00
1.019578432319343309e+00
1.019542680307871096e+00
1.019506925738277170e+00
1.019471168610407652e+00
1.019435408924104669e+00
1.019399646679213456e+00
1.019363881875577471e+00
1.019328114513041283e+00
1.019292344591448352e+00
1.019256572110643022e+00
1.019220797070468976e+00
1.019185019470771003e+00
1.019149239311392341e+00
1.019113456592177558e+00
1.019077671312970779e+00
1.019041883473615906e+00
1.019006093073956842e+00
1.018970300113837268e+00
1.018934504593101753e+00
1.018898706511595087e+00
1.018862905869159396e+00
1.018827102665640361e+00
1.018791296900881660e+00
1.018755488574727197e+00
1.018719677687021097e+00
1.018683864237607262e+00
1.018648048226330038e+00
1.018612229653033774e+00
1.018576408517561704e+00
1.018540584819758843e+00
1.018504758559468648e+00
1.018468929736535245e+00
1.018433098350802979e+00
1.018397264402115532e+00
1.018361427890317250e+00
1.018325588815252036e+00
1.018289747176764681e+00
1.018253902974698866e+00
1.018218056208898492e+00
1.018182206879207907e+00
1.018146354985471014e+00
1.018110500527532158e+00
1.018074643505235244e+00
1.018038783918424395e+00
1.018002921766943736e+00
1.017967057050637170e+00
1.017931189769349043e+00
1.017895319922923481e+00
1.017859447511203941e+00
1.017823572534035881e+00
1.017787694991262537e+00
1.017751814882727590e+00
1.017715932208276497e+00
1.017680046967752716e+00
1.017644159160999706e+00
1.017608268787863146e+00
1.017572375848185606e+00
1.017536480341812100e+00
1.017500582268586085e+00
1.017464681628352574e+00
1.017428778420954805e+00
1.017392872646237789e+00
1.017356964304045208e+00
1.017321053394221186e+00
1.017285139916609848e+00
1.017249223871055763e+00
1.017213305257402833e+00
1.017177384075494961e+00
1.017141460325176272e+00
1.017105534006291556e+00
1.017069605118684272e+00
1.017033673662198989e+00
1.016997739636680054e+00
1.016961803041970924e+00
1.016925863877915726e+00
1.016889922144359470e+00
1.016853977841145618e+00
1.016818030968118514e+00
1.016782081525122505e+00
1.016746129512001273e+00
1.016710174928599608e+00
1.016674217774760969e+00
1.016638258050330146e+00
1.016602295755150820e+00
1.016566330889068004e+00
1.016530363451925156e+00
1.016494393443566402e+00
1.016458420863836087e+00
1.016422445712578559e+00
1.016386467989637943e+00
1.016350487694857918e+00
1.016314504828083498e+00
1.016278519389158586e+00
1.016242531377926639e+00
1.016206540794233115e+00
1.016170547637921029e+00
1.016134551908835393e+00
1.016098553606819888e+00
1.016062552731718638e+00
1.016026549283376879e+00
1.015990543261637624e+00
1.015954534666345221e+00
1.015918523497344239e+00
1.015882509754479246e+00
1.015846493437593923e+00
1.015810474546532394e+00
1.015774453081138784e+00
1.015738429041257884e+00
1.015702402426733819e+00
1.015666373237410269e+00
1.015630341473131804e+00
1.015594307133742991e+00
1.015558270219087511e+00
1.015522230729009712e+00
1.015486188663353717e+00
1.015450144021963874e+00
1.015414096804684752e+00
1.015378047011360030e+00
1.015341994641834278e+00
1.015305939695951398e+00
1.015269882173556182e+00
1.015233822074492309e+00
1.015197759398604127e+00
1.015161694145736204e+00
1.015125626315732443e+00
1.015089555908437191e+00
1.015053482923694794e+00
1.015017407361349600e+00
1.014981329221245510e+00
1.014945248503227093e+00
1.014909165207138253e+00
1.014873079332823558e+00
1.014836990880126688e+00
1.014800899848892657e+00
1.014764806238965145e+00
1.014728710050188942e+00
1.014692611282407730e+00
1.014656509935466522e+00
1.014620406009209219e+00
1.014584299503480169e+00
1.014548190418123275e+00
1.014512078752983326e+00
1.014475964507903782e+00
1.014439847682729878e+00
1.014403728277305072e+00
1.014367606291473267e+00
1.014331481725079032e+00
1.014295354577966712e+00
1.014259224849979990e+00
1.014223092540964322e+00
1.014186957650765608e+00
1.014150820179225310e+00
1.014114680126190882e+00
1.014078537491502008e+00
1.014042392275005255e+00
1.014006244476545193e+00
1.013970094095967056e+00
1.013933941133114969e+00
1.013897785587831057e+00
1.013861627459960779e+00
1.013825466749349147e+00
1.013789303455841395e+00
1.013753137579281649e+00
1.013716969119512257e+00
1.013680798076376899e+00
1.013644624449720588e+00
1.013608448239387227e+00
1.013572269445226492e+00
1.013536088067075847e+00
1.013499904104781857e+00
1.013463717558191979e+00
1.013427528427146118e+00
1.013391336689329680e+00
1.013390576646111985e+00
1.013372900889077277e+00
1.013355224526494069e+00
1.013337547547408013e+00
1.013319869951796681e+00
1.013302191739641644e+00
1.013284512910931356e+00
1.013266833465642502e+00
1.013249153403755320e+00
1.013231472725253601e+00
1.013213791430120914e+00
1.013196109518336163e+00
1.013178426989882697e+00
1.013160743844742750e+00
1.013143060082897229e+00
1.013125375704328590e+00
1.013107690709019071e+00
1.013090005096950907e+00
1.013072318868106114e+00
1.013054632022466262e+00
1.013036944560013142e+00
1.013019256480728991e+00
1.013001567784594936e+00
1.012983878471592991e+00
1.012966188541704726e+00
1.012948497994912156e+00
1.012930806831196184e+00
1.012913115050538826e+00
1.012895422652922983e+00
1.012877729638330226e+00
1.012860036006743458e+00
1.012842341758144027e+00
1.012824646892513059e+00
1.012806951409833012e+00
1.012789255310085901e+00
1.012771558593253296e+00
1.012753861259316768e+00
1.012736163308258108e+00
1.012718464740059554e+00
1.012700765554702453e+00
1.012683065752169709e+00
1.012665365332442224e+00
1.012647664295502681e+00
1.012629962641332426e+00
1.012612260369913697e+00
1.012594557481228508e+00
1.012576853975258429e+00
1.012559149851985696e+00
1.012541445111392102e+00
1.012523739753459440e+00
1.012506033778169501e+00
1.012488327185503634e+00
1.012470619975444075e+00
1.012452912147972839e+00
1.012435203703071940e+00
1.012417494640723392e+00
1.012399784960908544e+00
1.012382074663610299e+00
1.012364363748809559e+00
1.012346652216488341e+00
1.012328940066628657e+00
1.012311227299212746e+00
1.012293513914222176e+00
1.012275799911639185e+00
1.012258085291445342e+00
1.012240370053622218e+00
1.012222654198152050e+00
1.012204937725016629e+00
1.012187220634197971e+00
1.012169502925677866e+00
1.012151784599438331e+00
1.012134065655461157e+00
1.012116346093727914e+00
1.012098625914220618e+00
1.012080905116920837e+00
1.012063183701810365e+00
1.012045461668872548e+00
1.012027739018088290e+00
1.012010015749439606e+00
1.011992291862908511e+00
1.011974567358476795e+00
1.011956842236126031e+00
1.011939116495838453e+00
1.011921390137594967e+00
1.011903663161379141e+00
1.011885935567171879e+00
1.011868207354955640e+00
1.011850478524711772e+00
1.011832749076422955e+00
1.011815019010069872e+00
1.011797288325634980e+00
1.011779557023100073e+00
1.011761825102447165e+00
1.011744092563658715e+00
1.011726359406716069e+00
1.011708625631601244e+00
1.011690891238296031e+00
1.011673156226782222e+00
1.011655420597041388e+00
1.011637684349056432e+00
1.011619947482807813e+00
1.011602209998279100e+00
1.011584471895450976e+00
1.011566733174305899e+00
1.011548993834825660e+00
1.011531253876991832e+00
1.011513513300786427e+00
1.011495772106191238e+00
1.011478030293188501e+00
1.011460287861759566e+00
1.011442544811887556e+00
1.011424801143553598e+00
1.011407056856739928e+00
1.011389311951428338e+00
1.011371566427600621e+00
1.011353820285238569e+00
1.011336073524324419e+00
1.011318326144839519e+00
1.011300578146766549e+00
1.011282829530086858e+00
1.011265080294782459e+00
1.011247330440835368e+00
1.011229579968227377e+00
1.011211828876940499e+00
1.011194077166956307e+00
1.011176324838257257e+00
1.011158571890825142e+00
1.011140818324641755e+00
1.011123064139688221e+00
1.011105309335947444e+00
1.011087553913400994e+00
1.011069797872030662e+00
1.011052041211818464e+00
1.011034283932746192e+00
1.011016526034795637e+00
1.010998767517949481e+00
1.010981008382188850e+00
1.010963248627495981e+00
1.010945488253852664e+00
1.010927727261240916e+00
1.010909965649642750e+00
1.010892203419039959e+00
1.010874440569414334e+00
1.010856677100747669e+00
1.010838913013022422e+00
1.010821148306219941e+00
1.010803382980322684e+00
1.010785617035312223e+00
1.010767850471169904e+00
1.010750083287879075e+00
1.010732315485420418e+00
1.010714547063776392e+00
1.010696778022928566e+00
1.010679008362859399e+00
1.010661238083550462e+00
1.010643467184983768e+00
1.010625695667141111e+00
1.010607923530004726e+00
1.010590150773556184e+00
1.010572377397777499e+00
1.010554603402650908e+00
1.010536828788157981e+00
1.010519053554280733e+00
1.010501277701001399e+00
1.010483501228301551e+00
1.010465724136162979e+00
1.010447946424567922e+00
1.010430168093498171e+00
1.010412389142935741e+00
1.010394609572862645e+00
1.010376829383260011e+00
1.010359048574110963e+00
1.010341267145396849e+00
1.010323485097099683e+00
1.010305702429201480e+00
1.010287919141683588e+00
1.010270135234528910e+00
1.010252350707718794e+00
1.010234565561235254e+00
1.010216779795060527e+00
1.010198993409176182e+00
1.010181206403564014e+00
1.010163418778206479e+00
1.010145630533084926e+00
1.010127841668182258e+00
1.010110052183478935e+00
1.010092262078958303e+00
1.010074471354601267e+00
1.010056680010390062e+00
1.010038888046307148e+00
1.010021095462333429e+00
1.010003302258452029e+00
1.009985508434643853e+00
1.009967713990891802e+00
1.009949918927177004e+00
1.009932123243481250e+00
1.009914326939787443e+00
1.009896530016077154e+00
1.009878732472331953e+00
1.009860934308534297e+00
1.009843135524665980e+00
1.009825336120708572e+00
1.009807536096644309e+00
1.009789735452455428e+00
1.009771934188123277e+00
1.009754132303630314e+00
1.009736329798958110e+00
1.009718526674089123e+00
1.009700722929004479e+00
1.009682918563686638e+00
1.009665113578117834e+00
1.009647307972279640e+00
1.009629501746153624e+00
1.009611694899722245e+00
1.009593887432967962e+00
1.009576079345871458e+00
1.009558270638415634e+00
1.009540461310582282e+00
1.009522651362353196e+00
1.009504840793710390e+00
1.009487029604635877e+00
1.009469217795111451e+00
1.009451405365119125e+00
1.009433592314641581e+00
1.009415778643659500e+00
1.009397964352155785e+00
1.009380149440112007e+00
1.009362333907510179e+00
1.009344517754332093e+00
1.009326700980559988e+00
1.009308883586176320e+00
1.009291065571161994e+00
1.009273246935499024e+00
1.009255427679170536e+00
1.009237607802157433e+00
1.009219787304441951e+00
1.009201966186006327e+00
1.009184144446832132e+00
1.009166322086901380e+00
1.009148499106196528e+00
1.009130675504698926e+00
1.009112851282390810e+00
1.009095026439253973e+00
1.009077200975270872e+00
1.009059374890423300e+00
1.009041548184692605e+00
1.009023720858061468e+00
1.009005892910511459e+00
1.008988064342025259e+00
1.008970235152583772e+00
1.008952405342169456e+00
1.008934574910764770e+00
1.008916743858351062e+00
1.008898912184910124e+00
1.008881079890424637e+00
1.008863246974876615e+00
1.008845413438247185e+00
1.008827579280519027e+00
1.008809744501673711e+00
1.008791909101693474e+00
1.008774073080560107e+00
1.008756236438255849e+00
1.008738399174762712e+00
1.008720561290062046e+00
1.008702722784136752e+00
1.008684883656968401e+00
1.008667043908538341e+00
1.008649203538829919e+00
1.008631362547823818e+00
1.008613520935502716e+00
1.008595678701848408e+00
1.008577835846842907e+00
1.008559992370468450e+00
1.008542148272706607e+00
1.008524303553539614e+00
1.008506458212949264e+00
1.008488612250917793e+00
1.008470765667426772e+00
1.008452918462458880e+00
1.008435070635995690e+00
1.008417222188019435e+00
1.008399373118511244e+00
1.008381523427454018e+00
1.008363673114829773e+00
1.008345822180620077e+00
1.008327970624807390e+00
1.008310118447372838e+00
1.008292265648299324e+00
1.008274412227568195e+00
1.008256558185162355e+00
1.008238703521062707e+00
1.008220848235251932e+00
1.008202992327712044e+00
1.008185135798424614e+00
1.008167278647371878e+00
1.008149420874535851e+00
1.008131562479898991e+00
1.008113703463442201e+00
1.008095843825148608e+00
1.008077983564999114e+00
1.008060122682977289e+00
1.008042261179063370e+00
1.008024399053240483e+00
1.008006536305490419e+00
1.007988672935795194e+00
1.007970808944136820e+00
1.007952944330496647e+00
1.007935079094858022e+00
1.007917213237201848e+00
1.007899346757510362e+00
1.007881479655765800e+00
1.007863611931950398e+00
1.007845743586045506e+00
1.007827874618033359e+00
1.007810005027896416e+00
1.007792134815616469e+00
1.007774263981175533e+00
1.007756392524554956e+00
1.007738520445737640e+00
1.007720647744705378e+00
1.007702774421439962e+00
1.007684900475923628e+00
1.007667025908138614e+00
1.007649150718066489e+00
1.007631274905689045e+00
1.007613398470989186e+00
1.007595521413948036e+00
1.007577643734548278e+00
1.007559765432771703e+00
1.007541886508600326e+00
1.007524006962015939e+00
1.007506126793001000e+00
1.007488246001537302e+00
1.007470364587606859e+00
1.007452482551191464e+00
1.007434599892273797e+00
1.007416716610835650e+00
1.007398832706858594e+00
1.007380948180325086e+00
1.007363063031217365e+00
1.007345177259516777e+00
1.007327290865205560e+00
1.007309403848266172e+00
1.007291516208680626e+00
1.007273627946430494e+00
1.007255739061497790e+00
1.007237849553865194e+00
1.007219959423514277e+00
1.007202068670427053e+00
1.007184177294585981e+00
1.007166285295972408e+00
1.007148392674569015e+00
1.007130499430357373e+00
1.007112605563319496e+00
1.007094711073438287e+00
1.007076815960694649e+00
1.007058920225071041e+00
1.007041023866550367e+00
1.007023126885113307e+00
1.007005229280742542e+00
1.006987331053420309e+00
1.006969432203127957e+00
1.006951532729848164e+00
1.006933632633563613e+00
1.006915731914254541e+00
1.006897830571904517e+00
1.006879928606495112e+00
1.006862026018008338e+00
1.006844122806425990e+00
1.006826218971730968e+00
1.006808314513904179e+00
1.006790409432928524e+00
1.006772503728785795e+00
1.006754597401458007e+00
1.006736690450927174e+00
1.006718782877175533e+00
1.006700874680185098e+00
1.006682965859937662e+00
1.006665056416415904e+00
1.006647146349601174e+00
1.006629235659475929e+00
1.006611324346021741e+00
1.006593412409221289e+00
1.006575499849057032e+00
1.006557586665509652e+00
1.006539672858562495e+00
1.006521758428196689e+00
1.006503843374394913e+00
1.006485927697138960e+00
1.006468011396410844e+00
1.006450094472193246e+00
1.006432176924467292e+00
1.006414258753215663e+00
1.006396339958420594e+00
1.006378420540063212e+00
1.006360500498126642e+00
1.006342579832592676e+00
1.006324658543442663e+00
1.006306736630659726e+00
1.006288814094225437e+00
1.006270890934121587e+00
1.006252967150330857e+00
1.006235042742834818e+00
1.006217117711615927e+00
1.006199192056656200e+00
1.006181265777937650e+00
1.006163338875442070e+00
1.006145411349151697e+00
1.006127483199048767e+00
1.006109554425115515e+00
1.006091625027333736e+00
1.006073695005685442e+00
1.006055764360153093e+00
1.006037833090718481e+00
1.006019901197363620e+00
1.006001968680070968e+00
1.005984035538821875e+00
1.005966101773599464e+00
1.005948167384384861e+00
1.005930232371160749e+00
1.005912296733909139e+00
1.005894360472611826e+00
1.005876423587251267e+00
1.005858486077809255e+00
1.005840547944268026e+00
1.005822609186609373e+00
1.005804669804816198e+00
1.005786729798870072e+00
1.005768789168752786e+00
1.005750847914446799e+00
1.005732906035934349e+00
1.005714963533196782e+00
1.005697020406217224e+00
1.005679076654977022e+00
1.005661132279458636e+00
1.005643187279644080e+00
1.005625241655515811e+00
1.005607295407055179e+00
1.005589348534244643e+00
1.005571401037066215e+00
1.005553452915502577e+00
1.005535504169535077e+00
1.005517554799146396e+00
1.005499604804317881e+00
1.005481654185032436e+00
1.005463702941271853e+00
1.005445751073018146e+00
1.005427798580253995e+00
1.005409845462960305e+00
1.005391891721120201e+00
1.005373937354715252e+00
1.005355982363728140e+00
1.005338026748140656e+00
1.005320070507935037e+00
1.005302113643092854e+00
1.005284156153597008e+00
1.005266198039429293e+00
1.005248239300571722e+00
1.005230279937006532e+00
1.005212319948715294e+00
1.005194359335681131e+00
1.005176398097885837e+00
1.005158436235310759e+00
1.005140473747938801e+00
1.005122510635751976e+00
1.005104546898732520e+00
1.005086582536862005e+00
1.005068617550123333e+00
1.005050651938497630e+00
1.005032685701967798e+00
1.005014718840515853e+00
1.004996751354123807e+00
1.004978783242773455e+00
1.004960814506447697e+00
1.004942845145127883e+00
1.004924875158796693e+00
1.004906904547436142e+00
1.004888933311028021e+00
1.004870961449555011e+00
1.004852988962998905e+00
1.004835015851341717e+00
1.004817042114565684e+00
1.004799067752653263e+00
1.004781092765585804e+00
1.004763117153346430e+00
1.004745140915916268e+00
1.004727164053278665e+00
1.004709186565414525e+00
1.004691208452306750e+00
1.004673229713937133e+00
1.004655250350287909e+00
1.004637270361341317e+00
1.004619289747079813e+00
1.004601308507484525e+00
1.004583326642538799e+00
1.004565344152223760e+00
1.004547361036522091e+00
1.004529377295415804e+00
1.004511392928887359e+00
1.004493407936918548e+00
1.004475422319491384e+00
1.004457436076588328e+00
1.004439449208191615e+00
1.004421461714283037e+00
1.004403473594845053e+00
1.004385484849859456e+00
1.004367495479308925e+00
1.004349505483175031e+00
1.004331514861440233e+00
1.004313523614086989e+00
1.004295531741096648e+00
1.004277539242452111e+00
1.004259546118135393e+00
1.004241552368128065e+00
1.004223557992412807e+00
1.004205562990972078e+00
1.004187567363787448e+00
1.004169571110841375e+00
1.004151574232115873e+00
1.004133576727593402e+00
1.004115578597255309e+00
1.004097579841084942e+00
1.004079580459063648e+00
1.004061580451173663e+00
1.004043579817397669e+00
1.004025578557717235e+00
1.004007576672114599e+00
1.003989574160572440e+00
1.003971571023072107e+00
1.003953567259596502e+00
1.003935562870127418e+00
1.003917557854647313e+00
1.003899552213138202e+00
1.003881545945581655e+00
1.003863539051960796e+00
1.003845531532257418e+00
1.003827523386453535e+00
1.003809514614531606e+00
1.003791505216473867e+00
1.003773495192262111e+00
1.003755484541878573e+00
1.003737473265305491e+00
1.003719461362525323e+00
1.003701448833520304e+00
1.003683435678272007e+00
1.003665421896763110e+00
1.003647407488975185e+00
1.003629392454891134e+00
1.003611376794492749e+00
1.003593360507762711e+00
1.003575343594682590e+00
1.003557326055234622e+00
1.003539307889401488e+00
1.003521289097164759e+00
1.003503269678507337e+00
1.003485249633410570e+00
1.003467228961857138e+00
1.003449207663829279e+00
1.003431185739309006e+00
1.003413163188278556e+00
1.003395140010720166e+00
1.003377116206615849e+00
1.003359091775948064e+00
1.003341066718699048e+00
1.003323041034850593e+00
1.003305014724385158e+00
1.003286987787284756e+00
1.003268960223531625e+00
1.003250932033108445e+00
1.003232903215997007e+00
1.003214873772179772e+00
1.003196843701638086e+00
1.003178813004354852e+00
1.003160781680312530e+00
1.003142749729492911e+00
1.003124717151878231e+00
1.003106683947450728e+00
1.003088650116192193e+00
1.003070615658085751e+00
1.003052580573113195e+00
1.003034544861256316e+00
1.003016508522497574e+00
1.002998471556819426e+00
1.002980433964203666e+00
1.002962395744632973e+00
1.002944356898089140e+00
1.002926317424554625e+00
1.002908277324011888e+00
1.002890236596442497e+00
1.002872195241828912e+00
1.002854153260153591e+00
1.002836110651398105e+00
1.002818067415545800e+00
1.002800023552578024e+00
1.002781979062477014e+00
1.002763933945225006e+00
1.002745888200805124e+00
1.002727841829198274e+00
1.002709794830387358e+00
1.002691747204353945e+00
1.002673698951081382e+00
1.002655650070551241e+00
1.002637600562745757e+00
1.002619550427647166e+00
1.002601499665237927e+00
1.002583448275499833e+00
1.002565396258415120e+00
1.002547343613966468e+00
1.002529290342135893e+00
1.002511236442905407e+00
1.002493181916257692e+00
1.002475126762174318e+00
1.002457070980638187e+00
1.002439014571631093e+00
1.002420957535135715e+00
1.002402899871133846e+00
1.002384841579607500e+00
1.002366782660539579e+00
1.002348723113911877e+00
1.002330662939706851e+00
1.002312602137906739e+00
1.002294540708493553e+00
1.002276478651449310e+00
1.002258415966757132e+00
1.002240352654398370e+00
1.002222288714355702e+00
1.002204224146611367e+00
1.002186158951147155e+00
1.002168093127946191e+00
1.002150026676989603e+00
1.002131959598260735e+00
1.002113891891741160e+00
1.002095823557413112e+00
1.002077754595259051e+00
1.002059685005261214e+00
1.002041614787401835e+00
1.002023543941662709e+00
1.002005472468026959e+00
1.001987400366476377e+00
1.001969327636992757e+00
1.001951254279559222e+00
1.001933180294157566e+00
1.001915105680769802e+00
1.001897030439378833e+00
1.001878954569966451e+00
1.001860878072514671e+00
1.001842800947006173e+00
1.001824723193423194e+00
1.001806644811747526e+00
1.001788565801962294e+00
1.001770486164049512e+00
1.001752405897990528e+00
1.001734325003768467e+00
1.001716243481365343e+00
1.001698161330763615e+00
1.001680078551945074e+00
1.001661995144892181e+00
1.001643911109587837e+00
1.001625826446013390e+00
1.001607741154151521e+00
1.001589655233984466e+00
1.001571568685494684e+00
1.001553481508664190e+00
1.001535393703474996e+00
1.001517305269909786e+00
1.001499216207950793e+00
1.001481126517580256e+00
1.001463036198779966e+00
1.001444945251533047e+00
1.001426853675821071e+00
1.001408761471626718e+00
1.001390668638932224e+00
1.001372575177719604e+00
1.001354481087971093e+00
1.001336386369669373e+00
1.001318291022796236e+00
1.001300195047334585e+00
1.001282098443266211e+00
1.001264001210573795e+00
1.001245903349239130e+00
1.001227804859244230e+00
1.001209705740572220e+00
1.001191605993204892e+00
1.001173505617124704e+00
1.001155404612314115e+00
1.001137302978755139e+00
1.001119200716429347e+00
1.001101097825320085e+00
1.001082994305410034e+00
1.001064890156679654e+00
1.001046785379112958e+00
1.001028679972691515e+00
1.001010573937397785e+00
1.000992467273214004e+00
1.000974359980122186e+00
1.000956252058105234e+00
1.000938143507144718e+00
1.000920034327222874e+00
1.000901924518323050e+00
1.000883814080426815e+00
1.000865703013516628e+00
1.000847591317574281e+00
1.000829478992582899e+00
1.000811366038524053e+00
1.000793252455380422e+00
1.000775138243134466e+00
1.000757023401767531e+00
1.000738907931263411e+00
1.000720791831603007e+00
1.000702675102769668e+00
1.000684557744744962e+00
1.000666439757511350e+00
1.000648321141051733e+00
1.000630201895347682e+00
1.000612082020381655e+00
1.000593961516136554e+00
1.000575840382593507e+00
1.000557718619735859e+00
1.000539596227545625e+00
1.000521473206005041e+00
1.000503349555096344e+00
1.000485225274801548e+00
1.000467100365104001e+00
1.000448974825985049e+00
1.000430848657427152e+00
1.000412721859412990e+00
1.000394594431924356e+00
1.000376466374944373e+00
1.000358337688454613e+00
1.000340208372437534e+00
1.000322078426875372e+00
1.000303947851751030e+00
1.000285816647046078e+00
1.000267684812743196e+00
1.000249552348824622e+00
1.000231419255272813e+00
1.000213285532070229e+00
1.000195151179198438e+00
1.000177016196640567e+00
1.000158880584378629e+00
1.000140744342394861e+00
1.000122607470671943e+00
1.000104469969191889e+00
1.000086331837936937e+00
1.000068193076889322e+00
1.000050053686031948e+00
1.000031913665346606e+00
1.000013773014815754e+00
9.999956317344220746e-01
9.999774898241472476e-01
9.999593472839740649e-01
9.999412041138850959e-01
9.999230603138618001e-01
9.999049158838874130e-01
9.998867708239438379e-01
9.998686251340134223e-01
9.998504788140782917e-01
9.998323318641211266e-01
9.998141842841241633e-01
9.997960360740697494e-01
9.997778872339403433e-01
9.997597377637179594e-01
9.997415876633850562e-01
9.997234369329245363e-01
9.997052855723176368e-01
9.996871335815473714e-01
9.996689809605963095e-01
9.996508277094462436e-01
9.996326738280799651e-01
9.996145193164793774e-01
9.995963641746270500e-01
9.995782084025056635e-01
9.995600520000970102e-01
9.995418949673836595e-01
9.995237373043479590e-01
9.995055790109723670e-01
9.994874200872391201e-01
9.994692605331302326e-01
9.994511003486288292e-01
9.994329395337164801e-01
9.994147780883761989e-01
9.993966160125896669e-01
9.993784533063400088e-01
9.993602899696091280e-01
9.993421260023790387e-01
9.993239614046329766e-01
9.993057961763522901e-01
9.992876303175201036e-01
9.992694638281182096e-01
9.992512967081295105e-01
9.992331289575361319e-01
9.992149605763200881e-01
9.991967915644643927e-01
9.991786219219511711e-01
9.991604516487624377e-01
9.991422807448810950e-01
9.991241092102890464e-01
9.991059370449686394e-01
9.990877642489027766e-01
9.990695908220731392e-01
9.990514167644626298e-01
9.990332420760531518e-01
9.990150667568277187e-01
9.989968908067684561e-01
9.989787142258571562e-01
9.989605370140767215e-01
9.989423591714092776e-01
9.989241806978373939e-01
9.989060015933435288e-01
9.988878218579100299e-01
9.988696414915189115e-01
9.988514604941527431e-01
9.988332788657942052e-01
9.988150966064254233e-01
9.987969137160285227e-01
9.987787301945859619e-01
9.987605460420806436e-01
9.987423612584945820e-01
9.987241758438099026e-01
9.987059897980093970e-01
9.986878031210753015e-01
9.986696158129898526e-01
9.986514278737358419e-01
9.986332393032948396e-01
9.986150501016501924e-01
9.985968602687836926e-01
9.985786698046782428e-01
9.985604787093154133e-01
9.985422869826781067e-01
9.985240946247485594e-01
9.985059016355095629e-01
9.984877080149427986e-01
9.984695137630311690e-01
9.984513188797573546e-01
9.984331233651028148e-01
9.984149272190504520e-01
9.983967304415829469e-01
9.983785330326826468e-01
9.983603349923312331e-01
9.983421363205117194e-01
9.983239370172062310e-01
9.983057370823971155e-01
9.982875365160672754e-01
9.982693353181987250e-01
9.982511334887737009e-01
9.982329310277749945e-01
9.982147279351846203e-01
9.981965242109855918e-01
9.981783198551598124e-01
9.981601148676891855e-01
9.981419092485573907e-01
9.981237029977458874e-01
9.981054961152371341e-01
9.980872886010139222e-01
9.980690804550582662e-01
9.980508716773529576e-01
9.980326622678800108e-01
9.980144522266223284e-01
9.979962415535614806e-01
9.979780302486807031e-01
9.979598183119622323e-01
9.979416057433886378e-01
9.979233925429416008e-01
9.979051787106036908e-01
9.978869642463582545e-01
9.978687491501866402e-01
9.978505334220719725e-01
9.978323170619963767e-01
9.978141000699420893e-01
9.977958824458914577e-01
9.977776641898277177e-01
9.977594453017324394e-01
9.977412257815881924e-01
9.977230056293775462e-01
9.977047848450830703e-01
9.976865634286868900e-01
9.976683413801714639e-01
9.976501186995195836e-01
9.976318953867130412e-01
9.976136714417346285e-01
9.975954468645672479e-01
9.975772216551919147e-01
9.975589958135926416e-01
9.975407693397508879e-01
9.975225422336494452e-01
9.975043144952708829e-01
9.974860861245968824e-01
9.974678571216107903e-01
9.974496274862945100e-01
9.974313972186302779e-01
9.974131663186014407e-01
9.973949347861894577e-01
9.973767026213768983e-01
9.973584698241468871e-01
9.973402363944813276e-01
9.973220023323626782e-01
9.973037676377732863e-01
9.972855323106954994e-01
9.972672963511127753e-01
9.972490597590061290e-01
9.972308225343586852e-01
9.972125846771530133e-01
9.971943461873713499e-01
9.971761070649958203e-01
9.971578673100096601e-01
9.971396269223944397e-01
9.971213859021332837e-01
9.971031442492080954e-01
9.970849019636016664e-01
9.970666590452961220e-01
9.970484154942745869e-01
9.970301713105190755e-01
9.970119264940116022e-01
9.969936810447352915e-01
9.969754349626726020e-01
9.969571882478052149e-01
9.969389409001163660e-01
9.969206929195878475e-01
9.969024443062027840e-01
9.968841950599435231e-01
9.968659451807918570e-01
9.968476946687309104e-01
9.968294435237426976e-01
9.968111917458102322e-01
9.967929393349155287e-01
9.967746862910413785e-01
9.967564326141694631e-01
9.967381783042830179e-01
9.967199233613646125e-01
9.967016677853959283e-01
9.966834115763599788e-01
9.966651547342391115e-01
9.966468972590157849e-01
9.966286391506724573e-01
9.966103804091916984e-01
9.965921210345556336e-01
9.965738610267469433e-01
9.965556003857485301e-01
9.965373391115420754e-01
9.965190772041104816e-01
9.965008146634362074e-01
9.964825514895014891e-01
9.964642876822892292e-01
9.964460232417812202e-01
9.964277581679604756e-01
9.964094924608093429e-01
9.963912261203102805e-01
9.963729591464460800e-01
9.963546915391985337e-01
9.963364232985506552e-01
9.963181544244844590e-01
9.962998849169830695e-01
9.962816147760280572e-01
9.962633440016031017e-01
9.962450725936895513e-01
9.962268005522704195e-01
9.962085278773280539e-01
9.961902545688449129e-01
9.961719806268038990e-01
9.961537060511869157e-01
9.961354308419766435e-01
9.961171549991556518e-01
9.960988785227065101e-01
9.960806014126115659e-01
9.960623236688528337e-01
9.960440452914134379e-01
9.960257662802760592e-01
9.960074866354224898e-01
9.959892063568354104e-01
9.959709254444976123e-01
9.959526438983913321e-01
9.959343617184992503e-01
9.959160789048037143e-01
9.958977954572869606e-01
9.958795113759321138e-01
9.958612266607212993e-01
9.958429413116369755e-01
9.958246553286614899e-01
9.958063687117776341e-01
9.957880814609677556e-01
9.957697935762145347e-01
9.957515050575000970e-01
9.957332159048075670e-01
9.957149261181187372e-01
9.956966356974163990e-01
9.956783446426827888e-01
9.956600529539011424e-01
9.956417606310535851e-01
9.956234676741221312e-01
9.956051740830899055e-01
9.955868798579389223e-01
9.955685849986523062e-01
9.955502895052124046e-01
9.955319933776007879e-01
9.955136966158013578e-01
9.954953992197955737e-01
9.954771011895666710e-01
9.954588025250964423e-01
9.954405032263680120e-01
9.954222032933638387e-01
9.954039027260656036e-01
9.953856015244570976e-01
9.953672996885197799e-01
9.953489972182367751e-01
9.953306941135903196e-01
9.953123903745632051e-01
9.952940860011377788e-01
9.952757809932962774e-01
9.952574753510213812e-01
9.952391690742959929e-01
9.952208621631024599e-01
9.952025546174226855e-01
9.951842464372399055e-01
9.951659376225362452e-01
9.951476281732944962e-01
9.951293180894972279e-01
9.951110073711263437e-01
9.950926960181653014e-01
9.950743840305958932e-01
9.950560714084007996e-01
9.950377581515627012e-01
9.950194442600643896e-01
9.950011297338876570e-01
9.949828145730155171e-01
9.949644987774307614e-01
9.949461823471154043e-01
9.949278652820517932e-01
9.949095475822231638e-01
9.948912292476114194e-01
9.948729102781996847e-01
9.948545906739700850e-01
9.948362704349051899e-01
9.948179495609877909e-01
9.947996280521997914e-01
9.947813059085242049e-01
9.947629831299438230e-01
9.947446597164408821e-01
9.947263356679975077e-01
9.947080109845968243e-01
9.946896856662214015e-01
9.946713597128533646e-01
9.946530331244753942e-01
9.946347059010702818e-01
9.946163780426201528e-01
9.945980495491079099e-01
9.945797204205155673e-01
9.945613906568263607e-01
9.945430602580227486e-01
9.945247292240868564e-01
9.945063975550013646e-01
9.944880652507487317e-01
9.944697323113118603e-01
9.944513987366733199e-01
9.944330645268150137e-01
9.944147296817203996e-01
9.943963942013710477e-01
9.943780580857501938e-01
9.943597213348400743e-01
9.943413839486235917e-01
9.943230459270828714e-01
9.943047072702008160e-01
9.942863679779595509e-01
9.942680280503420898e-01
9.942496874873310020e-01
9.942313462889083020e-01
9.942130044550572254e-01
9.941946619857597867e-01
9.941763188809987772e-01
9.941579751407566556e-01
9.941396307650162134e-01
9.941212857537599090e-01
9.941029401069702010e-01
9.940845938246295477e-01
9.940662469067211848e-01
9.940478993532265717e-01
9.940295511641288329e-01
9.940112023394108709e-01
9.939928528790548112e-01
9.939745027830435564e-01
9.939561520513592319e-01
9.939378006839848512e-01
9.939194486809026508e-01
9.939010960420950891e-01
9.938827427675455128e-01
9.938643888572354923e-01
9.938460343111482631e-01
9.938276791292659507e-01
9.938093233115719016e-01
9.937909668580476863e-01
9.937726097686766513e-01
9.937542520434408111e-01
9.937358936823230682e-01
9.937175346853058810e-01
9.936991750523720413e-01
9.936808147835041183e-01
9.936624538786841265e-01
9.936440923378954126e-01
9.936257301611197690e-01
9.936073673483408752e-01
9.935890038995401907e-01
9.935706398147008400e-01
9.935522750938053926e-01
9.935339097368363070e-01
9.935155437437763748e-01
9.934971771146077213e-01
9.934788098493134711e-01
9.934604419478760828e-01
9.934420734102779038e-01
9.934237042365017256e-01
9.934053344265298957e-01
9.933869639803452056e-01
9.933685928979304469e-01
9.933502211792677450e-01
9.933318488243400024e-01
9.933134758331296776e-01
9.932951022056198953e-01
9.932767279417923367e-01
9.932583530416300155e-01
9.932399775051157231e-01
9.932216013322319181e-01
9.932032245229611700e-01
9.931848470772859372e-01
9.931664689951892333e-01
9.931480902766529617e-01
9.931297109216605801e-01
9.931113309301937697e-01
9.930929503022360993e-01
9.930745690377693613e-01
9.930561871367766802e-01
9.930378045992404035e-01
9.930194214251432117e-01
9.930010376144676743e-01
9.929826531671965828e-01
9.929642680833120627e-01
9.929458823627973496e-01
9.929274960056344579e-01
9.929091090118064011e-01
9.928907213812957488e-01
9.928723331140848485e-01
9.928539442101567136e-01
9.928355546694935807e-01
9.928171644920782413e-01
9.927987736778932648e-01
9.927803822269214429e-01
9.927619901391447899e-01
9.927435974145470965e-01
9.927252040531096000e-01
9.927068100548157581e-01
9.926884154196481402e-01
9.926700201475890939e-01
9.926516242386214106e-01
9.926332276927274378e-01
9.926148305098904112e-01
9.925964326900923451e-01
9.925780342333161421e-01
9.925596351395442607e-01
9.925412354087594924e-01
9.925228350409439626e-01
9.925044340360814621e-01
9.924860323941535611e-01
9.924676301151430513e-01
9.924492271990331682e-01
9.924308236458055932e-01
9.924124194554436729e-01
9.923940146279297547e-01
9.923756091632465193e-01
9.923572030613765360e-01
9.923387963223027075e-01
9.923203889460073812e-01
9.923019809324732377e-01
9.922835722816827353e-01
9.922651629936187767e-01
9.922467530682643755e-01
9.922283425056015460e-01
9.922099313056129688e-01
9.921915194682814354e-01
9.921731069935895153e-01
9.921546938815201111e-01
9.921362801320554592e-01
9.921178657451783511e-01
9.920994507208716895e-01
9.920810350591177107e-01
9.920626187598992063e-01
9.920442018231989678e-01
9.920257842489995648e-01
9.920073660372836777e-01
9.919889471880337650e-01
9.919705277012326183e-01
9.919521075768630292e-01
9.919336868149072339e-01
9.919152654153479132e-01
9.918968433781683025e-01
9.918784207033505274e-01
9.918599973908773793e-01
9.918415734407312057e-01
9.918231488528953532e-01
9.918047236273521694e-01
9.917862977640842237e-01
9.917678712630740856e-01
9.917494441243039915e-01
9.917310163477576213e-01
9.917125879334169891e-01
9.916941588812651087e-01
9.916757291912841055e-01
9.916572988634569930e-01
9.916388678977664517e-01
9.916204362941948292e-01
9.916020040527253609e-01
9.915835711733401725e-01
9.915651376560224994e-01
9.915467035007541341e-01
9.915282687075183121e-01
9.915098332762976030e-01
9.914913972070749093e-01
9.914729604998324675e-01
9.914545231545532911e-01
9.914360851712198386e-01
9.914176465498150126e-01
9.913992072903211605e-01
9.913807673927209629e-01
9.913623268569974334e-01
9.913438856831329193e-01
9.913254438711105454e-01
9.913070014209126590e-01
9.912885583325213856e-01
9.912701146059202939e-01
9.912516702410916203e-01
9.912332252380181563e-01
9.912147795966826935e-01
9.911963333170678014e-01
9.911778863991560495e-01
9.911594388429301183e-01
9.911409906483729104e-01
9.911225418154665512e-01
9.911040923441947204e-01
9.910856422345390992e-01
9.910671914864827015e-01
9.910487401000084295e-01
9.910302880750991861e-01
9.910118354117367634e-01
9.909933821099045081e-01
9.909749281695852119e-01
9.909564735907612221e-01
9.909380183734153302e-01
9.909195625175298838e-01
9.909011060230883405e-01
9.908826488900728258e-01
9.908641911184663531e-01
9.908457327082511590e-01
9.908272736594100349e-01
9.908088139719261056e-01
9.907903536457819405e-01
9.907718926809599980e-01
9.907534310774429587e-01
9.907349688352133921e-01
9.907165059542546448e-01
9.906980424345488423e-01
9.906795782760791091e-01
9.906611134788274597e-01
9.906426480427771297e-01
9.906241819679105776e-01
9.906057152542109279e-01
9.905872479016605281e-01
9.905687799102421698e-01
9.905503112799380894e-01
9.905318420107318556e-01
9.905133721026054827e-01
9.904949015555419845e-01
9.904764303695238192e-01
9.904579585445342227e-01
9.904394860805555423e-01
9.904210129775703475e-01
9.904025392355615409e-01
9.903840648545118031e-01
9.903655898344042585e-01
9.903471141752204776e-01
9.903286378769440290e-01
9.903101609395579263e-01
9.902916833630442950e-01
9.902732051473859265e-01
9.902547262925655014e-01
9.902362467985658112e-01
9.902177666653696475e-01
9.901992858929599128e-01
9.901808044813189547e-01
9.901623224304294535e-01
9.901438397402746450e-01
9.901253564108367655e-01
9.901068724420984957e-01
9.900883878340432931e-01
9.900699025866528391e-01
9.900514166999102583e-01
9.900329301737984533e-01
9.900144430083002156e-01
9.899959552033981147e-01
9.899774667590748312e-01
9.899589776753131565e-01
9.899404879520957712e-01
9.899219975894054668e-01
9.899035065872249239e-01
9.898850149455369341e-01
9.898665226643241777e-01
9.898480297435693354e-01
9.898295361832551986e-01
9.898110419833644480e-01
9.897925471438798750e-01
9.897740516647841602e-01
9.897555555460600951e-01
9.897370587876903603e-01
9.897185613896579692e-01
9.897000633519451585e-01
9.896815646745350525e-01
9.896630653574104430e-01
9.896445654005536774e-01
9.896260648039475472e-01
9.896075635675751769e-01
9.895890616914190252e-01
9.895705591754619945e-01
9.895520560196866544e-01
9.895335522240757964e-01
9.895150477886121010e-01
9.894965427132785818e-01
9.894780369980578083e-01
9.894595306429323500e-01
9.894410236478856646e-01
9.894225160128991003e-01
9.894040077379568920e-01
9.893854988230411651e-01
9.893669892681342670e-01
9.893484790732198775e-01
9.893299682382797888e-01
9.893114567632974587e-01
9.892929446482551237e-01
9.892744318931360192e-01
9.892559184979226039e-01
9.892374044625977803e-01
9.892188897871440068e-01
9.892003744715444080e-01
9.891818585157817756e-01
9.891633419198385679e-01
9.891448246836974656e-01
9.891263068073414821e-01
9.891077882907532981e-01
9.890892691339158160e-01
9.890707493368119385e-01
9.890522288994237909e-01
9.890337078217346090e-01
9.890151861037270731e-01
9.889966637453838638e-01
9.889781407466879948e-01
9.889596171076222575e-01
9.889410928281687774e-01
9.889225679083110121e-01
9.889040423480314201e-01
9.888855161473132371e-01
9.888669893061383664e-01
9.888484618244899327e-01
9.888299337023512825e-01
9.888114049397045413e-01
9.887928755365325006e-01
9.887743454928182851e-01
9.887558148085445753e-01
9.887372834836939406e-01
9.887187515182493946e-01
9.887002189121936180e-01
9.886816856655091801e-01
9.886631517781790945e-01
9.886446172501863749e-01
9.886260820815133687e-01
9.886075462721430895e-01
9.885890098220579958e-01
9.885704727312414342e-01
9.885519349996758631e-01
9.885333966273437412e-01
9.885148576142280819e-01
9.884963179603124539e-01
9.884777776655786496e-01
9.884592367300095717e-01
9.884406951535885666e-01
9.884221529362979819e-01
9.884036100781206091e-01
9.883850665790394618e-01
9.883665224390372206e-01
9.883479776580963438e-01
9.883294322362001783e-01
9.883108861733314043e-01
9.882923394694720365e-01
9.882737921246059765e-01
9.882552441387159048e-01
9.882366955117840579e-01
9.882181462437931163e-01
9.881995963347263157e-01
9.881810457845665585e-01
9.881624945932963033e-01
9.881439427608986747e-01
9.881253902873561312e-01
9.881068371726514643e-01
9.880882834167680207e-01
9.880697290196878146e-01
9.880511739813944150e-01
9.880326183018701691e-01
9.880140619810979796e-01
9.879955050190605270e-01
9.879769474157408249e-01
9.879583891711215538e-01
9.879398302851858382e-01
9.879212707579159147e-01
9.879027105892949079e-01
9.878841497793057203e-01
9.878655883279309213e-01
9.878470262351536357e-01
9.878284635009565440e-01
9.878099001253222156e-01
9.877913361082337751e-01
9.877727714496742362e-01
9.877542061496256132e-01
9.877356402080714748e-01
9.877170736249940575e-01
9.876985064003771519e-01
9.876799385342024395e-01
9.876613700264534890e-01
9.876428008771125366e-01
9.876242310861632623e-01
9.876056606535875693e-01
9.875870895793686932e-01
9.875685178634896477e-01
9.875499455059328913e-01
9.875313725066814374e-01
9.875127988657178557e-01
9.874942245830256038e-01
9.874756496585869181e-01
9.874570740923847012e-01
9.874384978844019667e-01
9.874199210346213951e-01
9.874013435430259999e-01
9.873827654095985729e-01
9.873641866343217943e-01
9.873456072171783449e-01
9.873270271581517932e-01
9.873084464572241536e-01
9.872898651143786619e-01
9.872712831295981095e-01
9.872527005028651770e-01
9.872341172341626558e-01
9.872155333234735597e-01
9.871969487707811242e-01
9.871783635760676967e-01
9.871597777393160689e-01
9.871411912605091432e-01
9.871226041396299333e-01
9.871040163766611197e-01
9.870854279715858270e-01
9.870668389243862917e-01
9.870482492350460824e-01
9.870296589035476575e-01
9.870110679298734757e-01
9.869924763140074386e-01
9.869738840559315607e-01
9.869552911556288555e-01
9.869366976130821145e-01
9.869181034282747955e-01
9.868995086011888018e-01
9.868809131318074801e-01
9.868623170201137329e-01
9.868437202660903518e-01
9.868251228697202393e-01
9.868065248309858539e-01
9.867879261498706533e-01
9.867693268263572071e-01
9.867507268604283066e-01
9.867321262520668546e-01
9.867135250012555314e-01
9.866949231079777949e-01
9.866763205722159924e-01
9.866577173939528045e-01
9.866391135731716888e-01
9.866205091098552149e-01
9.866019040039863963e-01
9.865832982555475805e-01
9.865646918645222252e-01
9.865460848308930109e-01
9.865274771546425070e-01
9.865088688357541713e-01
9.864902598742101292e-01
9.864716502699940603e-01
9.864530400230882012e-01
9.864344291334757875e-01
9.864158176011392776e-01
9.863972054260619071e-01
9.863785926082270228e-01
9.863599791476161949e-01
9.863413650442132141e-01
9.863227502980010941e-01
9.863041349089622933e-01
9.862855188770796033e-01
9.862669022023360377e-01
9.862482848847148320e-01
9.862296669241982228e-01
9.862110483207696676e-01
9.861924290744116250e-01
9.861738091851073307e-01
9.861551886528393540e-01
9.861365674775908197e-01
9.861179456593446302e-01
9.860993231980833551e-01
9.860807000937901190e-01
9.860620763464478244e-01
9.860434519560390410e-01
9.860248269225472262e-01
9.860062012459548386e-01
9.859875749262446698e-01
9.859689479634002884e-01
9.859503203574035979e-01
9.859316921082383889e-01
9.859130632158870089e-01
9.858944336803324715e-01
9.858758035015576793e-01
9.858571726795457568e-01
9.858385412142792736e-01
9.858199091057413543e-01
9.858012763539146794e-01
9.857826429587823736e-01
9.857640089203267841e-01
9.857453742385319240e-01
9.857267389133798074e-01
9.857081029448532261e-01
9.856894663329355266e-01
9.856708290776096115e-01
9.856521911788579393e-01
9.856335526366644118e-01
9.856149134510109322e-01
9.855962736218804032e-01
9.855776331492562825e-01
9.855589920331214726e-01
9.855403502734582100e-01
9.855217078702500633e-01
9.855030648234799351e-01
9.854844211331301729e-01
9.854657767991843453e-01
9.854471318216245779e-01
9.854284862004349943e-01
9.854098399355971649e-01
9.853911930270948805e-01
9.853725454749107104e-01
9.853538972790275574e-01
9.853352484394285460e-01
9.853165989560966898e-01
9.852979488290142251e-01
9.852792980581648319e-01
9.852606466435314125e-01
9.852419945850960925e-01
9.852233418828425515e-01
9.852046885367535811e-01
9.851860345468116398e-01
9.851673799130001852e-01
9.851487246353018978e-01
9.851300687136999024e-01
9.851114121481772123e-01
9.850927549387160642e-01
9.850740970853001377e-01
9.850554385879118913e-01
9.850367794465346716e-01
9.850181196611506040e-01
9.849994592317438125e-01
9.849807981582963112e-01
9.849621364407915580e-01
9.849434740792120113e-01
9.849248110735406847e-01
9.849061474237611469e-01
9.848874831298553012e-01
9.848688181918070494e-01
9.848501526095988501e-01
9.848314863832136057e-01
9.848128195126341078e-01
9.847941519978439251e-01
9.847754838388256271e-01
9.847568150355615613e-01
9.847381455880360734e-01
9.847194754962307339e-01
9.847008047601291114e-01
9.846821333797139975e-01
9.846634613549688497e-01
9.846447886858757936e-01
9.846261153724183979e-01
9.846074414145791209e-01
9.845887668123408654e-01
9.845700915656871999e-01
9.845514156746008050e-01
9.845327391390644722e-01
9.845140619590613262e-01
9.844953841345741585e-01
9.844767056655862048e-01
9.844580265520800344e-01
9.844393467940386611e-01
9.844206663914450983e-01
9.844019853442824708e-01
9.843833036525335700e-01
9.843646213161814096e-01
9.843459383352091141e-01
9.843272547095993641e-01
9.843085704393353952e-01
9.842898855243996659e-01
9.842711999647754118e-01
9.842525137604458685e-01
9.842338269113937166e-01
9.842151394176021917e-01
9.841964512790536412e-01
9.841777624957315229e-01
9.841590730676189613e-01
9.841403829946988591e-01
9.841216922769534525e-01
9.841030009143668655e-01
9.840843089069208904e-01
9.840656162545992069e-01
9.840469229573848287e-01
9.840282290152603251e-01
9.840095344282089318e-01
9.839908391962137735e-01
9.839721433192571975e-01
9.839534467973227727e-01
9.839347496303934015e-01
9.839160518184520976e-01
9.838973533614815414e-01
9.838786542594646356e-01
9.838599545123848378e-01
9.838412541202248285e-01
9.838225530829678434e-01
9.838038514005964519e-01
9.837851490730938897e-01
9.837664461004429484e-01
9.837477424826267525e-01
9.837290382196286487e-01
9.837103333114310955e-01
9.836916277580166623e-01
9.836729215593696951e-01
9.836542147154719862e-01
9.836355072263068822e-01
9.836167990918577297e-01
9.835980903121069874e-01
9.835793808870380017e-01
9.835606708166335643e-01
9.835419601008766888e-01
9.835232487397506107e-01
9.835045367332381216e-01
9.834858240813219021e-01
9.834671107839854098e-01
9.834483968412116583e-01
9.834296822529831061e-01
9.834109670192836550e-01
9.833922511400950972e-01
9.833735346154016677e-01
9.833548174451854917e-01
9.833360996294299161e-01
9.833173811681181764e-01
9.832986620612328421e-01
9.832799423087571489e-01
9.832612219106738882e-01
9.832425008669660738e-01
9.832237791776173852e-01
9.832050568426099479e-01
9.831863338619266646e-01
9.831676102355514368e-01
9.831488859634668342e-01
9.831301610456557594e-01
9.831114354821013368e-01
9.830927092727865801e-01
9.830739824176946140e-01
9.830552549168078968e-01
9.830365267701103305e-01
9.830177979775842623e-01
9.829990685392129279e-01
9.829803384549791190e-01
9.829616077248660710e-01
9.829428763488570198e-01
9.829241443269344236e-01
9.829054116590818513e-01
9.828866783452820943e-01
9.828679443855179443e-01
9.828492097797727478e-01
9.828304745280296295e-01
9.828117386302713809e-01
9.827930020864805716e-01
9.827742648966412142e-01
9.827555270607357674e-01
9.827367885787470225e-01
9.827180494506585484e-01
9.826993096764530256e-01
9.826805692561134675e-01
9.826618281896233320e-01
9.826430864769647444e-01
9.826243441181222726e-01
9.826056011130770429e-01
9.825868574618134010e-01
9.825681131643140276e-01
9.825493682205618251e-01
9.825306226305401402e-01
9.825118763942316535e-01
9.824931295116198227e-01
9.824743819826873281e-01
9.824556338074171835e-01
9.824368849857922914e-01
9.824181355177965536e-01
9.823993854034120954e-01
9.823806346426223746e-01
9.823618832354101826e-01
9.823431311817586442e-01
9.823243784816514390e-01
9.823056251350702484e-01
9.822868711419991961e-01
9.822681165024209626e-01
9.822493612163188947e-01
9.822306052836757839e-01
9.822118487044744217e-01
9.821930914786987099e-01
9.821743336063307739e-01
9.821555750873537383e-01
9.821368159217515048e-01
9.821180561095060879e-01
9.820992956506010563e-01
9.820805345450198676e-01
9.820617727927447582e-01
9.820430103937591859e-01
9.820242473480462753e-01
9.820054836555891509e-01
9.819867193163702712e-01
9.819679543303735381e-01
9.819491886975814099e-01
9.819304224179770113e-01
9.819116554915435779e-01
9.818928879182646785e-01
9.818741196981222163e-01
9.818553508310996492e-01
9.818365813171806566e-01
9.818178111563479193e-01
9.817990403485843398e-01
9.817802688938731537e-01
9.817614967921975966e-01
9.817427240435404601e-01
9.817239506478845357e-01
9.817051766052139472e-01
9.816864019155102650e-01
9.816676265787579458e-01
9.816488505949392263e-01
9.816300739640377859e-01
9.816112966860360833e-01
9.815925187609172431e-01
9.815737401886649449e-01
9.815549609692616473e-01
9.815361811026908079e-01
9.815174005889354403e-01
9.814986194279785581e-01
9.814798376198028418e-01
9.814610551643917491e-01
9.814422720617286267e-01
9.814234883117964880e-01
9.814047039145780138e-01
9.813859188700565506e-01
9.813671331782148899e-01
9.813483468390364894e-01
9.813295598525044738e-01
9.813107722186014126e-01
9.812919839373109854e-01
9.812731950086162058e-01
9.812544054324998655e-01
9.812356152089448669e-01
9.812168243379350008e-01
9.811980328194527257e-01
9.811792406534814992e-01
9.811604478400046681e-01
9.811416543790044686e-01
9.811228602704645807e-01
9.811040655143681288e-01
9.810852701106977936e-01
9.810664740594374766e-01
9.810476773605694145e-01
9.810288800140769538e-01
9.810100820199434413e-01
9.809912833781518904e-01
9.809724840886855368e-01
9.809536841515268391e-01
9.809348835666598099e-01
9.809160823340667967e-01
9.808972804537314794e-01
9.808784779256364272e-01
9.808596747497654311e-01
9.808408709261007274e-01
9.808220664546259959e-01
9.808032613353240281e-01
9.807844555681785037e-01
9.807656491531719922e-01
9.807468420902877293e-01
9.807280343795090616e-01
9.807092260208187806e-01
9.806904170142004551e-01
9.806716073596363215e-01
9.806527970571102815e-01
9.806339861066051267e-01
9.806151745081044258e-01
9.805963622615908593e-01
9.805775493670473297e-01
9.805587358244575169e-01
9.805399216338041013e-01
9.805211067950704296e-01
9.805022913082397373e-01
9.804834751732951492e-01
9.804646583902193457e-01
9.804458409589956736e-01
9.804270228796072573e-01
9.804082041520376656e-01
9.803893847762694680e-01
9.803705647522859001e-01
9.803517440800703087e-01
9.803329227596054851e-01
9.803141007908747762e-01
9.802952781738614174e-01
9.802764549085486445e-01
9.802576309949188049e-01
9.802388064329559114e-01
9.802199812226427555e-01
9.802011553639623509e-01
9.801823288568981551e-01
9.801635017014329598e-01
9.801446738975504447e-01
9.801258454452328461e-01
9.801070163444641770e-01
9.800881865952271177e-01
9.800693561975049040e-01
9.800505251512808824e-01
9.800316934565377336e-01
9.800128611132593592e-01
9.799940281214279958e-01
9.799751944810272120e-01
9.799563601920401323e-01
9.799375252544502146e-01
9.799186896682403614e-01
9.798998534333933641e-01
9.798810165498925695e-01
9.798621790177218793e-01
9.798433408368631969e-01
9.798245020073006462e-01
9.798056625290166854e-01
9.797868224019951056e-01
9.797679816262188091e-01
9.797491402016705875e-01
9.797302981283343426e-01
9.797114554061925329e-01
9.796926120352288381e-01
9.796737680154258276e-01
9.796549233467672924e-01
9.796360780292359127e-01
9.796172320628150354e-01
9.795983854474880070e-01
9.795795381832376192e-01
9.795606902700472185e-01
9.795418417078999296e-01
9.795229924967790991e-01
9.795041426366678516e-01
9.794852921275490898e-01
9.794664409694063822e-01
9.794475891622224095e-01
9.794287367059808513e-01
9.794098836006644992e-01
9.793910298462568109e-01
9.793721754427405779e-01
9.793533203900991468e-01
9.793344646883156424e-01
9.793156083373740772e-01
9.792967513372560218e-01
9.792778936879460439e-01
9.792590353894267130e-01
9.792401764416809318e-01
9.792213168446926019e-01
9.792024565984445150e-01
9.791835957029199067e-01
9.791647341581017905e-01
9.791458719639734021e-01
9.791270091205180881e-01
9.791081456277189732e-01
9.790892814855592929e-01
9.790704166940220610e-01
9.790515512530907349e-01
9.790326851627481064e-01
9.790138184229778551e-01
9.789949510337626615e-01
9.789760829950858723e-01
9.789572143069311672e-01
9.789383449692810046e-01
9.789194749821189534e-01
9.789006043454281381e-01
9.788817330591919053e-01
9.788628611233932686e-01
9.788439885380153527e-01
9.788251153030413931e-01
9.788062414184550697e-01
9.787873668842385078e-01
9.787684917003763863e-01
9.787496158668507196e-01
9.787307393836449654e-01
9.787118622507425814e-01
9.786929844681264701e-01
9.786741060357800892e-01
9.786552269536865634e-01
9.786363472218292392e-01
9.786174668401913523e-01
9.785985858087552502e-01
9.785797041275051678e-01
9.785608217964242295e-01
9.785419388154947828e-01
9.785230551847010627e-01
9.785041709040256386e-01
9.784852859734523012e-01
9.784664003929636200e-01
9.784475141625429417e-01
9.784286272821739461e-01
9.784097397518388695e-01
9.783908515715223908e-01
9.783719627412064135e-01
9.783530732608748393e-01
9.783341831305106817e-01
9.783152923500971765e-01
9.782964009196176702e-01
9.782775088390551765e-01
9.782586161083929310e-01
9.782397227276141694e-01
9.782208286967021271e-01
9.782019340156404841e-01
9.781830386844115877e-01
9.781641427029994507e-01
9.781452460713868646e-01
9.781263487895571762e-01
9.781074508574938431e-01
9.780885522751795458e-01
9.780696530425977420e-01
9.780507531597321114e-01
9.780318526265654455e-01
9.780129514430809801e-01
9.779940496092618396e-01
9.779751471250917039e-01
9.779562439905532534e-01
9.779373402056302789e-01
9.779184357703057939e-01
9.778995306845630342e-01
9.778806249483851243e-01
9.778617185617554108e-01
9.778428115246572405e-01
9.778239038370734049e-01
9.778049954989876946e-01
9.777860865103829013e-01
9.777671768712427047e-01
9.777482665815501184e-01
9.777293556412882669e-01
9.777104440504406080e-01
9.776915318089902662e-01
9.776726189169206993e-01
9.776537053742150318e-01
9.776347911808564994e-01
9.776158763368282267e-01
9.775969608421134494e-01
9.775780446966954029e-01
9.775591279005576562e-01
9.775402104536836667e-01
9.775212923560558931e-01
9.775023736076581260e-01
9.774834542084734901e-01
9.774645341584852209e-01
9.774456134576766653e-01
9.774266921060309476e-01
9.774077701035314147e-01
9.773888474501614132e-01
9.773699241459038456e-01
9.773510001907427247e-01
9.773320755846606200e-01
9.773131503276411003e-01
9.772942244196669570e-01
9.772752978607220919e-01
9.772563706507895187e-01
9.772374427898525839e-01
9.772185142778941902e-01
9.771995851148983503e-01
9.771806553008476337e-01
9.771617248357253871e-01
9.771427937195150681e-01
9.771238619522002455e-01
9.771049295337633778e-01
9.770859964641889217e-01
9.770670627434591138e-01
9.770481283715573007e-01
9.770291933484678282e-01
9.770102576741723777e-01
9.769913213486551840e-01
9.769723843718998157e-01
9.769534467438887315e-01
9.769345084646059441e-01
9.769155695340341339e-01
9.768966299521570917e-01
9.768776897189576092e-01
9.768587488344192549e-01
9.768398072985255975e-01
9.768208651112589846e-01
9.768019222726038731e-01
9.767829787825428323e-01
9.767821641621913242e-01
