1.000000000000000000e+00
1.000000562111749813e+00
1.000027327603975946e+00
1.000054091272094769e+00
1.000080853115420609e+00
1.000107613133266460e+00
1.000134371324947091e+00
1.000161127689775054e+00
1.000187882227064895e+00
1.000214634936128943e+00
1.000241385816280859e+00
1.000268134866832748e+00
1.000294882087098491e+00
1.000321627476390640e+00
1.000348371034021522e+00
1.000375112759304352e+00
1.000401852651550128e+00
1.000428590710072063e+00
1.000455326934182487e+00
1.000482061323192617e+00
1.000508793876414781e+00
1.000535524593159753e+00
1.000562253472740526e+00
1.000588980514467652e+00
1.000615705717652792e+00
1.000642429081606721e+00
1.000669150605640656e+00
1.000695870289065370e+00
1.000722588131192081e+00
1.000749304131331563e+00
1.000776018288792590e+00
1.000802730602888158e+00
1.000829441072926596e+00
1.000856149698219344e+00
1.000882856478074956e+00
1.000909561411804205e+00
1.000936264498717199e+00
1.000962965738122712e+00
1.000989665129330630e+00
1.001016362671650173e+00
1.001043058364390115e+00
1.001069752206860342e+00
1.001096444198368740e+00
1.001123134338225418e+00
1.001149822625738262e+00
1.001176509060216047e+00
1.001203193640966882e+00
1.001229876367298655e+00
1.001256557238520584e+00
1.001283236253940778e+00
1.001309913412865793e+00
1.001336588714604181e+00
1.001363262158463607e+00
1.001389933743752181e+00
1.001416603469775346e+00
1.001443271335842544e+00
1.001469937341258998e+00
1.001496601485332816e+00
1.001523263767370553e+00
1.001549924186679208e+00
1.001576582742564892e+00
1.001603239434334158e+00
1.001629894261292453e+00
1.001656547222747884e+00
1.001683198318005452e+00
1.001709847546370380e+00
1.001736494907148556e+00
1.001763140399648089e+00
1.001789784023171093e+00
1.001816425777024788e+00
1.001843065660513954e+00
1.001869703672944034e+00
1.001896339813619363e+00
1.001922974081845386e+00
1.001949606476926657e+00
1.001976236998167735e+00
1.002002865644873619e+00
1.002029492416347312e+00
1.002056117311893813e+00
1.002082740330817456e+00
1.002109361472422355e+00
1.002135980736011067e+00
1.002162598120887704e+00
1.002189213626356823e+00
1.002215827251721203e+00
1.002242438996283180e+00
1.002269048859347311e+00
1.002295656840215488e+00
1.002322262938191599e+00
1.002348867152577316e+00
1.002375469482676529e+00
1.002402069927790240e+00
1.002428668487221897e+00
1.002455265160272724e+00
1.002481859946245724e+00
1.002508452844443232e+00
1.002535043854164920e+00
1.002561632974714900e+00
1.002588220205393066e+00
1.002614805545501975e+00
1.002641388994342186e+00
1.002667970551214260e+00
1.002694550215421199e+00
1.002721127986261784e+00
1.002747703863037687e+00
1.002774277845050355e+00
1.002800849931598348e+00
1.002827420121983559e+00
1.002853988415505215e+00
1.002880554811464098e+00
1.002907119309160322e+00
1.002933681907893559e+00
1.002960242606962149e+00
1.002986801405666872e+00
1.003013358303307401e+00
1.003039913299183405e+00
1.003066466392592337e+00
1.003093017582834534e+00
1.003119566869208334e+00
1.003146114251012744e+00
1.003172659727545879e+00
1.003199203298107189e+00
1.003225744961994570e+00
1.003252284718506360e+00
1.003278822566940010e+00
1.003305358506594080e+00
1.003331892536766690e+00
1.003358424656754622e+00
1.003384954865855994e+00
1.003411483163368034e+00
1.003438009548588417e+00
1.003464534020813481e+00
1.003491056579341567e+00
1.003517577223468127e+00
1.003544095952491055e+00
1.003570612765706915e+00
1.003597127662411381e+00
1.003623640641900572e+00
1.003650151703471938e+00
1.003676660846421376e+00
1.003703168070044782e+00
1.003729673373636500e+00
1.003756176756494645e+00
1.003782678217912894e+00
1.003809177757187587e+00
1.003835675373613512e+00
1.003862171066486786e+00
1.003888664835101308e+00
1.003915156678751641e+00
1.003941646596734572e+00
1.003968134588342664e+00
1.003994620652872261e+00
1.004021104789615482e+00
1.004047586997868668e+00
1.004074067276924387e+00
1.004100545626077423e+00
1.004127022044621231e+00
1.004153496531850376e+00
1.004179969087056978e+00
1.004206439709535825e+00
1.004232908398579260e+00
1.004259375153481182e+00
1.004285839973533268e+00
1.004312302858030082e+00
1.004338763806263524e+00
1.004365222817525938e+00
1.004391679891110778e+00
1.004418135026310166e+00
1.004444588222415335e+00
1.004471039478719296e+00
1.004497488794514171e+00
1.004523936169090526e+00
1.004550381601741593e+00
1.004576825091757719e+00
1.004603266638431025e+00
1.004629706241052745e+00
1.004656143898914555e+00
1.004682579611305471e+00
1.004709013377518723e+00
1.004735445196843990e+00
1.004761875068571841e+00
1.004788302991992621e+00
1.004814728966397341e+00
1.004841152991075903e+00
1.004867575065317986e+00
1.004893995188414157e+00
1.004920413359654097e+00
1.004946829578327261e+00
1.004973243843722885e+00
1.004999656155130872e+00
1.005026066511840677e+00
1.005052474913141092e+00
1.005078881358320686e+00
1.005105285846669361e+00
1.005131688377475907e+00
1.005158088950027784e+00
1.005184487563613782e+00
1.005210884217523359e+00
1.005237278911042864e+00
1.005263671643461976e+00
1.005290062414067709e+00
1.005316451222149077e+00
1.005342838066991762e+00
1.005369222947885222e+00
1.005395605864115360e+00
1.005421986814970303e+00
1.005448365799737287e+00
1.005474742817702882e+00
1.005501117868154104e+00
1.005527490950377745e+00
1.005553862063660153e+00
1.005580231207288122e+00
1.005606598380547778e+00
1.005632963582725470e+00
1.005659326813106880e+00
1.005685688070978578e+00
1.005712047355624916e+00
1.005738404666334018e+00
1.005764760002389346e+00
1.005791113363077027e+00
1.005817464747680967e+00
1.005843814155488625e+00
1.005870161585783906e+00
1.005896507037850940e+00
1.005922850510976074e+00
1.005949192004442327e+00
1.005975531517534938e+00
1.006001869049537589e+00
1.006028204599735298e+00
1.006054538167411083e+00
1.006080869751849738e+00
1.006107199352335169e+00
1.006133526968149727e+00
1.006159852598578652e+00
1.006186176242903185e+00
1.006212497900408787e+00
1.006238817570376920e+00
1.006265135252090825e+00
1.006291450944834853e+00
1.006317764647889801e+00
1.006344076360538464e+00
1.006370386082064305e+00
1.006396693811748788e+00
1.006422999548874264e+00
1.006449303292722641e+00
1.006475605042576049e+00
1.006501904797716174e+00
1.006528202557423368e+00
1.006554498320981761e+00
1.006580792087671039e+00
1.006607083856771778e+00
1.006633373627566552e+00
1.006659661399335048e+00
1.006685947171358730e+00
1.006712230942918396e+00
1.006738512713293066e+00
1.006764792481766202e+00
1.006791070247614606e+00
1.006817346010120851e+00
1.006843619768563292e+00
1.006869891522224281e+00
1.006896161270379730e+00
1.006922429012312437e+00
1.006948694747300754e+00
1.006974958474623705e+00
1.007001220193560531e+00
1.007027479903390699e+00
1.007053737603392563e+00
1.007079993292845366e+00
1.007106246971026797e+00
1.007132498637216544e+00
1.007158748290692740e+00
1.007184995930733962e+00
1.007211241556616788e+00
1.007237485167620239e+00
1.007263726763022671e+00
1.007289966342100440e+00
1.007316203904131680e+00
1.007342439448393856e+00
1.007368672974164658e+00
1.007394904480721110e+00
1.007421133967339344e+00
1.007447361433296384e+00
1.007473586877870364e+00
1.007499810300336085e+00
1.007526031699971014e+00
1.007552251076051286e+00
1.007578468427853258e+00
1.007604683754653063e+00
1.007630897055726171e+00
1.007657108330348494e+00
1.007683317577796167e+00
1.007709524797343548e+00
1.007735729988266993e+00
1.007761933149841527e+00
1.007788134281342396e+00
1.007814333382044181e+00
1.007840530451222349e+00
1.007866725488150372e+00
1.007892918492103718e+00
1.007919109462357410e+00
1.007945298398184253e+00
1.007971485298859715e+00
1.007997670163657267e+00
1.008023852991850822e+00
1.008050033782713184e+00
1.008076212535519600e+00
1.008102389249541986e+00
1.008128563924055587e+00
1.008154736558332099e+00
1.008180907151644545e+00
1.008207075703266842e+00
1.008233242212471126e+00
1.008259406678529313e+00
1.008285569100715540e+00
1.008311729478301944e+00
1.008337887810559108e+00
1.008364044096760503e+00
1.008390198336177823e+00
1.008416350528083205e+00
1.008442500671747677e+00
1.008468648766443598e+00
1.008494794811441775e+00
1.008520938806013456e+00
1.008547080749430336e+00
1.008573220640963441e+00
1.008599358479882246e+00
1.008625494265459555e+00
1.008651627996964617e+00
1.008677759673668461e+00
1.008703889294841005e+00
1.008730016859753054e+00
1.008756142367673636e+00
1.008782265817874002e+00
1.008808387209622737e+00
1.008834506542190423e+00
1.008860623814846535e+00
1.008886739026858770e+00
1.008912852177498820e+00
1.008938963266034161e+00
1.008965072291734488e+00
1.008991179253868165e+00
1.009017284151704219e+00
1.009043386984511015e+00
1.009069487751556915e+00
1.009095586452110949e+00
1.009121683085439924e+00
1.009147777650812650e+00
1.009173870147497043e+00
1.009199960574761246e+00
1.009226048931871844e+00
1.009252135218096535e+00
1.009278219432703239e+00
1.009304301574958984e+00
1.009330381644129249e+00
1.009356459639483727e+00
1.009382535560287009e+00
1.009408609405807677e+00
1.009434681175310100e+00
1.009460750868061307e+00
1.009486818483328552e+00
1.009512884020377088e+00
1.009538947478472837e+00
1.009565008856881274e+00
1.009591068154868765e+00
1.009617125371700785e+00
1.009643180506643256e+00
1.009669233558959878e+00
1.009695284527916570e+00
1.009721333412779032e+00
1.009747380212811185e+00
1.009773424927277841e+00
1.009799467555443586e+00
1.009825508096573898e+00
1.009851546549931811e+00
1.009877582914781913e+00
1.009903617190388792e+00
1.009929649376015037e+00
1.009955679470925904e+00
1.009981707474384205e+00
1.010007733385652529e+00
1.010033757203995908e+00
1.010059778928677376e+00
1.010085798558958192e+00
1.010111816094102943e+00
1.010137831533374220e+00
1.010163844876034389e+00
1.010189856121346486e+00
1.010215865268571767e+00
1.010241872316974154e+00
1.010267877265813796e+00
1.010293880114354392e+00
1.010319880861855646e+00
1.010345879507581701e+00
1.010371876050792705e+00
1.010397870490750138e+00
1.010423862826715480e+00
1.010449853057950653e+00
1.010475841183715806e+00
1.010501827203271086e+00
1.010527811115878416e+00
1.010553792920798166e+00
1.010579772617290484e+00
1.010605750204615294e+00
1.010631725682033633e+00
1.010657699048806091e+00
1.010683670304190596e+00
1.010709639447447961e+00
1.010735606477838333e+00
1.010761571394619862e+00
1.010787534197054471e+00
1.010813494884397423e+00
1.010839453455910641e+00
1.010865409910853385e+00
1.010891364248482693e+00
1.010917316468058047e+00
1.010943266568836929e+00
1.010969214550079931e+00
1.010995160411044536e+00
1.011021104150986893e+00
1.011047045769167152e+00
1.011072985264841906e+00
1.011098922637269304e+00
1.011124857885707495e+00
1.011150791009413075e+00
1.011176722007643525e+00
1.011202650879655440e+00
1.011228577624707414e+00
1.011254502242055153e+00
1.011280424730954142e+00
1.011306345090664083e+00
1.011332263320438685e+00
1.011358179419534542e+00
1.011384093387209138e+00
1.011410005222717956e+00
1.011435914925316704e+00
1.011461822494261309e+00
1.011487727928806812e+00
1.011513631228209587e+00
1.011539532391724228e+00
1.011565431418606220e+00
1.011591328308110382e+00
1.011617223059491755e+00
1.011643115672005822e+00
1.011669006144905847e+00
1.011694894477447759e+00
1.011720780668884601e+00
1.011746664718471633e+00
1.011772546625461899e+00
1.011798426389110439e+00
1.011824304008670516e+00
1.011850179483396284e+00
1.011876052812540561e+00
1.011901923995356611e+00
1.011927793031098588e+00
1.011953659919018644e+00
1.011979524658370266e+00
1.012005387248406496e+00
1.012031247688379487e+00
1.012057105977542504e+00
1.012082962115147255e+00
1.012108816100446562e+00
1.012134667932691467e+00
1.012160517611135679e+00
1.012186365135029131e+00
1.012212210503625087e+00
1.012238053716175035e+00
1.012263894771929129e+00
1.012289733670140190e+00
1.012315570410058818e+00
1.012341404990934723e+00
1.012367237412020948e+00
1.012393067672566982e+00
1.012418895771824312e+00
1.012444721709041762e+00
1.012470545483471263e+00
1.012496367094362526e+00
1.012522186540965041e+00
1.012548003822529408e+00
1.012573818938305337e+00
1.012599631887542095e+00
1.012625442669489173e+00
1.012651251283396725e+00
1.012677057728512686e+00
1.012702862004086990e+00
1.012728664109368237e+00
1.012754464043604807e+00
1.012780261806046855e+00
1.012806057395940984e+00
1.012831850812537127e+00
1.012857642055082552e+00
1.012883431122825861e+00
1.012909218015014323e+00
1.012935002730896539e+00
1.012960785269719999e+00
1.012986565630732194e+00
1.013012343813180172e+00
1.013038119816311644e+00
1.013063893639372770e+00
1.013089665281612151e+00
1.013115434742275278e+00
1.013141202020608755e+00
1.013166967115861183e+00
1.013192730027276500e+00
1.013218490754101753e+00
1.013244249295583543e+00
1.013270005650967143e+00
1.013295759819498931e+00
1.013321511800425290e+00
1.013347261592990378e+00
1.013373009196440799e+00
1.013398754610020491e+00
1.013424497832976279e+00
1.013450238864551434e+00
1.013475977703991671e+00
1.013501714350542482e+00
1.013527448803447584e+00
1.013553181061951580e+00
1.013578911125298410e+00
1.013604638992732454e+00
1.013630364663498762e+00
1.013656088136839717e+00
1.013681809411999257e+00
1.013707528488222431e+00
1.013733245364750957e+00
1.013758960040829438e+00
1.013784672515699592e+00
1.013810382788606468e+00
1.013836090858791117e+00
1.013861796725497255e+00
1.013887500387967711e+00
1.013913201845444201e+00
1.013938901097169998e+00
1.013964598142385931e+00
1.013990292980334607e+00
1.014015985610259518e+00
1.014041676031400163e+00
1.014067364242999369e+00
1.014093050244298411e+00
1.014118734034539004e+00
1.014144415612961092e+00
1.014170094978807724e+00
1.014195772131318174e+00
1.014221447069734161e+00
1.014247119793295404e+00
1.014272790301243177e+00
1.014298458592818086e+00
1.014324124667259630e+00
1.014349788523808416e+00
1.014375450161703718e+00
1.014401109580186811e+00
1.014426766778495193e+00
1.014452421755870137e+00
1.014478074511551142e+00
1.014503725044775706e+00
1.014529373354783992e+00
1.014555019440815053e+00
1.014580663302108388e+00
1.014606304937900605e+00
1.014631944347432313e+00
1.014657581529939900e+00
1.014683216484664419e+00
1.014708849210841812e+00
1.014734479707710468e+00
1.014760107974508996e+00
1.014785734010473339e+00
1.014811357814842996e+00
1.014836979386853688e+00
1.014862598725744247e+00
1.014888215830750395e+00
1.014913830701110742e+00
1.014939443336060343e+00
1.014965053734836253e+00
1.014990661896675972e+00
1.015016267820816109e+00
1.015041871506491722e+00
1.015067472952938976e+00
1.015093072159394483e+00
1.015118669125094186e+00
1.015144263849272921e+00
1.015169856331167741e+00
1.015195446570012816e+00
1.015221034565043867e+00
1.015246620315495951e+00
1.015272203820603902e+00
1.015297785079602555e+00
1.015323364091726521e+00
1.015348940856211746e+00
1.015374515372290620e+00
1.015400087639198645e+00
1.015425657656169545e+00
1.015451225422437931e+00
1.015476790937237084e+00
1.015502354199799617e+00
1.015527915209361032e+00
1.015553473965154385e+00
1.015579030466412735e+00
1.015604584712368474e+00
1.015630136702255326e+00
1.015655686435306571e+00
1.015681233910753489e+00
1.015706779127830917e+00
1.015732322085768580e+00
1.015757862783800647e+00
1.015783401221158622e+00
1.015808937397074896e+00
1.015834471310780751e+00
1.015860002961508579e+00
1.015885532348489662e+00
1.015911059470955280e+00
1.015936584328136716e+00
1.015962106919265473e+00
1.015987627243571945e+00
1.016013145300287412e+00
1.016038661088643602e+00
1.016064174607868686e+00
1.016089685857194613e+00
1.016115194835852886e+00
1.016140701543071012e+00
1.016166205978080495e+00
1.016191708140111283e+00
1.016217208028392660e+00
1.016242705642155020e+00
1.016268200980626313e+00
1.016293694043038043e+00
1.016319184828616606e+00
1.016344673336592397e+00
1.016370159566195364e+00
1.016395643516652569e+00
1.016421125187192409e+00
1.016446604577045276e+00
1.016472081685438011e+00
1.016497556511599010e+00
1.016523029054756666e+00
1.016548499314137599e+00
1.016573967288971314e+00
1.016599432978483764e+00
1.016624896381903342e+00
1.016650357498457335e+00
1.016675816327372583e+00
1.016701272867876371e+00
1.016726727119195539e+00
1.016752179080556040e+00
1.016777628751185159e+00
1.016803076130309513e+00
1.016828521217154613e+00
1.016853964010947742e+00
1.016879404510913965e+00
1.016904842716279456e+00
1.016930278626269946e+00
1.016955712240110943e+00
1.016981143557027512e+00
1.017006572576245160e+00
1.017031999296990286e+00
1.017057423718485731e+00
1.017082845839958338e+00
1.017108265660631172e+00
1.017133683179729298e+00
1.017159098396477557e+00
1.017184511310100792e+00
1.017209921919821403e+00
1.017235330224864454e+00
1.017260736224453677e+00
1.017286139917813248e+00
1.017311541304165790e+00
1.017336940382735033e+00
1.017362337152744711e+00
1.017387731613417445e+00
1.017413123763976079e+00
1.017438513603644346e+00
1.017463901131643311e+00
1.017489286347197819e+00
1.017514669249527826e+00
1.017540049837857508e+00
1.017565428111407488e+00
1.017590804069401056e+00
1.017616177711059500e+00
1.017641549035604331e+00
1.017666918042257285e+00
1.017692284730239205e+00
1.017717649098772492e+00
1.017743011147076881e+00
1.017768370874374773e+00
1.017793728279885679e+00
1.017819083362831556e+00
1.017844436122431473e+00
1.017869786557906719e+00
1.017895134668477253e+00
1.017920480453363252e+00
1.017945823911784453e+00
1.017971165042961701e+00
1.017996503846113399e+00
1.018021840320458837e+00
1.018047174465219085e+00
1.018072506279611877e+00
1.018097835762856063e+00
1.018123162914171820e+00
1.018148487732777552e+00
1.018173810217891440e+00
1.018199130368732108e+00
1.018224448184517739e+00
1.018249763664467178e+00
1.018275076807797941e+00
1.018300387613728208e+00
1.018325696081475717e+00
1.018351002210258205e+00
1.018376305999292963e+00
1.018401607447796842e+00
1.018426906554988021e+00
1.018452203320082683e+00
1.018477497742298121e+00
1.018502789820851628e+00
1.018528079554958277e+00
1.018553366943836691e+00
1.018578651986700834e+00
1.018603934682769108e+00
1.018629215031256363e+00
1.018654493031378339e+00
1.018679768682350328e+00
1.018705041983389847e+00
1.018730312933709969e+00
1.018755581532528209e+00
1.018780847779057863e+00
1.018806111672515113e+00
1.018831373212113922e+00
1.018856632397069806e+00
1.018881889226597615e+00
1.018907143699910423e+00
1.018932395816223080e+00
1.018957645574750215e+00
1.018982892974706012e+00
1.019008138015302434e+00
1.019033380695755442e+00
1.019058621015277000e+00
1.019083858973081513e+00
1.019109094568382279e+00
1.019134327800390816e+00
1.019159558668321530e+00
1.019184787171387496e+00
1.019210013308800900e+00
1.019235237079773260e+00
1.019260458483518095e+00
1.019285677519248035e+00
1.019310894186174155e+00
1.019336108483508863e+00
1.019361320410463900e+00
1.019386529966249899e+00
1.019411737150081043e+00
1.019436941961166188e+00
1.019462144398717740e+00
1.019487344461945888e+00
1.019512542150061929e+00
1.019537737462276938e+00
1.019562930397801104e+00
1.019588120955845278e+00
1.019613309135619428e+00
1.019638494936333739e+00
1.019663678357198178e+00
1.019688859397423375e+00
1.019714038056218630e+00
1.019739214332792798e+00
1.019764388226356067e+00
1.019789559736116846e+00
1.019814728861285991e+00
1.019839895601070801e+00
1.019865059954681019e+00
1.019890221921324835e+00
1.019915381500211549e+00
1.019940538690548237e+00
1.019965693491544645e+00
1.019990845902407850e+00
1.020015995922346486e+00
1.020041143550568075e+00
1.020066288786280140e+00
1.020091431628689982e+00
1.020116572077005568e+00
1.020141710130433976e+00
1.020166845788182286e+00
1.020191979049457132e+00
1.020217109913465370e+00
1.020242238379413857e+00
1.020267364446508784e+00
1.020292488113957008e+00
1.020317609380964274e+00
1.020342728246736552e+00
1.020367844710479810e+00
1.020392958771400016e+00
1.020418070428702917e+00
1.020443179681593371e+00
1.020468286529276902e+00
1.020493390970958814e+00
1.020518493005843297e+00
1.020543592633136765e+00
1.020568689852043187e+00
1.020593784661766534e+00
1.020618877061511665e+00
1.020643967050482770e+00
1.020669054627884487e+00
1.020694139792919675e+00
1.020719222544793192e+00
1.020744302882707899e+00
1.020769380805868209e+00
1.020794456313476761e+00
1.020819529404737080e+00
1.020844600078851805e+00
1.020869668335024683e+00
1.020894734172458129e+00
1.020919797590354339e+00
1.020944858587916171e+00
1.020969917164345375e+00
1.020994973318845034e+00
1.021020027050617118e+00
1.021045078358863156e+00
1.021070127242784009e+00
1.021095173701582537e+00
1.021120217734459823e+00
1.021145259340617173e+00
1.021170298519256558e+00
1.021195335269577065e+00
1.021220369590780441e+00
1.021245401482067550e+00
1.021270430942638807e+00
1.021295457971695075e+00
1.021320482568436105e+00
1.021345504732060983e+00
1.021370524461772122e+00
1.021395541756767056e+00
1.021420556616246200e+00
1.021445569039408863e+00
1.021470579025455239e+00
1.021495586573583081e+00
1.021520591682991697e+00
1.021545594352881281e+00
1.021570594582449587e+00
1.021595592370895256e+00
1.021620587717416706e+00
1.021645580621212357e+00
1.021670571081480405e+00
1.021695559097419270e+00
1.021720544668225150e+00
1.021745527793096908e+00
1.021770508471232519e+00
1.021795486701828182e+00
1.021820462484082537e+00
1.021845435817191561e+00
1.021870406700352119e+00
1.021895375132761963e+00
1.021920341113616626e+00
1.021945304642113639e+00
1.021970265717447868e+00
1.021995224338816843e+00
1.022020180505416542e+00
1.022045134216442275e+00
1.022070085471089351e+00
1.022095034268553748e+00
1.022119980608031442e+00
1.022144924488716633e+00
1.022169865909806186e+00
1.022194804870492746e+00
1.022219741369973178e+00
1.022244675407440795e+00
1.022269606982090906e+00
1.022294536093117268e+00
1.022319462739714746e+00
1.022344386921076875e+00
1.022369308636398300e+00
1.022394227884871887e+00
1.022419144665691393e+00
1.022444058978051018e+00
1.022468970821142298e+00
1.022493880194160543e+00
1.022518787096297288e+00
1.022543691526746734e+00
1.022568593484699973e+00
1.022593492969350315e+00
1.022618389979890852e+00
1.022643284515512230e+00
1.022668176575407983e+00
1.022693066158768760e+00
1.022717953264787871e+00
1.022742837892656409e+00
1.022767720041564132e+00
1.022792599710705241e+00
1.022817476899268829e+00
1.022842351606446654e+00
1.022867223831429806e+00
1.022892093573408934e+00
1.022916960831573352e+00
1.022941825605115485e+00
1.022966687893223536e+00
1.022991547695089931e+00
1.023016405009902430e+00
1.023041259836852568e+00
1.023066112175128994e+00
1.023090962023921691e+00
1.023115809382419750e+00
1.023140654249811377e+00
1.023165496625286552e+00
1.023190336508035259e+00
1.023215173897243924e+00
1.023240008792102751e+00
1.023264841191799501e+00
1.023289671095522824e+00
1.023314498502460035e+00
1.023339323411800006e+00
1.023364145822729609e+00
1.023388965734438605e+00
1.023413783146112310e+00
1.023438598056938487e+00
1.023463410466104673e+00
1.023488220372797519e+00
1.023513027776204343e+00
1.023537832675512016e+00
1.023562635069905635e+00
1.023587434958573406e+00
1.023612232340701311e+00
1.023637027215474893e+00
1.023661819582080801e+00
1.023686609439704576e+00
1.023711396787531314e+00
1.023736181624747443e+00
1.023760963950537839e+00
1.023785743764087375e+00
1.023810521064581369e+00
1.023835295851204030e+00
1.023860068123141343e+00
1.023884837879576848e+00
1.023909605119694310e+00
1.023934369842679937e+00
1.023959132047717491e+00
1.023983891733989404e+00
1.024008648900681218e+00
1.024033403546975585e+00
1.024058155672056047e+00
1.024082905275107258e+00
1.024107652355310538e+00
1.024132396911850096e+00
1.024157138943907475e+00
1.024181878450667327e+00
1.024206615431310530e+00
1.024231349885020625e+00
1.024256081810979602e+00
1.024280811208369224e+00
1.024305538076371036e+00
1.024330262414168580e+00
1.024354984220942510e+00
1.024379703495873928e+00
1.024404420238143487e+00
1.024429134446934508e+00
1.024453846121426537e+00
1.024478555260800228e+00
1.024503261864237791e+00
1.024527965930917439e+00
1.024552667460021382e+00
1.024577366450728722e+00
1.024602062902220334e+00
1.024626756813675543e+00
1.024651448184275004e+00
1.024676137013196708e+00
1.024700823299621977e+00
1.024725507042728578e+00
1.024750188241696724e+00
1.024774866895704406e+00
1.024799543003931612e+00
1.024824216565556334e+00
1.024848887579757006e+00
1.024873556045712064e+00
1.024898221962600164e+00
1.024922885329598632e+00
1.024947546145886124e+00
1.024972204410639298e+00
1.024996860123037479e+00
1.025021513282255770e+00
1.025046163887473716e+00
1.025070811937866644e+00
1.025095457432612767e+00
1.025120100370887855e+00
1.025144740751869010e+00
1.025169378574734003e+00
1.025194013838657270e+00
1.025218646542814804e+00
1.025243276686384153e+00
1.025267904268540864e+00
1.025292529288460264e+00
1.025317151745317679e+00
1.025341771638289101e+00
1.025366388966549414e+00
1.025391003729273942e+00
1.025415615925637125e+00
1.025440225554814067e+00
1.025464832615980537e+00
1.025489437108308755e+00
1.025514039030974711e+00
1.025538638383151735e+00
1.025563235164013820e+00
1.025587829372735627e+00
1.025612421008489816e+00
1.025637010070450605e+00
1.025661596557790434e+00
1.025686180469683739e+00
1.025710761805303184e+00
1.025735340563821429e+00
1.025759916744411138e+00
1.025784490346244748e+00
1.025809061368494701e+00
1.025833629810333880e+00
1.025858195670934503e+00
1.025882758949467677e+00
1.025907319645106064e+00
1.025931877757019883e+00
1.025956433284381797e+00
1.025980986226362468e+00
1.026005536582133670e+00
1.026030084350865845e+00
1.026054629531730766e+00
1.026079172123897987e+00
1.026103712126539502e+00
1.026128249538824866e+00
1.026152784359924519e+00
1.026177316589007571e+00
1.026201846225245351e+00
1.026226373267806080e+00
1.026250897715861088e+00
1.026275419568577707e+00
1.026299938825125269e+00
1.026324455484673104e+00
1.026348969546390100e+00
1.026373481009444033e+00
1.026397989873005789e+00
1.026422496136247586e+00
1.026446999798331872e+00
1.026471500858432639e+00
1.026495999315709895e+00
1.026520495169334746e+00
1.026544988418475857e+00
1.026569479062303003e+00
1.026593967099982629e+00
1.026618452530678516e+00
1.026642935353559105e+00
1.026667415567793507e+00
1.026691893172549719e+00
1.026716368166993965e+00
1.026740840550289580e+00
1.026765310321600788e+00
1.026789777480094923e+00
1.026814242024937984e+00
1.026838703955306409e+00
1.026863163270351986e+00
1.026887619969244048e+00
1.026912074051155255e+00
1.026936525515240728e+00
1.026960974315755282e+00
1.026961487796370642e+00
1.026973426764543840e+00
1.026985365130036465e+00
1.026997302870584550e+00
1.027009239986083067e+00
1.027021176476432984e+00
1.027033112341551480e+00
1.027045047581330195e+00
1.027056982195668322e+00
1.027068916184472602e+00
1.027080849547649111e+00
1.027092782285094152e+00
1.027104714396714247e+00
1.027116645882411472e+00
1.027128576742087684e+00
1.027140506975645629e+00
1.027152436582989603e+00
1.027164365564022797e+00
1.027176293918647065e+00
1.027188221646765598e+00
1.027200148748279585e+00
1.027212075223093324e+00
1.027224001071107784e+00
1.027235926292225043e+00
1.027247850886347402e+00
1.027259774853378049e+00
1.027271698193217064e+00
1.027283620905767636e+00
1.027295542990933619e+00
1.027307464448617536e+00
1.027319385278723463e+00
1.027331305481153034e+00
1.027343225055806997e+00
1.027355144002590093e+00
1.027367062321403068e+00
1.027378980012149112e+00
1.027390897074729859e+00
1.027402813509047386e+00
1.027414729315004660e+00
1.027426644492503316e+00
1.027438559041446986e+00
1.027450472961737304e+00
1.027462386253277460e+00
1.027474298915969309e+00
1.027486210949714929e+00
1.027498122354417953e+00
1.027510033129980016e+00
1.027521943276303196e+00
1.027533852793290681e+00
1.027545761680844327e+00
1.027557669938865326e+00
1.027569577567256420e+00
1.027581484565919689e+00
1.027593390934757878e+00
1.027605296673673507e+00
1.027617201782568657e+00
1.027629106261345848e+00
1.027641010109907382e+00
1.027652913328155337e+00
1.027664815915990681e+00
1.027676717873317713e+00
1.027688619200037401e+00
1.027700519896052489e+00
1.027712419961265500e+00
1.027724319395578068e+00
1.027736218198891383e+00
1.027748116371109521e+00
1.027760013912132786e+00
1.027771910821864143e+00
1.027783807100205671e+00
1.027795702747060336e+00
1.027807597762329328e+00
1.027819492145914282e+00
1.027831385897717942e+00
1.027843279017640832e+00
1.027855171505585696e+00
1.027867063361456834e+00
1.027878954585155213e+00
1.027890845176582468e+00
1.027902735135641121e+00
1.027914624462233029e+00
1.027926513156259380e+00
1.027938401217623365e+00
1.027950288646224619e+00
1.027962175441968329e+00
1.027974061604754796e+00
1.027985947134487210e+00
1.027997832031066761e+00
1.028009716294396192e+00
1.028021599924375362e+00
1.028033482920907682e+00
1.028045365283894563e+00
1.028057247013238307e+00
1.028069128108841435e+00
1.028081008570606025e+00
1.028092888398433047e+00
1.028104767592224356e+00
1.028116646151882474e+00
1.028128524077307926e+00
1.028140401368404344e+00
1.028152278025071586e+00
1.028164154047213952e+00
1.028176029434731520e+00
1.028187904187526591e+00
1.028199778305501688e+00
1.028211651788557113e+00
1.028223524636595831e+00
1.028235396849518590e+00
1.028247268427227912e+00
1.028259139369624986e+00
1.028271009676613446e+00
1.028282879348094481e+00
1.028294748383969281e+00
1.028306616784140148e+00
1.028318484548508716e+00
1.028330351676976617e+00
1.028342218169445044e+00
1.028354084025815851e+00
1.028365949245991784e+00
1.028377813829874032e+00
1.028389677777363120e+00
1.028401541088362681e+00
1.028413403762773237e+00
1.028425265800496202e+00
1.028437127201433654e+00
1.028448987965487893e+00
1.028460848092560109e+00
1.028472707582551937e+00
1.028484566435363678e+00
1.028496424650898078e+00
1.028508282229057214e+00
1.028520139169741388e+00
1.028531995472853344e+00
1.028543851138293830e+00
1.028555706165964700e+00
1.028567560555768257e+00
1.028579414307605022e+00
1.028591267421377520e+00
1.028603119896986273e+00
1.028614971734333361e+00
1.028626822933320417e+00
1.028638673493849520e+00
1.028650523415820972e+00
1.028662372699136407e+00
1.028674221343698125e+00
1.028686069349406873e+00
1.028697916716164951e+00
1.028709763443873104e+00
1.028721609532432302e+00
1.028733454981745510e+00
1.028745299791713030e+00
1.028757143962236942e+00
1.028768987493217990e+00
1.028780830384558032e+00
1.028792672636158922e+00
1.028804514247921187e+00
1.028816355219746681e+00
1.028828195551537039e+00
1.028840035243193007e+00
1.028851874294616220e+00
1.028863712705708977e+00
1.028875550476371581e+00
1.028887387606505444e+00
1.028899224096012643e+00
1.028911059944793482e+00
1.028922895152750039e+00
1.028934729719783059e+00
1.028946563645794177e+00
1.028958396930684804e+00
1.028970229574356132e+00
1.028982061576708240e+00
1.028993892937644983e+00
1.029005723657065330e+00
1.029017553734871582e+00
1.029029383170965151e+00
1.029041211965246561e+00
1.029053040117617446e+00
1.029064867627979663e+00
1.029076694496233291e+00
1.029088520722280853e+00
1.029100346306022207e+00
1.029112171247358543e+00
1.029123995546193049e+00
1.029135819202424029e+00
1.029147642215955116e+00
1.029159464586685724e+00
1.029171286314518152e+00
1.029183107399352703e+00
1.029194927841090124e+00
1.029206747639633157e+00
1.029218566794880774e+00
1.029230385306736828e+00
1.029242203175099402e+00
1.029254020399871905e+00
1.029265836980954196e+00
1.029277652918247021e+00
1.029289468211652903e+00
1.029301282861072364e+00
1.029313096866405486e+00
1.029324910227555012e+00
1.029336722944420579e+00
1.029348535016904043e+00
1.029360346444905039e+00
1.029372157228326978e+00
1.029383967367068609e+00
1.029395776861032230e+00
1.029407585710117923e+00
1.029419393914227321e+00
1.029431201473260948e+00
1.029443008387119773e+00
1.029454814655705208e+00
1.029466620278918443e+00
1.029478425256658891e+00
1.029490229588828631e+00
1.029502033275329076e+00
1.029513836316059416e+00
1.029525638710922619e+00
1.029537440459818542e+00
1.029549241562647266e+00
1.029561042019311312e+00
1.029572841829710317e+00
1.029584640993745692e+00
1.029596439511317740e+00
1.029608237382329206e+00
1.029620034606678169e+00
1.029631831184267821e+00
1.029643627114997129e+00
1.029655422398767950e+00
1.029667217035479920e+00
1.029679011025036228e+00
1.029690804367336066e+00
1.029702597062279956e+00
1.029714389109768202e+00
1.029726180509703770e+00
1.029737971261985630e+00
1.029749761366514083e+00
1.029761550823191874e+00
1.029773339631917972e+00
1.029785127792593791e+00
1.029796915305120297e+00
1.029808702169397350e+00
1.029820488385326582e+00
1.029832273952807853e+00
1.029844058871742574e+00
1.029855843142031269e+00
1.029867626763574018e+00
1.029879409736272233e+00
1.029891192060025551e+00
1.029902973734736049e+00
1.029914754760302920e+00
1.029926535136627574e+00
1.029938314863611204e+00
1.029950093941153000e+00
1.029961872369154152e+00
1.029973650147515629e+00
1.029985427276138177e+00
1.029997203754921209e+00
1.030008979583766804e+00
1.030020754762573709e+00
1.030032529291244225e+00
1.030044303169677988e+00
1.030056076397775522e+00
1.030067848975438016e+00
1.030079620902565107e+00
1.030091392179058207e+00
1.030103162804817174e+00
1.030114932779742087e+00
1.030126702103734804e+00
1.030138470776694515e+00
1.030150238798522189e+00
1.030162006169118127e+00
1.030173772888383077e+00
1.030185538956217783e+00
1.030197304372521661e+00
1.030209069137196121e+00
1.030220833250141022e+00
1.030232596711257109e+00
1.030244359520443576e+00
1.030256121677602943e+00
1.030267883182633959e+00
1.030279644035438702e+00
1.030291404235914587e+00
1.030303163783964582e+00
1.030314922679488321e+00
1.030326680922386107e+00
1.030338438512558685e+00
1.030350195449905248e+00
1.030361951734326764e+00
1.030373707365723757e+00
1.030385462343996750e+00
1.030397216669045379e+00
1.030408970340769947e+00
1.030420723359071644e+00
1.030432475723849883e+00
1.030444227435004745e+00
1.030455978492437197e+00
1.030467728896047985e+00
1.030479478645735414e+00
1.030491227741401339e+00
1.030502976182944952e+00
1.030514723970268331e+00
1.030526471103269115e+00
1.030538217581849381e+00
1.030549963405908764e+00
1.030561708575347568e+00
1.030573453090065428e+00
1.030585196949962423e+00
1.030596940154940633e+00
1.030608682704897916e+00
1.030620424599735019e+00
1.030632165839352465e+00
1.030643906423651002e+00
1.030655646352529153e+00
1.030667385625887889e+00
1.030679124243628175e+00
1.030690862205648761e+00
1.030702599511850392e+00
1.030714336162132705e+00
1.030726072156395556e+00
1.030737807494540359e+00
1.030749542176466083e+00
1.030761276202072363e+00
1.030773009571261056e+00
1.030784742283930244e+00
1.030796474339980451e+00
1.030808205739312644e+00
1.030819936481825572e+00
1.030831666567419980e+00
1.030843395995996170e+00
1.030855124767453113e+00
1.030866852881691109e+00
1.030878580338610240e+00
1.030890307138111028e+00
1.030902033280092667e+00
1.030913758764455457e+00
1.030925483591099034e+00
1.030937207759923924e+00
1.030948931270829760e+00
1.030960654123715736e+00
1.030972376318483485e+00
1.030984097855030868e+00
1.030995818733258629e+00
1.031007538953066627e+00
1.031019258514355386e+00
1.031030977417024319e+00
1.031042695660971953e+00
1.031054413246100809e+00
1.031066130172308526e+00
1.031077846439495627e+00
1.031089562047562636e+00
1.031101276996407634e+00
1.031112991285932035e+00
1.031124704916035251e+00
1.031136417886616252e+00
1.031148130197576229e+00
1.031159841848813929e+00
1.031171552840228989e+00
1.031183263171723041e+00
1.031194972843193058e+00
1.031206681854540674e+00
1.031218390205664193e+00
1.031230097896464803e+00
1.031241804926841032e+00
1.031253511296694736e+00
1.031265217005922441e+00
1.031276922054425782e+00
1.031288626442105061e+00
1.031300330168858137e+00
1.031312033234585757e+00
1.031323735639187555e+00
1.031335437382562725e+00
1.031347138464611124e+00
1.031358838885232609e+00
1.031370538644326817e+00
1.031382237741792940e+00
1.031393936177531279e+00
1.031405633951441025e+00
1.031417331063420928e+00
1.031429027513372843e+00
1.031440723301194184e+00
1.031452418426784812e+00
1.031464112890045026e+00
1.031475806690873798e+00
1.031487499829172094e+00
1.031499192304837553e+00
1.031510884117770921e+00
1.031522575267870723e+00
1.031534265755037483e+00
1.031545955579170171e+00
1.031557644740168200e+00
1.031569333237932096e+00
1.031581021072359716e+00
1.031592708243351364e+00
1.031604394750807119e+00
1.031616080594624840e+00
1.031627765774705940e+00
1.031639450290948723e+00
1.031651134143251936e+00
1.031662817331516546e+00
1.031674499855641081e+00
1.031686181715525175e+00
1.031697862911068020e+00
1.031709543442169252e+00
1.031721223308728508e+00
1.031732902510644534e+00
1.031744581047817855e+00
1.031756258920146108e+00
1.031767936127529817e+00
1.031779612669867729e+00
1.031791288547060370e+00
1.031802963759005154e+00
1.031814638305602827e+00
1.031826312186753247e+00
1.031837985402354274e+00
1.031849657952305099e+00
1.031861329836506691e+00
1.031873001054856243e+00
1.031884671607255388e+00
1.031896341493601099e+00
1.031908010713794344e+00
1.031919679267732981e+00
1.031931347155317091e+00
1.031943014376446754e+00
1.031954680931018720e+00
1.031966346818934399e+00
1.031978012040092096e+00
1.031989676594391669e+00
1.032001340481731866e+00
1.032013003702011211e+00
1.032024666255130452e+00
1.032036328140987669e+00
1.032047989359481388e+00
1.032059649910512356e+00
1.032071309793978653e+00
1.032082969009779250e+00
1.032094627557814670e+00
1.032106285437982773e+00
1.032117942650183195e+00
1.032129599194314462e+00
1.032141255070275543e+00
1.032152910277967406e+00
1.032164564817286800e+00
1.032176218688134695e+00
1.032187871890408282e+00
1.032199524424007864e+00
1.032211176288831966e+00
1.032222827484780225e+00
1.032234478011752055e+00
1.032246127869644647e+00
1.032257777058358084e+00
1.032269425577791555e+00
1.032281073427844031e+00
1.032292720608414927e+00
1.032304367119402322e+00
1.032316012960705187e+00
1.032327658132223158e+00
1.032339302633855205e+00
1.032350946465500074e+00
1.032362589627056515e+00
1.032374232118422830e+00
1.032385873939499765e+00
1.032397515090184958e+00
1.032409155570376713e+00
1.032420795379975553e+00
1.032432434518879560e+00
1.032444072986987704e+00
1.032455710784198288e+00
1.032467347910411837e+00
1.032478984365524655e+00
1.032490620149438154e+00
1.032502255262049307e+00
1.032513889703258192e+00
1.032525523472963114e+00
1.032537156571062376e+00
1.032548788997455835e+00
1.032560420752041797e+00
1.032572051834719451e+00
1.032583682245386658e+00
1.032595311983943498e+00
1.032606941050287386e+00
1.032618569444317957e+00
1.032630197165933517e+00
1.032641824215033477e+00
1.032653450591515476e+00
1.032665076295279372e+00
1.032676701326222801e+00
1.032688325684246289e+00
1.032699949369246362e+00
1.032711572381123100e+00
1.032723194719774806e+00
1.032734816385099785e+00
1.032746437376997228e+00
1.032758057695366771e+00
1.032769677340104719e+00
1.032781296311111374e+00
1.032792914608285040e+00
1.032804532231524242e+00
1.032816149180727727e+00
1.032827765455794689e+00
1.032839381056622541e+00
1.032850995983110254e+00
1.032862610235157019e+00
1.032874223812660919e+00
1.032885836715520922e+00
1.032897448943635554e+00
1.032909060496902898e+00
1.032920671375222144e+00
1.032932281578491152e+00
1.032943891106608891e+00
1.032955499959474110e+00
1.032967108136984891e+00
1.032978715639039535e+00
1.032990322465537458e+00
1.033001928616376519e+00
1.033013534091455021e+00
1.033025138890671935e+00
1.033036743013925784e+00
1.033048346461115097e+00
1.033059949232137287e+00
1.033071551326892212e+00
1.033083152745276845e+00
1.033094753487191486e+00
1.033106353552533108e+00
1.033117952941200679e+00
1.033129551653092504e+00
1.033141149688107108e+00
1.033152747046142128e+00
1.033164343727098089e+00
1.033175939730869963e+00
1.033187535057358941e+00
1.033199129706462882e+00
1.033210723678079423e+00
1.033222316972107091e+00
1.033233909588443966e+00
1.033245501526989463e+00
1.033257092787640996e+00
1.033268683370296870e+00
1.033280273274855610e+00
1.033291862501216185e+00
1.033303451049275790e+00
1.033315038918933171e+00
1.033326626110086188e+00
1.033338212622633812e+00
1.033349798456474566e+00
1.033361383611505646e+00
1.033372968087626020e+00
1.033384551884733105e+00
1.033396135002726313e+00
1.033407717441502394e+00
1.033419299200961206e+00
1.033430880280999942e+00
1.033442460681516906e+00
1.033454040402410845e+00
1.033465619443578731e+00
1.033477197804920644e+00
1.033488775486332223e+00
1.033500352487713991e+00
1.033511928808962255e+00
1.033523504449976649e+00
1.033535079410654589e+00
1.033546653690893935e+00
1.033558227290593212e+00
1.033569800209650502e+00
1.033581372447964331e+00
1.033592944005431891e+00
1.033604514881951264e+00
1.033616085077420976e+00
1.033627654591738887e+00
1.033639223424803744e+00
1.033650791576512740e+00
1.033662359046764845e+00
1.033673925835456808e+00
1.033685491942486934e+00
1.033697057367754413e+00
1.033708622111156439e+00
1.033720186172590427e+00
1.033731749551955348e+00
1.033743312249148394e+00
1.033754874264068313e+00
1.033766435596613409e+00
1.033777996246680209e+00
1.033789556214167682e+00
1.033801115498973022e+00
1.033812674100994311e+00
1.033824232020130962e+00
1.033835789256278614e+00
1.033847345809336904e+00
1.033858901679203468e+00
1.033870456865775500e+00
1.033882011368951526e+00
1.033893565188628738e+00
1.033905118324705219e+00
1.033916670777079494e+00
1.033928222545648756e+00
1.033939773630311088e+00
1.033951324030963903e+00
1.033962873747506173e+00
1.033974422779834423e+00
1.033985971127847181e+00
1.033997518791441195e+00
1.034009065770515878e+00
1.034020612064968869e+00
1.034032157674696251e+00
1.034043702599597436e+00
1.034055246839569842e+00
1.034066790394510660e+00
1.034078333264317973e+00
1.034089875448889861e+00
1.034101416948123298e+00
1.034112957761916363e+00
1.034124497890167360e+00
1.034136037332773483e+00
1.034147576089632370e+00
1.034159114160641213e+00
1.034170651545698982e+00
1.034182188244702871e+00
1.034193724257549185e+00
1.034205259584137337e+00
1.034216794224364744e+00
1.034228328178127931e+00
1.034239861445326092e+00
1.034251394025855308e+00
1.034262925919613663e+00
1.034274457126499902e+00
1.034285987646409666e+00
1.034297517479242368e+00
1.034309046624894757e+00
1.034320575083264249e+00
1.034332102854249369e+00
1.034343629937745312e+00
1.034355156333653047e+00
1.034366682041867547e+00
1.034378207062287336e+00
1.034389731394809386e+00
1.034401255039331557e+00
1.034412777995752153e+00
1.034424300263966590e+00
1.034435821843874503e+00
1.034447342735372866e+00
1.034458862938358426e+00
1.034470382452729043e+00
1.034481901278382798e+00
1.034493419415215776e+00
1.034504936863126723e+00
1.034516453622012389e+00
1.034527969691770410e+00
1.034539485072298204e+00
1.034550999763492962e+00
1.034562513765251435e+00
1.034574027077473035e+00
1.034585539700054513e+00
1.034597051632891507e+00
1.034608562875882987e+00
1.034620073428925924e+00
1.034631583291918178e+00
1.034643092464755831e+00
1.034654600947336744e+00
1.034666108739558998e+00
1.034677615841319787e+00
1.034689122252515414e+00
1.034700627973043963e+00
1.034712133002803069e+00
1.034723637341689262e+00
1.034735140989599955e+00
1.034746643946432343e+00
1.034758146212084506e+00
1.034769647786452751e+00
1.034781148669434492e+00
1.034792648860927589e+00
1.034804148360828568e+00
1.034815647169035069e+00
1.034827145285444061e+00
1.034838642709953183e+00
1.034850139442458739e+00
1.034861635482859032e+00
1.034873130831049926e+00
1.034884625486930609e+00
1.034896119450396057e+00
1.034907612721345682e+00
1.034919105299674458e+00
1.034930597185280021e+00
1.034942088378060010e+00
1.034953578877911617e+00
1.034965068684732037e+00
1.034976557798418462e+00
1.034988046218867863e+00
1.034999533945975880e+00
1.035011020979640817e+00
1.035022507319761420e+00
1.035033992966231331e+00
1.035045477918950407e+00
1.035056962177814288e+00
1.035068445742721055e+00
1.035079928613566791e+00
1.035091410790248689e+00
1.035102892272664388e+00
1.035114373060710191e+00
1.035125853154282627e+00
1.035137332553280221e+00
1.035148811257599277e+00
1.035160289267136546e+00
1.035171766581788333e+00
1.035183243201453607e+00
1.035194719126027341e+00
1.035206194355407394e+00
1.035217668889491183e+00
1.035229142728173679e+00
1.035240615871354297e+00
1.035252088318927788e+00
1.035263560070792899e+00
1.035275031126845047e+00
1.035286501486981425e+00
1.035297971151100560e+00
1.035309440119096980e+00
1.035320908390868766e+00
1.035332375966312890e+00
1.035343842845325213e+00
1.035355309027803816e+00
1.035366774513644561e+00
1.035378239302745085e+00
1.035389703395001693e+00
1.035401166790310468e+00
1.035412629488570380e+00
1.035424091489676401e+00
1.035435552793525060e+00
1.035447013400014660e+00
1.035458473309040617e+00
1.035469932520500569e+00
1.035481391034290821e+00
1.035492848850308345e+00
1.035504305968449446e+00
1.035515762388611316e+00
1.035527218110690706e+00
1.035538673134583476e+00
1.035550127460187042e+00
1.035561581087398375e+00
1.035573034016114002e+00
1.035584486246229563e+00
1.035595937777643138e+00
1.035607388610250590e+00
1.035618838743948666e+00
1.035630288178634562e+00
1.035641736914204580e+00
1.035653184950555250e+00
1.035664632287581988e+00
1.035676078925183319e+00
1.035687524863255327e+00
1.035698970101694094e+00
1.035710414640396815e+00
1.035721858479259350e+00
1.035733301618178670e+00
1.035744744057052191e+00
1.035756185795774220e+00
1.035767626834243726e+00
1.035779067172356127e+00
1.035790506810007505e+00
1.035801945747094832e+00
1.035813383983514857e+00
1.035824821519163663e+00
1.035836258353938444e+00
1.035847694487735504e+00
1.035859129920450261e+00
1.035870564651979908e+00
1.035881998682221861e+00
1.035893432011071091e+00
1.035904864638424128e+00
1.035916296564178607e+00
1.035927727788229946e+00
1.035939158310475117e+00
1.035950588130809757e+00
1.035962017249131062e+00
1.035973445665335335e+00
1.035984873379318438e+00
1.035996300390976899e+00
1.036007726700207909e+00
1.036019152306906888e+00
1.036030577210970138e+00
1.036042001412294411e+00
1.036053424910776677e+00
1.036064847706311465e+00
1.036076269798796856e+00
1.036087691188128490e+00
1.036099111874202894e+00
1.036110531856915928e+00
1.036121951136164121e+00
1.036133369711844221e+00
1.036144787583850757e+00
1.036156204752082477e+00
1.036167621216433243e+00
1.036179036976801138e+00
1.036190452033081355e+00
1.036201866385170645e+00
1.036213280032965312e+00
1.036224692976361439e+00
1.036236105215254444e+00
1.036247516749542186e+00
1.036258927579119193e+00
1.036270337703881994e+00
1.036281747123727781e+00
1.036293155838551305e+00
1.036304563848249538e+00
1.036315971152718785e+00
1.036327377751855128e+00
1.036338783645554429e+00
1.036350188833712549e+00
1.036361593316225571e+00
1.036372997092990023e+00
1.036384400163901764e+00
1.036395802528857324e+00
1.036407204187753006e+00
1.036418605140483784e+00
1.036430005386946185e+00
1.036441404927036514e+00
1.036452803760650854e+00
1.036464201887684844e+00
1.036475599308034345e+00
1.036486996021596552e+00
1.036498392028266213e+00
1.036509787327939858e+00
1.036521181920513568e+00
1.036532575805882761e+00
1.036543968983944408e+00
1.036555361454593926e+00
1.036566753217726289e+00
1.036578144273239577e+00
1.036589534621028319e+00
1.036600924260988599e+00
1.036612313193016277e+00
1.036623701417007881e+00
1.036635088932858384e+00
1.036646475740464757e+00
1.036657861839721750e+00
1.036669247230525892e+00
1.036680631912773931e+00
1.036692015886359730e+00
1.036703399151180482e+00
1.036714781707132049e+00
1.036726163554110736e+00
1.036737544692010848e+00
1.036748925120729137e+00
1.036760304840161240e+00
1.036771683850202797e+00
1.036783062150750556e+00
1.036794439741698826e+00
1.036805816622944576e+00
1.036817192794383669e+00
1.036828568255910854e+00
1.036839943007423104e+00
1.036851317048815613e+00
1.036862690379982688e+00
1.036874063000822632e+00
1.036885434911229975e+00
1.036896806111100133e+00
1.036908176600329190e+00
1.036919546378812340e+00
1.036930915446446111e+00
1.036942283803125697e+00
1.036953651448747404e+00
1.036965018383205317e+00
1.036976384606396628e+00
1.036987750118216534e+00
1.036999114918561338e+00
1.037010479007325570e+00
1.037021842384404424e+00
1.037033205049695317e+00
1.037044567003092777e+00
1.037055928244492664e+00
1.037067288773790397e+00
1.037078648590881613e+00
1.037090007695661509e+00
1.037101366088026833e+00
1.037112723767871891e+00
1.037124080735092768e+00
1.037135436989585102e+00
1.037146792531244088e+00
1.037158147359966254e+00
1.037169501475645239e+00
1.037180854878178460e+00
1.037192207567460001e+00
1.037203559543386389e+00
1.037214910805853041e+00
1.037226261354753820e+00
1.037237611189986808e+00
1.037248960311445201e+00
1.037260308719025970e+00
1.037271656412623866e+00
1.037283003392134306e+00
1.037294349657453374e+00
1.037305695208475154e+00
1.037317040045095728e+00
1.037328384167211626e+00
1.037339727574716708e+00
1.037351070267506392e+00
1.037362412245477428e+00
1.037373753508524121e+00
1.037385094056541890e+00
1.037396433889426373e+00
1.037407773007071654e+00
1.037419111409376260e+00
1.037430449096232277e+00
1.037441786067536009e+00
1.037453122323183541e+00
1.037464457863069622e+00
1.037475792687088783e+00
1.037487126795137993e+00
1.037498460187110894e+00
1.037509792862904012e+00
1.037521124822411211e+00
1.037532456065529241e+00
1.037543786592152184e+00
1.037555116402176347e+00
1.037566445495496481e+00
1.037577773872007114e+00
1.037589101531604330e+00
1.037600428474183767e+00
1.037611754699638844e+00
1.037623080207866755e+00
1.037634404998760473e+00
1.037645729072217415e+00
1.037657052428132110e+00
1.037668375066398641e+00
1.037679696986912647e+00
1.037691018189569547e+00
1.037702338674265201e+00
1.037713658440893694e+00
1.037724977489350664e+00
1.037736295819529975e+00
1.037747613431327931e+00
1.037758930324640172e+00
1.037770246499360560e+00
1.037781561955384069e+00
1.037792876692606558e+00
1.037804190710922780e+00
1.037815504010228151e+00
1.037826816590417200e+00
1.037838128451384456e+00
1.037849439593026002e+00
1.037860750015237032e+00
1.037872059717911188e+00
1.037883368700944553e+00
1.037894676964231877e+00
1.037905984507667467e+00
1.037917291331147629e+00
1.037928597434566003e+00
1.037939902817817783e+00
1.037951207480798388e+00
1.037962511423403233e+00
1.037973814645526627e+00
1.037985117147062875e+00
1.037996418927907838e+00
1.038007719987955602e+00
1.038019020327102027e+00
1.038030319945240532e+00
1.038041618842268532e+00
1.038052917018078114e+00
1.038064214472565361e+00
1.038075511205625245e+00
1.038086807217152296e+00
1.038098102507041931e+00
1.038109397075188234e+00
1.038120690921486400e+00
1.038131984045831180e+00
1.038143276448117547e+00
1.038154568128240474e+00
1.038165859086093157e+00
1.038177149321572124e+00
1.038188438834572125e+00
1.038199727624987023e+00
1.038211015692711792e+00
1.038222303037641625e+00
1.038233589659670608e+00
1.038244875558693936e+00
1.038256160734606359e+00
1.038267445187302185e+00
1.038278728916676830e+00
1.038290011922624156e+00
1.038301294205039360e+00
1.038312575763817192e+00
1.038323856598851291e+00
1.038335136710037521e+00
1.038346416097270630e+00
1.038357694760443817e+00
1.038368972699453385e+00
1.038380249914193199e+00
1.038391526404557563e+00
1.038402802170440786e+00
1.038414077211738951e+00
1.038425351528346363e+00
1.038436625120155776e+00
1.038447897987063273e+00
1.038459170128963382e+00
1.038470441545750633e+00
1.038481712237319776e+00
1.038492982203563564e+00
1.038504251444379634e+00
1.038515519959659406e+00
1.038526787749299629e+00
1.038538054813193057e+00
1.038549321151235771e+00
1.038560586763321858e+00
1.038571851649344291e+00
1.038583115809200264e+00
1.038594379242781418e+00
1.038605641949984282e+00
1.038616903930702495e+00
1.038628165184830809e+00
1.038639425712263309e+00
1.038650685512894078e+00
1.038661944586618091e+00
1.038673202933329875e+00
1.038684460552923738e+00
1.038695717445293321e+00
1.038706973610333817e+00
1.038718229047938868e+00
1.038729483758004113e+00
1.038740737740423192e+00
1.038751990995089081e+00
1.038763243521898971e+00
1.038774495320744728e+00
1.038785746391521325e+00
1.038796996734123734e+00
1.038808246348446263e+00
1.038819495234382106e+00
1.038830743391826461e+00
1.038841990820674077e+00
1.038853237520817929e+00
1.038864483492152102e+00
1.038875728734572679e+00
1.038886973247971968e+00
1.038898217032246052e+00
1.038909460087287906e+00
1.038920702412991837e+00
1.038931944009252373e+00
1.038943184875963155e+00
1.038954425013019378e+00
1.038965664420314239e+00
1.038976903097743154e+00
1.038988141045198210e+00
1.038999378262575268e+00
1.039010614749768635e+00
1.039021850506671285e+00
1.039033085533178191e+00
1.039044319829183216e+00
1.039055553394580222e+00
1.039066786229263517e+00
1.039078018333126963e+00
1.039089249706065532e+00
1.039100480347972644e+00
1.039111710258742605e+00
1.039122939438268611e+00
1.039134167886445415e+00
1.039145395603167543e+00
1.039156622588329082e+00
1.039167848841822561e+00
1.039179074363543620e+00
1.039190299153385455e+00
1.039201523211242151e+00
1.039212746537007570e+00
1.039223969130576908e+00
1.039235190991842250e+00
1.039246412120698793e+00
1.039257632517039953e+00
1.039268852180759817e+00
1.039280071111753578e+00
1.039291289309912658e+00
1.039302506775133583e+00
1.039313723507308218e+00
1.039324939506331535e+00
1.039336154772097398e+00
1.039347369304499447e+00
1.039358583103431988e+00
1.039369796168788218e+00
1.039381008500462444e+00
1.039392220098348973e+00
1.039403430962340558e+00
1.039414641092331060e+00
1.039425850488215897e+00
1.039437059149887377e+00
1.039448267077240251e+00
1.039459474270167272e+00
1.039470680728563634e+00
1.039481886452321868e+00
1.039493091441336059e+00
1.039504295695500957e+00
1.039515499214708871e+00
1.039526701998854552e+00
1.039537904047830974e+00
1.039549105361533554e+00
1.039560305939853491e+00
1.039571505782687089e+00
1.039582704889925768e+00
1.039593903261464503e+00
1.039605100897196932e+00
1.039616297797016919e+00
1.039627493960817883e+00
1.039638689388492798e+00
1.039649884079936859e+00
1.039661078035041708e+00
1.039672271253703428e+00
1.039683463735813662e+00
1.039694655481266938e+00
1.039705846489956675e+00
1.039717036761776514e+00
1.039728226296620317e+00
1.039739415094380615e+00
1.039750603154952824e+00
1.039761790478229253e+00
1.039772977064103321e+00
1.039784162912469334e+00
1.039795348023220489e+00
1.039806532396250205e+00
1.039817716031452122e+00
1.039828898928719880e+00
1.039840081087947121e+00
1.039851262509026819e+00
1.039862443191853725e+00
1.039873623136319924e+00
1.039884802342319059e+00
1.039895980809745435e+00
1.039907158538492249e+00
1.039918335528452698e+00
1.039929511779519977e+00
1.039940687291588839e+00
1.039951862064550481e+00
1.039963036098300764e+00
1.039974209392730886e+00
1.039985381947736487e+00
1.039996553763208542e+00
1.040007724839042691e+00
1.040018895175131464e+00
1.040030064771367613e+00
1.040041233627645445e+00
1.040052401743857713e+00
1.040063569119898057e+00
1.040074735755659896e+00
1.040085901651035982e+00
1.040097066805920401e+00
1.040108231220205903e+00
1.040119394893785909e+00
1.040130557826554059e+00
1.040141720018403548e+00
1.040152881469226909e+00
1.040164042178918447e+00
1.040175202147371580e+00
1.040186361374477730e+00
1.040197519860132980e+00
1.040208677604228082e+00
1.040219834606657123e+00
1.040230990867313965e+00
1.040242146386091138e+00
1.040253301162881838e+00
1.040264455197579263e+00
1.040275608490077053e+00
1.040286761040267960e+00
1.040297912848045181e+00
1.040309063913301912e+00
1.040320214235931795e+00
1.040331363815826471e+00
1.040342512652881579e+00
1.040353660746988318e+00
1.040364808098040106e+00
1.040375954705930805e+00
1.040387100570552281e+00
1.040398245691799062e+00
1.040409390069562789e+00
1.040420533703737771e+00
1.040431676594216537e+00
1.040442818740892506e+00
1.040453960143657763e+00
1.040465100802406173e+00
1.040476240717030709e+00
1.040487379887423902e+00
1.040498518313480059e+00
1.040509655995091265e+00
1.040520792932149829e+00
1.040531929124550059e+00
1.040543064572184040e+00
1.040554199274945191e+00
1.040565333232726486e+00
1.040576466445420234e+00
1.040587598912920519e+00
1.040598730635119207e+00
1.040609861611909492e+00
1.040620991843185461e+00
1.040632121328838311e+00
1.040643250068762127e+00
1.040654378062849217e+00
1.040665505310993000e+00
1.040676631813085784e+00
1.040687757569020544e+00
1.040698882578689810e+00
1.040710006841987889e+00
1.040721130358805979e+00
1.040732253129037721e+00
1.040743375152575201e+00
1.040754496429312725e+00
1.040765616959142159e+00
1.040776736741956476e+00
1.040787855777648430e+00
1.040798974066109661e+00
1.040810091607235144e+00
1.040821208400916298e+00
1.040832324447046320e+00
1.040843439745517518e+00
1.040854554296223311e+00
1.040865668099055563e+00
1.040876781153907249e+00
1.040887893460672009e+00
1.040899005019241486e+00
1.040910115829509541e+00
1.040921225891366930e+00
1.040932335204707737e+00
1.040943443769424714e+00
1.040954551585410170e+00
1.040965658652556636e+00
1.040976764970757085e+00
1.040987870539903826e+00
1.040998975359890277e+00
1.041010079430607860e+00
1.041021182751949770e+00
1.041032285323808981e+00
1.041043387146077359e+00
1.041054488218648544e+00
1.041065588541414622e+00
1.041076688114267013e+00
1.041087786937099802e+00
1.041098885009804853e+00
1.041109982332275141e+00
1.041121078904402530e+00
1.041132174726080661e+00
1.041143269797201398e+00
1.041154364117656828e+00
1.041165457687340146e+00
1.041176550506142551e+00
1.041187642573959238e+00
1.041198733890679851e+00
1.041209824456197808e+00
1.041220914270406306e+00
1.041232003333197653e+00
1.041243091644462826e+00
1.041254179204095909e+00
1.041265266011989210e+00
1.041276352068034594e+00
1.041287437372124369e+00
1.041298521924150400e+00
1.041309605724006992e+00
1.041320688771584679e+00
1.041331771066777545e+00
1.041342852609476344e+00
1.041353933399572940e+00
1.041365013436962084e+00
1.041376092721534752e+00
1.041387171253183475e+00
1.041398249031799672e+00
1.041409326057276541e+00
1.041420402329506611e+00
1.041431477848381748e+00
1.041442552613795147e+00
1.041453626625637341e+00
1.041464699883801748e+00
1.041475772388180232e+00
1.041486844138665990e+00
1.041497915135150443e+00
1.041508985377525676e+00
1.041520054865683997e+00
1.041531123599518383e+00
1.041542191578919585e+00
1.041553258803781246e+00
1.041564325273994784e+00
1.041575390989452954e+00
1.041586455950047396e+00
1.041597520155670642e+00
1.041608583606214777e+00
1.041619646301571445e+00
1.041630708241634284e+00
1.041641769426293163e+00
1.041652829855441720e+00
1.041663889528972264e+00
1.041674948446776439e+00
1.041686006608746107e+00
1.041697064014773355e+00
1.041708120664750492e+00
1.041719176558569604e+00
1.041730231696122999e+00
1.041741286077302542e+00
1.041752339701999874e+00
1.041763392570107749e+00
1.041774444681517808e+00
1.041785496036121694e+00
1.041796546633813048e+00
1.041807596474481512e+00
1.041818645558020062e+00
1.041829693884321451e+00
1.041840741453277097e+00
1.041851788264778866e+00
1.041862834318719067e+00
1.041873879614989118e+00
1.041884924153481329e+00
1.041895967934087786e+00
1.041907010956700130e+00
1.041918053221210227e+00
1.041929094727510163e+00
1.041940135475492024e+00
1.041951175465047008e+00
1.041962214696067646e+00
1.041973253168445579e+00
1.041984290882073116e+00
1.041995327836841234e+00
1.042006364032642685e+00
1.042017399469369110e+00
1.042028434146911708e+00
1.042039468065163010e+00
1.042050501224015102e+00
1.042061533623358516e+00
1.042072565263085782e+00
1.042083596143088986e+00
1.042094626263259771e+00
1.042105655623489557e+00
1.042116684223670431e+00
1.042127712063694034e+00
1.042138739143452009e+00
1.042149765462836442e+00
1.042160791021739197e+00
1.042171815820051251e+00
1.042182839857665355e+00
1.042193863134471377e+00
1.042204885650363178e+00
1.042215907405231512e+00
1.042226928398967356e+00
1.042237948631463906e+00
1.042248968102611473e+00
1.042259986812302364e+00
1.042271004760427777e+00
1.042282021946879800e+00
1.042293038371550074e+00
1.042304054034330241e+00
1.042315068935111277e+00
1.042326083073785714e+00
1.042337096450244749e+00
1.042348109064380024e+00
1.042359120916082516e+00
1.042370132005243866e+00
1.042381142331756605e+00
1.042392151895511709e+00
1.042403160696401043e+00
1.042414168734315361e+00
1.042425176009146748e+00
1.042436182520786847e+00
1.042447188269126412e+00
1.042458193254058196e+00
1.042469197475472953e+00
1.042480200933261436e+00
1.042491203627316398e+00
1.042502205557529038e+00
1.042513206723790553e+00
1.042524207125991698e+00
1.042535206764024558e+00
1.042546205637781442e+00
1.042557203747152439e+00
1.042568201092029412e+00
1.042579197672303559e+00
1.042590193487866967e+00
1.042601188538610391e+00
1.042612182824425693e+00
1.042623176345203850e+00
1.042634169100836061e+00
1.042645161091214190e+00
1.042656152316229656e+00
1.042667142775772993e+00
1.042678132469736507e+00
1.042689121398010066e+00
1.042700109560486865e+00
1.042711096957056993e+00
1.042722083587611426e+00
1.042733069452042027e+00
1.042744054550241328e+00
1.042755038882098306e+00
1.042766022447505270e+00
1.042777005246354083e+00
1.042787987278535278e+00
1.042798968543940052e+00
1.042809949042459605e+00
1.042820928773985578e+00
1.042831907738408503e+00
1.042842885935619801e+00
1.042853863365511558e+00
1.042864840027973194e+00
1.042875815922897464e+00
1.042886791050175788e+00
1.042897765409697808e+00
1.042908739001354945e+00
1.042919711825039064e+00
1.042930683880640919e+00
1.042941655168051929e+00
1.042952625687163293e+00
1.042963595437865321e+00
1.042974564420049433e+00
1.042985532633607271e+00
1.042996500078429145e+00
1.043007466754406698e+00
1.043018432661431127e+00
1.043029397799392299e+00
1.043040362168182522e+00
1.043051325767692550e+00
1.043062288597812914e+00
1.043073250658435258e+00
1.043084211949449891e+00
1.043095172470748677e+00
1.043106132222221705e+00
1.043117091203760172e+00
1.043128049415256164e+00
1.043139006856599327e+00
1.043149963527680857e+00
1.043160919428392175e+00
1.043171874558623813e+00
1.043182828918266303e+00
1.043193782507211731e+00
1.043204735325349741e+00
1.043215687372572642e+00
1.043226638648770077e+00
1.043237589153833467e+00
1.043248538887652899e+00
1.043259487850121348e+00
1.043270436041127569e+00
1.043281383460562761e+00
1.043292330108318566e+00
1.043303275984285072e+00
1.043314221088353921e+00
1.043325165420414313e+00
1.043336108980359445e+00
1.043347051768078515e+00
1.043357993783462057e+00
1.043368935026401489e+00
1.043379875496787568e+00
1.043390815194511489e+00
1.043401754119463343e+00
1.043412692271533881e+00
1.043423629650613860e+00
1.043434566256594698e+00
1.043445502089366039e+00
1.043456437148819527e+00
1.043467371434845470e+00
1.043478304947334401e+00
1.043489237686176629e+00
1.043500169651263576e+00
1.043511100842486217e+00
1.043522031259734861e+00
1.043532960902899598e+00
1.043543889771871402e+00
1.043554817866541029e+00
1.043565745186799010e+00
1.043576671732536543e+00
1.043587597503642828e+00
1.043598522500009951e+00
1.043609446721528000e+00
1.043620370168086176e+00
1.043631292839577895e+00
1.043642214735891471e+00
1.043653135856918546e+00
1.043664056202548318e+00
1.043674975772673319e+00
1.043685894567182304e+00
1.043696812585966693e+00
1.043707729828916575e+00
1.043718646295923591e+00
1.043729561986876719e+00
1.043740476901666714e+00
1.043751391040184773e+00
1.043762304402321206e+00
1.043773216987966324e+00
1.043784128797009769e+00
1.043795039829342963e+00
1.043805950084856882e+00
1.043816859563440502e+00
1.043827768264984579e+00
1.043838676189380310e+00
1.043849583336517561e+00
1.043860489706287531e+00
1.043871395298578753e+00
1.043882300113283534e+00
1.043893204150291076e+00
1.043904107409492354e+00
1.043915009890777235e+00
1.043925911594035583e+00
1.043936812519159707e+00
1.043947712666037919e+00
1.043958612034561639e+00
1.043969510624619845e+00
1.043980408436104179e+00
1.043991305468905617e+00
1.044002201722912027e+00
1.044013097198015494e+00
1.044023991894105885e+00
1.044034885811073510e+00
1.044045778948807568e+00
1.044056671307199480e+00
1.044067562886139555e+00
1.044078453685517216e+00
1.044089343705223438e+00
1.044100232945147422e+00
1.044111121405180809e+00
1.044122009085212133e+00
1.044132895985133036e+00
1.044143782104833162e+00
1.044154667444201934e+00
1.044165552003130548e+00
1.044176435781508649e+00
1.044187318779225881e+00
1.044198200996173664e+00
1.044209082432240754e+00
1.044219963087317682e+00
1.044230842961296091e+00
1.044241722054062960e+00
1.044252600365511041e+00
1.044263477895529535e+00
1.044274354644007863e+00
1.044285230610836557e+00
1.044296105795906371e+00
1.044306980199106505e+00
1.044317853820327269e+00
1.044328726659458306e+00
1.044339598716389927e+00
1.044350469991011554e+00
1.044361340483215050e+00
1.044372210192888506e+00
1.044383079119922009e+00
1.044393947264206313e+00
1.044404814625631284e+00
1.044415681204085899e+00
1.044426546999462246e+00
1.044437412011648192e+00
1.044448276240533380e+00
1.044459139686009452e+00
1.044470002347965831e+00
1.044480864226291050e+00
1.044491725320876974e+00
1.044502585631612579e+00
1.044513445158387066e+00
1.044524303901091189e+00
1.044535161859613925e+00
1.044546019033846918e+00
1.044556875423678033e+00
1.044567731028998248e+00
1.044578585849696761e+00
1.044589439885663218e+00
1.044600293136788594e+00
1.044611145602961644e+00
1.044621997284071790e+00
1.044632848180010010e+00
1.044643698290666167e+00
1.044654547615928131e+00
1.044665396155687320e+00
1.044676243909832936e+00
1.044687090878254621e+00
1.044697937060842463e+00
1.044708782457485663e+00
1.044719627068074974e+00
1.044730470892498930e+00
1.044741313930646953e+00
1.044752156182410241e+00
1.044762997647677327e+00
1.044773838326338300e+00
1.044784678218281915e+00
1.044795517323399370e+00
1.044806355641579199e+00
1.044817193172711489e+00
1.044828029916685441e+00
1.044838865873390477e+00
1.044849701042717571e+00
1.044860535424554593e+00
1.044871369018792517e+00
1.044882201825320100e+00
1.044893033844026764e+00
1.044903865074802152e+00
1.044914695517536574e+00
1.044925525172119229e+00
1.044936354038438209e+00
1.044947182116386042e+00
1.044958009405849264e+00
1.044968835906718851e+00
1.044979661618884004e+00
1.044990486542234809e+00
1.045001310676659800e+00
1.045012134022049066e+00
1.045022956578291584e+00
1.045033778345276332e+00
1.045044599322894063e+00
1.045055419511033978e+00
1.045066238909584388e+00
1.045077057518436048e+00
1.045087875337477490e+00
1.045098692366598803e+00
1.045109508605688520e+00
1.045120324054636507e+00
1.045131138713331742e+00
1.045141952581664313e+00
1.045152765659522753e+00
1.045163577946797373e+00
1.045174389443376928e+00
1.045185200149150839e+00
1.045196010064008085e+00
1.045206819187838088e+00
1.045217627520530268e+00
1.045228435061974270e+00
1.045239241812059294e+00
1.045250047770674318e+00
1.045260852937708318e+00
1.045271657313051383e+00
1.045282460896591825e+00
1.045293263688220398e+00
1.045304065687824302e+00
1.045314866895294736e+00
1.045325667310518680e+00
1.045336466933387110e+00
1.045347265763789002e+00
1.045358063801612669e+00
1.045368861046748643e+00
1.045379657499085013e+00
1.045390453158510313e+00
1.045401248024915519e+00
1.045412042098188943e+00
1.045422835378219784e+00
1.045433627864896575e+00
1.045444419558108740e+00
1.045455210457746142e+00
1.045466000563696651e+00
1.045476789875850576e+00
1.045487578394096451e+00
1.045498366118323030e+00
1.045509153048419737e+00
1.045519939184275104e+00
1.045530724525779442e+00
1.045541509072820840e+00
1.045552292825287388e+00
1.045563075783070284e+00
1.045573857946057172e+00
1.045584639314137032e+00
1.045595419887199728e+00
1.045606199665133129e+00
1.045616978647827100e+00
1.045627756835170397e+00
1.045638534227051331e+00
1.045649310823359990e+00
1.045660086623984464e+00
1.045670861628813508e+00
1.045681635837736767e+00
1.045692409250642774e+00
1.045703181867420506e+00
1.045713953687959163e+00
1.045724724712146170e+00
1.045735494939873167e+00
1.045746264371026246e+00
1.045757033005495940e+00
1.045767800843171003e+00
1.045778567883939303e+00
1.045789334127690928e+00
1.045800099574313080e+00
1.045810864223696068e+00
1.045821628075728871e+00
1.045832391130298689e+00
1.045843153387294722e+00
1.045853914846607280e+00
1.045864675508123787e+00
1.045875435371733442e+00
1.045886194437324779e+00
1.045896952704786553e+00
1.045907710174008187e+00
1.045918466844877104e+00
1.045929222717283169e+00
1.045939977791114917e+00
1.045950732066260436e+00
1.045961485542608704e+00
1.045972238220048478e+00
1.045982990098469179e+00
1.045993741177758229e+00
1.046004491457805274e+00
1.046015240938498181e+00
1.046025989619725927e+00
1.046036737501377045e+00
1.046047484583340959e+00
1.046058230865505312e+00
1.046068976347758195e+00
1.046079721029990139e+00
1.046090464912088125e+00
1.046101207993941573e+00
1.046111950275438351e+00
1.046122691756467438e+00
1.046133432436917365e+00
1.046144172316676890e+00
1.046154911395633436e+00
1.046165649673678200e+00
1.046176387150696385e+00
1.046187123826578302e+00
1.046197859701212707e+00
1.046208594774487022e+00
1.046219329046290669e+00
1.046230062516511516e+00
1.046240795185038541e+00
1.046251527051760055e+00
1.046262258116563704e+00
1.046272988379338686e+00
1.046283717839974425e+00
1.046294446498357456e+00
1.046305174354377421e+00
1.046315901407921967e+00
1.046326627658879627e+00
1.046337353107140045e+00
1.046348077752589312e+00
1.046358801595117516e+00
1.046369524634612302e+00
1.046380246870962649e+00
1.046390968304057312e+00
1.046401688933782159e+00
1.046412408760028834e+00
1.046423127782683205e+00
1.046433846001634027e+00
1.046444563416771167e+00
1.046455280027980494e+00
1.046465995835152096e+00
1.046476710838174062e+00
1.046487425036933816e+00
1.046498138431320335e+00
1.046508851021221487e+00
1.046519562806526027e+00
1.046530273787121157e+00
1.046540983962896521e+00
1.046551693333738875e+00
1.046562401899537198e+00
1.046573109660179579e+00
1.046583816615554996e+00
1.046594522765550206e+00
1.046605228110053520e+00
1.046615932648954139e+00
1.046626636382139708e+00
1.046637339309498316e+00
1.046648041430918274e+00
1.046658742746287896e+00
1.046669443255494381e+00
1.046680142958426263e+00
1.046690841854972520e+00
1.046701539945019466e+00
1.046712237228457187e+00
1.046722933705172887e+00
1.046733629375054209e+00
1.046744324237989465e+00
1.046755018293866746e+00
1.046765711542574584e+00
1.046776403983999959e+00
1.046787095618032071e+00
1.046797786444558120e+00
1.046808476463466864e+00
1.046819165674644614e+00
1.046829854077981015e+00
1.046840541673363933e+00
1.046851228460680794e+00
1.046861914439819685e+00
1.046872599610668697e+00
1.046883283973115253e+00
1.046893967527047664e+00
1.046904650272354464e+00
1.046915332208922189e+00
1.046926013336640038e+00
1.046936693655395878e+00
1.046947373165076911e+00
1.046958051865570560e+00
1.046968729756766026e+00
1.046979406838549842e+00
1.046990083110810987e+00
1.047000758573437551e+00
1.047011433226316068e+00
1.047022107069334407e+00
1.047032780102381544e+00
1.047043452325344681e+00
1.047054123738111908e+00
1.047064794340570426e+00
1.047075464132607880e+00
1.047086133114112805e+00
1.047096801284972845e+00
1.047107468645075645e+00
1.047118135194308630e+00
1.047128800932559889e+00
1.047139465859717067e+00
1.047150129975668253e+00
1.047160793280300206e+00
1.047171455773501902e+00
1.047182117455159212e+00
1.047192778325161999e+00
1.047203438383396135e+00
1.047214097629750373e+00
1.047224756064112139e+00
1.047235413686368855e+00
1.047246070496408388e+00
1.047256726494118162e+00
1.047267381679386489e+00
1.047278036052099459e+00
1.047288689612145829e+00
1.047299342359413021e+00
1.047309994293789126e+00
1.047320645415160900e+00
1.047331295723416433e+00
1.047341945218442483e+00
1.047352593900127582e+00
1.047363241768358488e+00
1.047373888823023735e+00
1.047384535064010302e+00
1.047395180491205391e+00
1.047405825104496646e+00
1.047416468903771491e+00
1.047427111888918461e+00
1.047437754059823867e+00
1.047448395416374911e+00
1.047459035958460127e+00
1.047469675685966495e+00
1.047480314598781215e+00
1.047490952696792599e+00
1.047501589979887404e+00
1.047512226447952388e+00
1.047522862100876306e+00
1.047533496938545916e+00
1.047544130960848197e+00
1.047554764167671459e+00
1.047565396558902240e+00
1.047576028134428849e+00
1.047586658894137379e+00
1.047597288837916141e+00
1.047607917965652335e+00
1.047618546277233165e+00
1.047629173772545830e+00
1.047639800451477754e+00
1.047650426313917027e+00
1.047661051359749296e+00
1.047671675588862650e+00
1.047682299001144512e+00
1.047692921596482751e+00
1.047703543374764124e+00
1.047714164335874720e+00
1.047724784479703075e+00
1.047735403806137056e+00
1.047746022315061865e+00
1.047756640006366258e+00
1.047767256879936770e+00
1.047777872935661270e+00
1.047788488173426735e+00
1.047799102593119480e+00
1.047809716194628038e+00
1.047820328977838500e+00
1.047830940942638733e+00
1.047841552088915273e+00
1.047852162416555766e+00
1.047862771925447190e+00
1.047873380615476302e+00
1.047883988486530971e+00
1.047894595538497287e+00
1.047905201771262895e+00
1.047915807184714998e+00
1.047926411778740574e+00
1.047937015553227047e+00
1.047947618508060952e+00
1.047958220643129712e+00
1.047968821958319641e+00
1.047979422453519271e+00
1.047990022128613585e+00
1.048000620983491338e+00
1.048011219018038620e+00
1.048021816232142411e+00
1.048032412625689691e+00
1.048043008198569215e+00
1.048053602950664853e+00
1.048064196881866028e+00
1.048074789992059053e+00
1.048085382281129574e+00
1.048095973748966347e+00
1.048106564395455464e+00
1.048117154220484126e+00
1.048127743223938868e+00
1.048138331405706225e+00
1.048148918765674065e+00
1.048159505303729366e+00
1.048170091019757999e+00
1.048180675913646942e+00
1.048191259985284729e+00
1.048201843234555675e+00
1.048212425661348313e+00
1.048223007265548956e+00
1.048233588047044140e+00
1.048244168005721733e+00
1.048254747141467158e+00
1.048265325454168062e+00
1.048275902943711202e+00
1.048286479609983113e+00
1.048297055452870552e+00
1.048307630472260499e+00
1.048318204668039266e+00
1.048328778040094278e+00
1.048339350588311181e+00
1.048349922312578508e+00
1.048360493212781241e+00
1.048371063288807026e+00
1.048381632540541730e+00
1.048392200967872778e+00
1.048402768570686483e+00
1.048413335348870268e+00
1.048423901302309780e+00
1.048434466430892886e+00
1.048445030734504124e+00
1.048455594213032027e+00
1.048466156866363130e+00
1.048476718694382637e+00
1.048487279696978636e+00
1.048497839874036996e+00
1.048508399225444920e+00
1.048518957751088276e+00
1.048529515450853378e+00
1.048540072324627870e+00
1.048550628372297178e+00
1.048561183593749835e+00
1.048571737988869268e+00
1.048582291557544677e+00
1.048592844299661486e+00
1.048603396215106454e+00
1.048613947303765670e+00
1.048624497565526337e+00
1.048635047000274323e+00
1.048645595607895942e+00
1.048656143388278172e+00
1.048666690341308216e+00
1.048677236466870388e+00
1.048687781764853222e+00
1.048698326235141920e+00
1.048708869877623462e+00
1.048719412692184383e+00
1.048729954678710330e+00
1.048740495837088060e+00
1.048751036167204775e+00
1.048761575668945456e+00
1.048772114342197748e+00
1.048782652186846631e+00
1.048793189202779752e+00
1.048803725389882757e+00
1.048814260748042404e+00
1.048824795277144561e+00
1.048835328977076209e+00
1.048845861847722993e+00
1.048856393888971672e+00
1.048866925100708336e+00
1.048877455482818855e+00
1.048887985035189985e+00
1.048898513757707596e+00
1.048909041650258667e+00
1.048919568712728845e+00
1.048930094945004221e+00
1.048940620346971997e+00
1.048951144918517597e+00
1.048961668659527113e+00
1.048972191569887302e+00
1.048982713649484255e+00
1.048993234898203619e+00
1.049003755315931707e+00
1.049014274902554833e+00
1.049024793657959087e+00
1.049035311582031893e+00
1.049045828674656899e+00
1.049056344935722640e+00
1.049066860365113429e+00
1.049077374962716247e+00
1.049087888728417406e+00
1.049098401662102331e+00
1.049108913763657336e+00
1.049119425032969177e+00
1.049129935469922392e+00
1.049140445074405292e+00
1.049150953846301970e+00
1.049161461785499627e+00
1.049171968891882800e+00
1.049182475165338690e+00
1.049192980605753611e+00
1.049203485213013209e+00
1.049213988987002688e+00
1.049224491927609693e+00
1.049234994034718982e+00
1.049245495308216203e+00
1.049255995747987669e+00
1.049266495353920581e+00
1.049276994125898588e+00
1.049287492063810445e+00
1.049297989167539802e+00
1.049308485436972527e+00
1.049318980871997153e+00
1.049329475472495998e+00
1.049339969238356929e+00
1.049350462169466258e+00
1.049360954265708745e+00
1.049371445526971591e+00
1.049381935953138667e+00
1.049392425544097174e+00
1.049402914299732981e+00
1.049413402219931069e+00
1.049423889304578861e+00
1.049434375553559340e+00
1.049444860966762150e+00
1.049455345544069829e+00
1.049455796381889128e+00
