1.000000000000000000e+00
1.000000645733374327e+00
1.000031388617213191e+00
1.000062120901292317e+00
1.000092842587356534e+00
1.000123553676945054e+00
1.000154254171605750e+00
1.000184944072883386e+00
1.000215623382326502e+00
1.000246292101480083e+00
1.000276950231894890e+00
1.000307597775120794e+00
1.000338234732709219e+00
1.000368861106212259e+00
1.000399476897183337e+00
1.000430082107176766e+00
1.000460676737748189e+00
1.000491260790454140e+00
1.000521834266852261e+00
1.000552397168501528e+00
1.000582949496962026e+00
1.000613491253794951e+00
1.000644022440561942e+00
1.000674543058827970e+00
1.000705053110156673e+00
1.000735552596112798e+00
1.000766041518264426e+00
1.000796519878179858e+00
1.000826987677428281e+00
1.000857444917580219e+00
1.000887891600207080e+00
1.000918327726882051e+00
1.000948753299179206e+00
1.000979168318673951e+00
1.001009572786942803e+00
1.001039966705564277e+00
1.001070350076116666e+00
1.001100722900181150e+00
1.001131085179338465e+00
1.001161436915172231e+00
1.001191778109266517e+00
1.001222108763206720e+00
1.001252428878579570e+00
1.001282738456973354e+00
1.001313037499977021e+00
1.001343326009182411e+00
1.001373603986180472e+00
1.001403871432565262e+00
1.001434128349931063e+00
1.001464374739874374e+00
1.001494610603992363e+00
1.001524835943883973e+00
1.001555050761149479e+00
1.001585255057390489e+00
1.001615448834209721e+00
1.001645632093211669e+00
1.001675804836002603e+00
1.001705967064189018e+00
1.001736118779380513e+00
1.001766259983186247e+00
1.001796390677218485e+00
1.001826510863089492e+00
1.001856620542414200e+00
1.001886719716808205e+00
1.001916808387889102e+00
1.001946886557275818e+00
1.001976954226588834e+00
1.002007011397449521e+00
1.002037058071481912e+00
1.002067094250310264e+00
1.002097119935561276e+00
1.002127135128862978e+00
1.002157139831844956e+00
1.002187134046137906e+00
1.002217117773374744e+00
1.002247091015189273e+00
1.002277053773217741e+00
1.002307006049097282e+00
1.002336947844466808e+00
1.002366879160967006e+00
1.002396800000239896e+00
1.002426710363929718e+00
1.002456610253681157e+00
1.002486499671142006e+00
1.002516378617960724e+00
1.002546247095787546e+00
1.002576105106274484e+00
1.002605952651075327e+00
1.002635789731845639e+00
1.002665616350242317e+00
1.002695432507924478e+00
1.002725238206552127e+00
1.002755033447788158e+00
1.002784818233295905e+00
1.002814592564741591e+00
1.002844356443792329e+00
1.002874109872117669e+00
1.002903852851388278e+00
1.002933585383277260e+00
1.002963307469459053e+00
1.002993019111610096e+00
1.003022720311408156e+00
1.003052411070533667e+00
1.003082091390668174e+00
1.003111761273495661e+00
1.003141420720701227e+00
1.003171069733972409e+00
1.003200708314998524e+00
1.003230336465470218e+00
1.003259954187081027e+00
1.003289561481525372e+00
1.003319158350500118e+00
1.003348744795703906e+00
1.003378320818837599e+00
1.003407886421603390e+00
1.003437441605706137e+00
1.003466986372851810e+00
1.003496520724749264e+00
1.003526044663108463e+00
1.003555558189642039e+00
1.003585061306064175e+00
1.003614554014091276e+00
1.003644036315441745e+00
1.003673508211835763e+00
1.003702969704995951e+00
1.003732420796646485e+00
1.003761861488513762e+00
1.003791291782326844e+00
1.003820711679815902e+00
1.003850121182713995e+00
1.003879520292755956e+00
1.003908909011678396e+00
1.003938287341220592e+00
1.003967655283123595e+00
1.003997012839130676e+00
1.004026360010987329e+00
1.004055696800441266e+00
1.004085023209241978e+00
1.004114339239141840e+00
1.004143644891894782e+00
1.004172940169257178e+00
1.004202225072987398e+00
1.004231499604846478e+00
1.004260763766597231e+00
1.004290017560004911e+00
1.004319260986837437e+00
1.004348494048864282e+00
1.004377716747857141e+00
1.004406929085591038e+00
1.004436131063842108e+00
1.004465322684389594e+00
1.004494503949014739e+00
1.004523674859501225e+00
1.004552835417634737e+00
1.004581985625204066e+00
1.004611125483999334e+00
1.004640254995813775e+00
1.004669374162443063e+00
1.004698482985684649e+00
1.004727581467339315e+00
1.004756669609209174e+00
1.004785747413099894e+00
1.004814814880818696e+00
1.004843872014175687e+00
1.004872918814983418e+00
1.004901955285056658e+00
1.004930981426213066e+00
1.004959997240272740e+00
1.004989002729058001e+00
1.005017997894393833e+00
1.005046982738108108e+00
1.005075957262030695e+00
1.005104921467994128e+00
1.005133875357834050e+00
1.005162818933388325e+00
1.005191752196496813e+00
1.005220675149003373e+00
1.005249587792753196e+00
1.005278490129595026e+00
1.005307382161379381e+00
1.005336263889960113e+00
1.005365135317193737e+00
1.005393996444938987e+00
1.005422847275057707e+00
1.005451687809414407e+00
1.005480518049876260e+00
1.005509337998313102e+00
1.005538147656597658e+00
1.005566947026605096e+00
1.005595736110213689e+00
1.005624514909304601e+00
1.005653283425761657e+00
1.005682041661471349e+00
1.005710789618322831e+00
1.005739527298209035e+00
1.005768254703024445e+00
1.005796971834667319e+00
1.005825678695038583e+00
1.005854375286041824e+00
1.005883061609583962e+00
1.005911737667574357e+00
1.005940403461925703e+00
1.005969058994553356e+00
1.005997704267376003e+00
1.006026339282314552e+00
1.006054964041293687e+00
1.006083578546240975e+00
1.006112182799086652e+00
1.006140776801764281e+00
1.006169360556210313e+00
1.006197934064364086e+00
1.006226497328168268e+00
1.006255050349568858e+00
1.006283593130514076e+00
1.006312125672956359e+00
1.006340647978850589e+00
1.006369160050154754e+00
1.006397661888830619e+00
1.006426153496842169e+00
1.006454634876157161e+00
1.006483106028746466e+00
1.006511566956584502e+00
1.006540017661648134e+00
1.006568458145918221e+00
1.006596888411378510e+00
1.006625308460015855e+00
1.006653718293820887e+00
1.006682117914787122e+00
1.006710507324911408e+00
1.006738886526193921e+00
1.006767255520638615e+00
1.006795614310252551e+00
1.006823962897045455e+00
1.006852301283031714e+00
1.006880629470228161e+00
1.006908947460655401e+00
1.006937255256337371e+00
1.006965552859301782e+00
1.006993840271579010e+00
1.007022117495203872e+00
1.007050384532214293e+00
1.007078641384651307e+00
1.007106888054559723e+00
1.007135124543988347e+00
1.007163350854989092e+00
1.007191566989617648e+00
1.007219772949932590e+00
1.007247968737997379e+00
1.007276154355877917e+00
1.007304329805644549e+00
1.007332495089370505e+00
1.007360650209133457e+00
1.007388795167014406e+00
1.007416929965097907e+00
1.007445054605472290e+00
1.007473169090229659e+00
1.007501273421466559e+00
1.007529367601281756e+00
1.007557451631779122e+00
1.007585525515065639e+00
1.007613589253252506e+00
1.007641642848454255e+00
1.007669686302789858e+00
1.007697719618382282e+00
1.007725742797357604e+00
1.007753755841846122e+00
1.007781758753982126e+00
1.007809751535903464e+00
1.007837734189752643e+00
1.007865706717675724e+00
1.007893669121822766e+00
1.007921621404348045e+00
1.007949563567409390e+00
1.007977495613168850e+00
1.008005417543792692e+00
1.008033329361451402e+00
1.008061231068318797e+00
1.008089122666573800e+00
1.008117004158398666e+00
1.008144875545980312e+00
1.008172736831509653e+00
1.008200588017181376e+00
1.008228429105194834e+00
1.008256260097753376e+00
1.008284080997064791e+00
1.008311891805340865e+00
1.008339692524797826e+00
1.008367483157655897e+00
1.008395263706140188e+00
1.008423034172479360e+00
1.008450794558906960e+00
1.008478544867660531e+00
1.008506285100982502e+00
1.008534015261119521e+00
1.008561735350322230e+00
1.008589445370846382e+00
1.008617145324951281e+00
1.008644835214901336e+00
1.008672515042965179e+00
1.008700184811416323e+00
1.008727844522532946e+00
1.008755494178596779e+00
1.008783133781894881e+00
1.008810763334718974e+00
1.008838382839364778e+00
1.008865992298133341e+00
1.008893591713329707e+00
1.008921181087264474e+00
1.008948760422252011e+00
1.008976329720611798e+00
1.009003888984668196e+00
1.009031438216749788e+00
1.009058977419190484e+00
1.009086506594328414e+00
1.009114025744507037e+00
1.009141534872074475e+00
1.009169033979383512e+00
1.009196523068792040e+00
1.009224002142662613e+00
1.009251471203363115e+00
1.009278930253265205e+00
1.009306379294747202e+00
1.009333818330191423e+00
1.009361247361985292e+00
1.009388666392520895e+00
1.009416075424196091e+00
1.009443474459412959e+00
1.009470863500579574e+00
1.009498242550108227e+00
1.009525611610416984e+00
1.009552970683928574e+00
1.009580319773071277e+00
1.009607658880278480e+00
1.009634988007988232e+00
1.009662307158644579e+00
1.009689616334696227e+00
1.009716915538597659e+00
1.009744204772808684e+00
1.009771484039793776e+00
1.009798753342023403e+00
1.009826012681972918e+00
1.009853262062123225e+00
1.009880501484960780e+00
1.009907730952977145e+00
1.009934950468670101e+00
1.009962160034541867e+00
1.009989359653100660e+00
1.010016549326860247e+00
1.010043729058340167e+00
1.010070898850064625e+00
1.010098058704564705e+00
1.010125208624376159e+00
1.010152348612040951e+00
1.010179478670106157e+00
1.010206598801124622e+00
1.010233709007655412e+00
1.010260809292262918e+00
1.010287899657517308e+00
1.010314980105994742e+00
1.010342050640276934e+00
1.010369111262951591e+00
1.010396161976611973e+00
1.010423202783857777e+00
1.010450233687294030e+00
1.010477254689531978e+00
1.010504265793188861e+00
1.010531267000888134e+00
1.010558258315258584e+00
1.010585239738935659e+00
1.010612211274560357e+00
1.010639172924779894e+00
1.010666124692247925e+00
1.010693066579623656e+00
1.010719998589573621e+00
1.010746920724769904e+00
1.010773832987889920e+00
1.010800735381618187e+00
1.010827627908645221e+00
1.010854510571667975e+00
1.010881383373389397e+00
1.010908246316518877e+00
1.010935099403772464e+00
1.010961942637872424e+00
1.010988776021546576e+00
1.011015599557532729e+00
1.011042413248571803e+00
1.011069217097410933e+00
1.011096011106804804e+00
1.011122795279514541e+00
1.011149569618307709e+00
1.011176334125958309e+00
1.011203088805247452e+00
1.011229833658962241e+00
1.011256568689897106e+00
1.011283293900852476e+00
1.011310009294640766e+00
1.011336714874075504e+00
1.011363410641976435e+00
1.011390096601171740e+00
1.011416772754496263e+00
1.011443439104791953e+00
1.011470095654907864e+00
1.011496742407699267e+00
1.011523379366028985e+00
1.011550006532766943e+00
1.011576623910789285e+00
1.011603231502983702e+00
1.011629829312240991e+00
1.011656417341457503e+00
1.011682995593538692e+00
1.011709564071396894e+00
1.011736122777951774e+00
1.011762671716130324e+00
1.011789210888866863e+00
1.011815740299102373e+00
1.011842259949785827e+00
1.011868769843873528e+00
1.011895269984331325e+00
1.011921760374131063e+00
1.011948241016249694e+00
1.011974711913672831e+00
1.012001173069394522e+00
1.012027624486415478e+00
1.012054066167744626e+00
1.012080498116398442e+00
1.012106920335400284e+00
1.012133332827781951e+00
1.012159735596583010e+00
1.012186128644851024e+00
1.012212511975641105e+00
1.012238885592015247e+00
1.012265249497043662e+00
1.012291603693804998e+00
1.012317948185384786e+00
1.012344282974877441e+00
1.012370608065384925e+00
1.012396923460016973e+00
1.012423229161891314e+00
1.012449525174133891e+00
1.012475811499883527e+00
1.012502088142284151e+00
1.012528355104483024e+00
1.012554612389639175e+00
1.012580860000919847e+00
1.012607097941500722e+00
1.012633326214565033e+00
1.012659544823304669e+00
1.012685753770920849e+00
1.012711953060621672e+00
1.012738142695624566e+00
1.012764322679156503e+00
1.012790493014452453e+00
1.012816653704754488e+00
1.012842804753313342e+00
1.012868946163389516e+00
1.012895077938251731e+00
1.012921200081176920e+00
1.012947312595451566e+00
1.012973415484369921e+00
1.012999508751236011e+00
1.013025592399361852e+00
1.013051666432072340e+00
1.013077730852701697e+00
1.013103785664584811e+00
1.013129830871070558e+00
1.013155866475516031e+00
1.013181892481288315e+00
1.013207908891763154e+00
1.013233915710325173e+00
1.013259912940368324e+00
1.013285900585295884e+00
1.013311878648520459e+00
1.013337847133464420e+00
1.013363806043559467e+00
1.013389755382245516e+00
1.013415695152972251e+00
1.013441625359199350e+00
1.013467546004395148e+00
1.013493457092037975e+00
1.013519358625616151e+00
1.013545250608626658e+00
1.013571133044576467e+00
1.013597005936982320e+00
1.013622869289373840e+00
1.013648723105293081e+00
1.013674567388280989e+00
1.013700402141894052e+00
1.013726227369698307e+00
1.013752043075270004e+00
1.013777849262195385e+00
1.013803645934070685e+00
1.013829433094502130e+00
1.013855210747105717e+00
1.013880978895508100e+00
1.013906737543346592e+00
1.013932486694268942e+00
1.013958226351931557e+00
1.013983956520001728e+00
1.014009677202157400e+00
1.014035388402086957e+00
1.014061090123488329e+00
1.014086782370071216e+00
1.014112465145554864e+00
1.014138138453669402e+00
1.014163802298155614e+00
1.014189456682766721e+00
1.014215101611274816e+00
1.014240737087445554e+00
1.014266363115063019e+00
1.014291979697922397e+00
1.014317586839829755e+00
1.014343184544601817e+00
1.014368772816066855e+00
1.014394351658063576e+00
1.014419921074442010e+00
1.014445481069063737e+00
1.014471031645800547e+00
1.014496572808538222e+00
1.014522104561170313e+00
1.014547626907602584e+00
1.014573139851753014e+00
1.014598643397550015e+00
1.014624137548934435e+00
1.014649622309857557e+00
1.014675097684282656e+00
1.014700563676184775e+00
1.014726020289550501e+00
1.014751467528378637e+00
1.014776905396692408e+00
1.014802333898504605e+00
1.014827753037849778e+00
1.014853162818773580e+00
1.014878563245334542e+00
1.014903954321602741e+00
1.014929336051660469e+00
1.014954708439602005e+00
1.014980071489533842e+00
1.015005425205574463e+00
1.015030769591855231e+00
1.015056104652520830e+00
1.015081430391725714e+00
1.015106746813637884e+00
1.015132053922437771e+00
1.015157351722318690e+00
1.015182640217485721e+00
1.015207919412157489e+00
1.015233189310564166e+00
1.015258449916949468e+00
1.015283701235569547e+00
1.015308943270693209e+00
1.015334176026619017e+00
1.015359399507631322e+00
1.015384613718038676e+00
1.015409818662162955e+00
1.015435014344338915e+00
1.015460200768914634e+00
1.015485377940251510e+00
1.015510545862724046e+00
1.015535704540720063e+00
1.015560853978641376e+00
1.015585994180902230e+00
1.015611125151939076e+00
1.015636246896188810e+00
1.015661359418106757e+00
1.015686462722162231e+00
1.015711556812838534e+00
1.015736641694632292e+00
1.015761717372054340e+00
1.015786783849629282e+00
1.015811841131895710e+00
1.015836889223405981e+00
1.015861928128726221e+00
1.015886957852437433e+00
1.015911978399133941e+00
1.015936989773424726e+00
1.015961991979932977e+00
1.015986985023295874e+00
1.016011968908178575e+00
1.016036943639276213e+00
1.016061909221240400e+00
1.016086865658768046e+00
1.016111812956570493e+00
1.016136751119373738e+00
1.016161680151918212e+00
1.016186600058959666e+00
1.016211510845268506e+00
1.016236412515629794e+00
1.016261305074843690e+00
1.016286188527725454e+00
1.016311062879105664e+00
1.016335928133829114e+00
1.016360784296756803e+00
1.016385631372764387e+00
1.016410469366743063e+00
1.016435298283663524e+00
1.016460118128445611e+00
1.016484928905993845e+00
1.016509730621264262e+00
1.016534523279228885e+00
1.016559306884875502e+00
1.016584081443207666e+00
1.016608846959245360e+00
1.016633603438023448e+00
1.016658350884594331e+00
1.016683089304025289e+00
1.016707818701400479e+00
1.016732539081820041e+00
1.016757250450400552e+00
1.016781952812274570e+00
1.016806646172591533e+00
1.016831330536516864e+00
1.016856005909336336e+00
1.016880672296178068e+00
1.016905329702255223e+00
1.016929978132803836e+00
1.016954617593076815e+00
1.016979248088343502e+00
1.017003869623891221e+00
1.017028482205023510e+00
1.017053085837062110e+00
1.017077680525345418e+00
1.017102266275229594e+00
1.017126843092088118e+00
1.017151410981311788e+00
1.017175969948309167e+00
1.017200519998506580e+00
1.017225061137347453e+00
1.017249593370322502e+00
1.017274116702973297e+00
1.017298631140735266e+00
1.017323136689127328e+00
1.017347633353686165e+00
1.017372121139967556e+00
1.017396600053545042e+00
1.017421070100010816e+00
1.017445531284975502e+00
1.017469983614069040e+00
1.017494427092938913e+00
1.017518861727252144e+00
1.017543287522694184e+00
1.017567704484969804e+00
1.017592112619801981e+00
1.017616511932933676e+00
1.017640902430126060e+00
1.017665284117161617e+00
1.017689656999840153e+00
1.017714021083980347e+00
1.017738376375420639e+00
1.017762722880019677e+00
1.017787060603654758e+00
1.017811389552223389e+00
1.017835709731642391e+00
1.017860021147848792e+00
1.017884323806798719e+00
1.017908617714468944e+00
1.017932902876855339e+00
1.017957179299975090e+00
1.017981446989863592e+00
1.018005705952578221e+00
1.018029956194195673e+00
1.018054197720812848e+00
1.018078430538814194e+00
1.018102654654154282e+00
1.018126870072987300e+00
1.018151076801501631e+00
1.018175274845906531e+00
1.018199464212433014e+00
1.018223644907333414e+00
1.018247816936881156e+00
1.018271980307371871e+00
1.018296135025122506e+00
1.018320281096471769e+00
1.018344418527780348e+00
1.018368547325430695e+00
1.018392667495827242e+00
1.018416779045396625e+00
1.018440881980587909e+00
1.018464976307843495e+00
1.018489062033595349e+00
1.018513139164420656e+00
1.018537207706854186e+00
1.018561267667453585e+00
1.018585319052798033e+00
1.018609361869490471e+00
1.018633396124155599e+00
1.018657421823440989e+00
1.018681438974016862e+00
1.018705447582577195e+00
1.018729447655837506e+00
1.018753439200537292e+00
1.018777422223438922e+00
1.018801396731327857e+00
1.018825362731012873e+00
1.018849320229326061e+00
1.018873269233437240e+00
1.018897209750213140e+00
1.018921141786398143e+00
1.018945065348935808e+00
1.018968980444794337e+00
1.018992887080966803e+00
1.019016785264471592e+00
1.019040675002351737e+00
1.019064556301676028e+00
1.019088429169538568e+00
1.019112293613058773e+00
1.019136149639381372e+00
1.019159997255677741e+00
1.019183836469143900e+00
1.019207667287002739e+00
1.019231489716502681e+00
1.019255303764918352e+00
1.019279109439034325e+00
1.019302906746533122e+00
1.019326695694776630e+00
1.019350476291127405e+00
1.019374248542973316e+00
1.019398012457727987e+00
1.019421768042830578e+00
1.019445515305746230e+00
1.019469254253965840e+00
1.019492984895006504e+00
1.019516707236410635e+00
1.019540421285747511e+00
1.019564127050612168e+00
1.019587824538626064e+00
1.019611513757436860e+00
1.019635194714718640e+00
1.019658867418509640e+00
1.019682531877255105e+00
1.019706188097990296e+00
1.019729836088536734e+00
1.019753475856745251e+00
1.019777107410495764e+00
1.019800730757699059e+00
1.019824345906294560e+00
1.019847952864252560e+00
1.019871551639573104e+00
1.019895142240287100e+00
1.019918724674455213e+00
1.019942298950169635e+00
1.019965865075552314e+00
1.019989423058757172e+00
1.020012972907968551e+00
1.020036514631402325e+00
1.020060048236197003e+00
1.020083573730680371e+00
1.020107091123715781e+00
1.020130600423585499e+00
1.020154101638599764e+00
1.020177594777096797e+00
1.020201079847443015e+00
1.020224556858033482e+00
1.020248025817290793e+00
1.020271486733667077e+00
1.020294939615641772e+00
1.020318384471723183e+00
1.020341821310448038e+00
1.020365250140381930e+00
1.020388670970118428e+00
1.020412083808279968e+00
1.020435488663517631e+00
1.020458885547248951e+00
1.020482274466292250e+00
1.020505655429346792e+00
1.020529028445273267e+00
1.020552393522967449e+00
1.020575750671359971e+00
1.020599099899417217e+00
1.020622441216140430e+00
1.020645774630567271e+00
1.020669100151770481e+00
1.020692417788859441e+00
1.020715727550980167e+00
1.020739029447314428e+00
1.020762323487080847e+00
1.020785609679535799e+00
1.020808888033972073e+00
1.020832158559342506e+00
1.020855421264222462e+00
1.020878676158812670e+00
1.020901923252511612e+00
1.020925162554752852e+00
1.020948394075005039e+00
1.020971617822772348e+00
1.020994833807595148e+00
1.021018042039048668e+00
1.021041242526744552e+00
1.021064435280330418e+00
1.021087620309489630e+00
1.021110797623942190e+00
1.021133967233444073e+00
1.021157129147788112e+00
1.021180283376803111e+00
1.021203429930355622e+00
1.021226568818492719e+00
1.021249700051147125e+00
1.021272823638224025e+00
1.021295939589745405e+00
1.021319047915770994e+00
1.021342148626398272e+00
1.021365241731763351e+00
1.021388327242040317e+00
1.021411405167441666e+00
1.021434475518218310e+00
1.021457538304659796e+00
1.021480593537094972e+00
1.021503641225890879e+00
1.021526681381454305e+00
1.021549714014230448e+00
1.021572739134704921e+00
1.021595756753401973e+00
1.021618766880054485e+00
1.021641769525842180e+00
1.021664764701418981e+00
1.021687752417440143e+00
1.021710732684598888e+00
1.021733705513627299e+00
1.021756670915295873e+00
1.021779628900413739e+00
1.021802579479828443e+00
1.021825522664426611e+00
1.021848458465133502e+00
1.021871386892913680e+00
1.021894307958770565e+00
1.021917221673746212e+00
1.021940128048922869e+00
1.021963027095421195e+00
1.021985918825015327e+00
1.022008803250181286e+00
1.022031680380874441e+00
1.022054550228447489e+00
1.022077412804297536e+00
1.022100268119865873e+00
1.022123116186639535e+00
1.022145957016150408e+00
1.022168790619975232e+00
1.022191617009736930e+00
1.022214436197103948e+00
1.022237248193790915e+00
1.022260053011558645e+00
1.022282850662214582e+00
1.022305641157612355e+00
1.022328424509653333e+00
1.022351200730285070e+00
1.022373969831796847e+00
1.022396731826215266e+00
1.022419486725486992e+00
1.022442234541766304e+00
1.022464975287257216e+00
1.022487708974212817e+00
1.022510435614935931e+00
1.022533155221779566e+00
1.022555867807146912e+00
1.022578573383491340e+00
1.022601271963317293e+00
1.022623963559179838e+00
1.022646648183685558e+00
1.022669325849492106e+00
1.022691996569309092e+00
1.022714660355897864e+00
1.022737317222072173e+00
1.022759967178618723e+00
1.022782610239900247e+00
1.022805246418910796e+00
1.022827875728603786e+00
1.022850498181981038e+00
1.022873113792093447e+00
1.022895722572040977e+00
1.022918324534972667e+00
1.022940919694087292e+00
1.022963508062632698e+00
1.022986089653906250e+00
1.023008664481255714e+00
1.023031232558077486e+00
1.023053793897819030e+00
1.023076348513977329e+00
1.023098896420099324e+00
1.023121437629775254e+00
1.023143972156638215e+00
1.023166500014401903e+00
1.023189021216814210e+00
1.023211535777674097e+00
1.023234043710831376e+00
1.023256545030186704e+00
1.023279039749691810e+00
1.023301527883349493e+00
1.023324009445214289e+00
1.023346484449391580e+00
1.023368952910038709e+00
1.023391414841364533e+00
1.023413870257629421e+00
1.023436319173146147e+00
1.023458761602278999e+00
1.023481197559444666e+00
1.023503627059706655e+00
1.023526050118019004e+00
1.023548466748933850e+00
1.023570876967313525e+00
1.023593280788098081e+00
1.023615678226307057e+00
1.023638069297040820e+00
1.023660454013948229e+00
1.023682832392354802e+00
1.023705204447523220e+00
1.023727570194479464e+00
1.023749929648282597e+00
1.023772282824022550e+00
1.023794629736819006e+00
1.023816970404167970e+00
1.023839304840362674e+00
1.023861633061009524e+00
1.023883955081816843e+00
1.023906270918583328e+00
1.023928580587198267e+00
1.023950884103181247e+00
1.023973181479869377e+00
1.023995472734501089e+00
1.024017757882743629e+00
1.024040036940276233e+00
1.024062309922787017e+00
1.024084576845968542e+00
1.024106837727082109e+00
1.024129092584953105e+00
1.024151341434077933e+00
1.024173584291115269e+00
1.024195821172854792e+00
1.024218052096224518e+00
1.024240277078295902e+00
1.024262496133366618e+00
1.024284709276655159e+00
1.024306916526475986e+00
1.024329117899355213e+00
1.024351313411819620e+00
1.024373503080392656e+00
1.024395686921587778e+00
1.024417864954612289e+00
1.024440037196251430e+00
1.024462203662906301e+00
1.024484364371796463e+00
1.024506519340220301e+00
1.024528668585557911e+00
1.024550812125272881e+00
1.024572949975185887e+00
1.024595082153630043e+00
1.024617208678268776e+00
1.024639329566708001e+00
1.024661444836623581e+00
1.024683554505759542e+00
1.024705658591929414e+00
1.024727757113015336e+00
1.024749850086968950e+00
1.024771937531810506e+00
1.024794019467319073e+00
1.024816095911694536e+00
1.024838166882519941e+00
1.024860232398245641e+00
1.024882292477397705e+00
1.024904347138580363e+00
1.024926396400474005e+00
1.024948440281836293e+00
1.024970478801501717e+00
1.024992511978381593e+00
1.025014539830600979e+00
1.025036562376018034e+00
1.025058579634881006e+00
1.025080591626269078e+00
1.025102598369329820e+00
1.025124599883279197e+00
1.025146596187402226e+00
1.025168587301052536e+00
1.025190573243652148e+00
1.025212554034691692e+00
1.025234529693682228e+00
1.025256500239726698e+00
1.025278465692881280e+00
1.025300426072878857e+00
1.025322381399519367e+00
1.025344331692669586e+00
1.025366276972262236e+00
1.025388217258297319e+00
1.025410152570840783e+00
1.025432082930025857e+00
1.025454008356051494e+00
1.025475928868814890e+00
1.025497844488523436e+00
1.025519755235484443e+00
1.025541661130009885e+00
1.025563562192773448e+00
1.025585458444296050e+00
1.025607349905113708e+00
1.025629236595891891e+00
1.025651118537891371e+00
1.025672995752012984e+00
1.025694868259063197e+00
1.025716736080059643e+00
1.025738599236083459e+00
1.025760457748279286e+00
1.025782311637854605e+00
1.025804160926080177e+00
1.025826005634290272e+00
1.025847845783991019e+00
1.025869681396612831e+00
1.025891512493667168e+00
1.025913339096751198e+00
1.025935161227526038e+00
1.025956978907716088e+00
1.025978792159109920e+00
1.026000601003559165e+00
1.026022405462979847e+00
1.026044205560856959e+00
1.026066001319152265e+00
1.026087792760226103e+00
1.026109579906679947e+00
1.026131362780887013e+00
1.026153141401719981e+00
1.026174915793107267e+00
1.026196685977103451e+00
1.026218451975758006e+00
1.026240213812293689e+00
1.026261971511914783e+00
1.026283725095962218e+00
1.026305474587509314e+00
1.026327220009739305e+00
1.026348961389444092e+00
1.026370698753249044e+00
1.026392432124283438e+00
1.026414161527923641e+00
1.026435886989845780e+00
1.026457608519180109e+00
1.026479326118429070e+00
1.026501039843414675e+00
1.026522749685008007e+00
1.026544455719151427e+00
1.026566157948951785e+00
1.026587856385859698e+00
1.026609551048892843e+00
1.026631241960813679e+00
1.026652929169983741e+00
1.026674612689779442e+00
1.026696292535579813e+00
1.026717968718716678e+00
1.026739641265264291e+00
1.026761310226067314e+00
1.026782975632740458e+00
1.026804637504443951e+00
1.026826295866184457e+00
1.026847950672816312e+00
1.026869602039848672e+00
1.026891249969295705e+00
1.026912894429011125e+00
1.026934535521120573e+00
1.026956475402952096e+00
1.026956475402952096e+00
1.026967190435176036e+00
1.026977755510188217e+00
1.026988319764069679e+00
1.026998883245299421e+00
1.027009445964209400e+00
1.027020007836682236e+00
1.027030568935171750e+00
1.027041129287621590e+00
1.027051688863565460e+00
1.027062247649283000e+00
1.027072805691085833e+00
1.027083362960669266e+00
1.027093919468721195e+00
1.027104475221542579e+00
1.027115030217845115e+00
1.027125584452842411e+00
1.027136137926567105e+00
1.027146690643584437e+00
1.027157242608449650e+00
1.027167793821938124e+00
1.027178344288330880e+00
1.027188894013194131e+00
1.027199443005738511e+00
1.027209991266656131e+00
1.027220538801820515e+00
1.027231085621377993e+00
1.027241631728374349e+00
1.027252177118455290e+00
1.027262721786177613e+00
1.027273265732838947e+00
1.027283808966653611e+00
1.027294351495565694e+00
1.027304893316579815e+00
1.027315434431305352e+00
1.027325974849481849e+00
1.027336514574980653e+00
1.027347053610312866e+00
1.027357591958261818e+00
1.027368129621727633e+00
1.027378666601777679e+00
1.027389202901153986e+00
1.027399738522598360e+00
1.027410273471627722e+00
1.027420807747258413e+00
1.027431341350924177e+00
1.027441874286149748e+00
1.027452406555652509e+00
1.027462938160222494e+00
1.027473469110394610e+00
1.027483999408672410e+00
1.027494529057559225e+00
1.027505058060681709e+00
1.027515586419166516e+00
1.027526114134761359e+00
1.027536641210311297e+00
1.027547167648478643e+00
1.027557693450688481e+00
1.027568218623615248e+00
1.027578743170330711e+00
1.027589267092851477e+00
1.027599790391715118e+00
1.027610313070151049e+00
1.027620835132089683e+00
1.027631356581259592e+00
1.027641877420852001e+00
1.027652397655058891e+00
1.027662917286545241e+00
1.027673436316373978e+00
1.027683954748661144e+00
1.027694472586104801e+00
1.027704989831043969e+00
1.027715506493668496e+00
1.027726022575350839e+00
1.027736538077878237e+00
1.027747053007514788e+00
1.027757567357333146e+00
1.027768081131770206e+00
1.027778594335061912e+00
1.027789106967417210e+00
1.027799619039640566e+00
1.027810130554448032e+00
1.027820641513833344e+00
1.027831151922790287e+00
1.027841661778959192e+00
1.027852171084684185e+00
1.027862679843883020e+00
1.027873188058008980e+00
1.027883695734035374e+00
1.027894202876640684e+00
1.027904709487971191e+00
1.027915215572082985e+00
1.027925721129620884e+00
1.027936226161053845e+00
1.027946730670373565e+00
1.027957234660390684e+00
1.027967738135136200e+00
1.027978241101154433e+00
1.027988743560883211e+00
1.027999245517553284e+00
1.028009746975389271e+00
1.028020247932090125e+00
1.028030748392004146e+00
1.028041248359297777e+00
1.028051747834791030e+00
1.028062246828483017e+00
1.028072745342512251e+00
1.028083243378983713e+00
1.028093740940605461e+00
1.028104238026409822e+00
1.028114734639177685e+00
1.028125230782104271e+00
1.028135726458383026e+00
1.028146221671204064e+00
1.028156716423755945e+00
1.028167210719224789e+00
1.028177704560793382e+00
1.028188197951643623e+00
1.028198690894953415e+00
1.028209183393899773e+00
1.028219675451656379e+00
1.028230167071394696e+00
1.028240658256284190e+00
1.028251149009491439e+00
1.028261639332822552e+00
1.028272129227186582e+00
1.028282618700524731e+00
1.028293107755871238e+00
1.028303596396262343e+00
1.028314084624737168e+00
1.028324572444337059e+00
1.028335059858106248e+00
1.028345546869091187e+00
1.028356033480340548e+00
1.028366519694906334e+00
1.028377005515842546e+00
1.028387490946205185e+00
1.028397975989054025e+00
1.028408460647449951e+00
1.028418944924457401e+00
1.028429428823142588e+00
1.028439912344614626e+00
1.028450395493547331e+00
1.028460878274184198e+00
1.028471360689501957e+00
1.028481842742481778e+00
1.028492324436110827e+00
1.028502805773380491e+00
1.028513286757286815e+00
1.028523767390830956e+00
1.028534247677017621e+00
1.028544727618856403e+00
1.028555207220242851e+00
1.028565686483019936e+00
1.028576165410207022e+00
1.028586644004893413e+00
1.028597122270163977e+00
1.028607600209099138e+00
1.028618077824775101e+00
1.028628555120263632e+00
1.028639032098632944e+00
1.028649508762947695e+00
1.028659985115706776e+00
1.028670461159184146e+00
1.028680936898562548e+00
1.028691412336732336e+00
1.028701887476600518e+00
1.028712362321090534e+00
1.028722836873140256e+00
1.028733311135702211e+00
1.028743785111742470e+00
1.028754258804240429e+00
1.028764732216187250e+00
1.028775205352297606e+00
1.028785678214505728e+00
1.028796150804171639e+00
1.028806623124548736e+00
1.028817095178873764e+00
1.028827566970365259e+00
1.028838038502225993e+00
1.028848509777643194e+00
1.028858980799788325e+00
1.028869451571819083e+00
1.028879922096878952e+00
1.028890392376037521e+00
1.028900862414885431e+00
1.028911332216904784e+00
1.028921801785016799e+00
1.028932271122152686e+00
1.028942740231254094e+00
1.028953209115272438e+00
1.028963677777167796e+00
1.028974146219909791e+00
1.028984614446475376e+00
1.028995082460069987e+00
1.029005550264862956e+00
1.029016017861804411e+00
1.029026485254035839e+00
1.029036952444688957e+00
1.029047419436886157e+00
1.029057886233740504e+00
1.029068352838356404e+00
1.029078819253829158e+00
1.029089285483245853e+00
1.029099751529685136e+00
1.029110217395769578e+00
1.029120683084667975e+00
1.029131148600164636e+00
1.029141613945217415e+00
1.029152079122785945e+00
1.029162544135830304e+00
1.029173008987312121e+00
1.029183473680194583e+00
1.029193938217441096e+00
1.029204402602016621e+00
1.029214866836886566e+00
1.029225330925160886e+00
1.029235794869504561e+00
1.029246258672816827e+00
1.029256722338102836e+00
1.029267185868364409e+00
1.029277649266602479e+00
1.029288112535815092e+00
1.029298575678998295e+00
1.029309038699146139e+00
1.029319501599250453e+00
1.029329964382301288e+00
1.029340427051285811e+00
1.029350889609189634e+00
1.029361352058996149e+00
1.029371814403686081e+00
1.029382276646238603e+00
1.029392738789630668e+00
1.029403200836836119e+00
1.029413662790827910e+00
1.029424124654575445e+00
1.029434586431047238e+00
1.029445048123208251e+00
1.029455509734022112e+00
1.029465971266449786e+00
1.029476432723450241e+00
1.029486894107980000e+00
1.029497355422993143e+00
1.029507816671441534e+00
1.029518277856275033e+00
1.029528738980441060e+00
1.029539200046884373e+00
1.029549661058547727e+00
1.029560122018371437e+00
1.029570582929293376e+00
1.029581043794249418e+00
1.029591504616172770e+00
1.029601965397993979e+00
1.029612426142642034e+00
1.029622886853042596e+00
1.029633347532119769e+00
1.029643808182794551e+00
1.029654268807985940e+00
1.029664729410610047e+00
1.029675189993408235e+00
1.029685650559471588e+00
1.029696111111734869e+00
1.029706571653102198e+00
1.029717032186474812e+00
1.029727492714751946e+00
1.029737953240830173e+00
1.029748413767603843e+00
1.029758874297964200e+00
1.029769334834801153e+00
1.029779795381001284e+00
1.029790255939449173e+00
1.029800716513026515e+00
1.029811177104612785e+00
1.029821637717085681e+00
1.029832098353318903e+00
1.029842559016185044e+00
1.029853019708553807e+00
1.029863480433292233e+00
1.029873941193264697e+00
1.029884401991333798e+00
1.029894862830359026e+00
1.029905323713191878e+00
1.029915784642665200e+00
1.029926245621668235e+00
1.029936706653049594e+00
1.029947167739655223e+00
1.029957628884328846e+00
1.029968090089911747e+00
1.029978551359242323e+00
1.029989012695156747e+00
1.029999474100488976e+00
1.030009935578069635e+00
1.030020397130727572e+00
1.030030858761277424e+00
1.030041320472481647e+00
1.030051782267267679e+00
1.030062244148447714e+00
1.030072706118831283e+00
1.030083168181226361e+00
1.030093630338438926e+00
1.030104092593272513e+00
1.030114554948529104e+00
1.030125017407008015e+00
1.030135479971507229e+00
1.030145942644821844e+00
1.030156405429756061e+00
1.030166868329141616e+00
1.030177331345578651e+00
1.030187794481870478e+00
1.030198257740818635e+00
1.030208721125220883e+00
1.030219184637871210e+00
1.030229648281561605e+00
1.030240112059080282e+00
1.030250575973211680e+00
1.030261040026738462e+00
1.030271504222438850e+00
1.030281968563088624e+00
1.030292433051460232e+00
1.030302897690322794e+00
1.030313362482442541e+00
1.030323827430581929e+00
1.030334292537501417e+00
1.030344757805957023e+00
1.030355223238702544e+00
1.030365688838488003e+00
1.030376154608060535e+00
1.030386620550164389e+00
1.030397086667540041e+00
1.030407552962925299e+00
1.030418019439054644e+00
1.030428486098659446e+00
1.030438952944467745e+00
1.030449419979204917e+00
1.030459887205592784e+00
1.030470354626349616e+00
1.030480822244191685e+00
1.030491290061831045e+00
1.030501758081977082e+00
1.030512226307335855e+00
1.030522694740610534e+00
1.030533163384500961e+00
1.030543632241703644e+00
1.030554101314912652e+00
1.030564570606818053e+00
1.030575040120107033e+00
1.030585509857464110e+00
1.030595979821570252e+00
1.030606450015103315e+00
1.030616920440737827e+00
1.030627391101145429e+00
1.030637861998995097e+00
1.030648333136951589e+00
1.030658804517677440e+00
1.030669276143969748e+00
1.030679748018338726e+00
1.030690220143428926e+00
1.030700692521890449e+00
1.030711165156371178e+00
1.030721638049515221e+00
1.030732111203963575e+00
1.030742584622354130e+00
1.030753058307321668e+00
1.030763532261498083e+00
1.030774006487511718e+00
1.030784480987988028e+00
1.030794955765549137e+00
1.030805430822814284e+00
1.030815906162399598e+00
1.030826381786917656e+00
1.030836857698978148e+00
1.030847333901187879e+00
1.030857810396150320e+00
1.030868287186465393e+00
1.030878764274730797e+00
1.030889241663540234e+00
1.030899719355484523e+00
1.030910197353151814e+00
1.030920675659126484e+00
1.030931154275990247e+00
1.030941633206321484e+00
1.030952112452695246e+00
1.030962592017683921e+00
1.030973071903856564e+00
1.030983552113778901e+00
1.030994032650077274e+00
1.031004513515264343e+00
1.031014994711868749e+00
1.031025476242445116e+00
1.031035958109544071e+00
1.031046440315713797e+00
1.031056922863498926e+00
1.031067405755440980e+00
1.031077888994078373e+00
1.031088372581946633e+00
1.031098856521577956e+00
1.031109340815500985e+00
1.031119825466241702e+00
1.031130310476323197e+00
1.031140795848264569e+00
1.031151281584582691e+00
1.031161767687790665e+00
1.031172254160398705e+00
1.031182741004913916e+00
1.031193228223840075e+00
1.031203715819678290e+00
1.031214203794925677e+00
1.031224692152077349e+00
1.031235180893624204e+00
1.031245670022054917e+00
1.031256159539854389e+00
1.031266649449504635e+00
1.031277139753484784e+00
1.031287630454270188e+00
1.031298121554333758e+00
1.031308613056145296e+00
1.031319104961874400e+00
1.031329597274004195e+00
1.031340089995350651e+00
1.031350583128365139e+00
1.031361076675496591e+00
1.031371570639190605e+00
1.031382065021890115e+00
1.031392559826034949e+00
1.031403055054062268e+00
1.031413550708406346e+00
1.031424046791497906e+00
1.031434543305765894e+00
1.031445040253635259e+00
1.031455537637528286e+00
1.031466035459864816e+00
1.031476533723061140e+00
1.031487032429531103e+00
1.031497531581685223e+00
1.031508031181931351e+00
1.031518531232674230e+00
1.031529031736315716e+00
1.031539532695254779e+00
1.031550034111887282e+00
1.031560535988606642e+00
1.031571038327802281e+00
1.031581541131861846e+00
1.031592044403168984e+00
1.031602548144105347e+00
1.031613052357049032e+00
1.031623557044375250e+00
1.031634062208456326e+00
1.031644567852010308e+00
1.031655073978102299e+00
1.031665580587858955e+00
1.031676087683653487e+00
1.031686595267856443e+00
1.031697103342833710e+00
1.031707611910948508e+00
1.031718120974560282e+00
1.031728630536025371e+00
1.031739140597696336e+00
1.031749651161922188e+00
1.031760162231049049e+00
1.031770673807419270e+00
1.031781185893371644e+00
1.031791698491241860e+00
1.031802211603362052e+00
1.031812725232061245e+00
1.031823239379664470e+00
1.031833754048493645e+00
1.031844269240867806e+00
1.031854784959101767e+00
1.031865301205507679e+00
1.031875817982394139e+00
1.031886335292065970e+00
1.031896853136825110e+00
1.031907371518969940e+00
1.031917890440795960e+00
1.031928409904594446e+00
1.031938929912654235e+00
1.031949450467260165e+00
1.031959971570694412e+00
1.031970493225235153e+00
1.031981015432243076e+00
1.031991538195019986e+00
1.032002061515833624e+00
1.032012585396941740e+00
1.032023109840598529e+00
1.032033634849055082e+00
1.032044160424560264e+00
1.032054686569358948e+00
1.032065213285693783e+00
1.032075740575804090e+00
1.032086268441926746e+00
1.032096796886294854e+00
1.032107325911139295e+00
1.032117855518687399e+00
1.032128385711164054e+00
1.032138916490790814e+00
1.032149447859786351e+00
1.032159979820366447e+00
1.032170512374743998e+00
1.032181045525128571e+00
1.032191579273727289e+00
1.032202113622743944e+00
1.032212648574379443e+00
1.032223184130831806e+00
1.032233720294295942e+00
1.032244257066964099e+00
1.032254794451025415e+00
1.032265332448665918e+00
1.032275871062068751e+00
1.032286410293414392e+00
1.032296950144879988e+00
1.032307490619130075e+00
1.032318031717929907e+00
1.032328573443282771e+00
1.032339115797360263e+00
1.032349658782329982e+00
1.032360202400356863e+00
1.032370746653602511e+00
1.032381291544225643e+00
1.032391837074381202e+00
1.032402383246221467e+00
1.032412930061895606e+00
1.032423477523549460e+00
1.032434025633325980e+00
1.032444574393364567e+00
1.032455123805801733e+00
1.032465673872771106e+00
1.032476224596402758e+00
1.032486775978823879e+00
1.032497328022158767e+00
1.032507880728528171e+00
1.032518434100050175e+00
1.032528988138839310e+00
1.032539542847007219e+00
1.032550098226662882e+00
1.032560654279911505e+00
1.032571211008855405e+00
1.032581768415594459e+00
1.032592326502224545e+00
1.032602885270838877e+00
1.032613444723527785e+00
1.032624004862378486e+00
1.032634565689312778e+00
1.032645127206453406e+00
1.032655689416037914e+00
1.032666252320138645e+00
1.032676815920824387e+00
1.032687380220161932e+00
1.032697945220214519e+00
1.032708510923042944e+00
1.032719077330704449e+00
1.032729644445253836e+00
1.032740212268743019e+00
1.032750780803220580e+00
1.032761350050732663e+00
1.032771920013322076e+00
1.032782490693029187e+00
1.032793062091891034e+00
1.032803634211941990e+00
1.032814207055213318e+00
1.032824780623733618e+00
1.032835354919528603e+00
1.032845929944620877e+00
1.032856505701030159e+00
1.032867082190773722e+00
1.032877659415865512e+00
1.032888237378316365e+00
1.032898816080135118e+00
1.032909395523326612e+00
1.032919975709893912e+00
1.032930556641836306e+00
1.032941138321150865e+00
1.032951720749831326e+00
1.032962303929940262e+00
1.032972887863556899e+00
1.032983472552472470e+00
1.032994057998671389e+00
1.033004644204135625e+00
1.033015231170843817e+00
1.033025818900771942e+00
1.033036407395892864e+00
1.033046996658176564e+00
1.033057586689590357e+00
1.033068177492098227e+00
1.033078769067661273e+00
1.033089361418238594e+00
1.033099954545784849e+00
1.033110548452253141e+00
1.033121143139592801e+00
1.033131738609750938e+00
1.033142334864671330e+00
1.033152931906294647e+00
1.033163529736559783e+00
1.033174128357401189e+00
1.033184727770751765e+00
1.033195327978540856e+00
1.033205928982695365e+00
1.033216530785138643e+00
1.033227133387791818e+00
1.033237736792573136e+00
1.033248341001397730e+00
1.033258946016177848e+00
1.033269551838823297e+00
1.033280158471240773e+00
1.033290765915328313e+00
1.033301374172874043e+00
1.033311983245911447e+00
1.033322593136334788e+00
1.033333203846035664e+00
1.033343815376902786e+00
1.033354427730822200e+00
1.033365040909676624e+00
1.033375654915346997e+00
1.033386269749710928e+00
1.033396885414643140e+00
1.033407501912015913e+00
1.033418119243698419e+00
1.033428737411557607e+00
1.033439356417457322e+00
1.033449976263258741e+00
1.033460596950820154e+00
1.033471218481997411e+00
1.033481840858643253e+00
1.033492464082608420e+00
1.033503088155739880e+00
1.033513713079882601e+00
1.033524338856878888e+00
1.033534965488567714e+00
1.033545592976786054e+00
1.033556221323367774e+00
1.033566850530143855e+00
1.033577480598943277e+00
1.033588111531591469e+00
1.033598743329911640e+00
1.033609375995724333e+00
1.033620009530847206e+00
1.033630643937176963e+00
1.033641279216451991e+00
1.033651915370461749e+00
1.033662552401014123e+00
1.033673190309914336e+00
1.033683829098964724e+00
1.033694468769965180e+00
1.033705109324712712e+00
1.033715750765001884e+00
1.033726393092624152e+00
1.033737036309368529e+00
1.033747680417021586e+00
1.033758325417366786e+00
1.033768971312185148e+00
1.033779618103255027e+00
1.033790265792351892e+00
1.033800914381248770e+00
1.033811563871716022e+00
1.033822214265521122e+00
1.033832865564429104e+00
1.033843517770202558e+00
1.033854170884601187e+00
1.033864824909381586e+00
1.033875479846298573e+00
1.033886135697103859e+00
1.033896792463546266e+00
1.033907450147372842e+00
1.033918108750327081e+00
1.033928768274150478e+00
1.033939428720581644e+00
1.033950090091356300e+00
1.033960752388171311e+00
1.033971415612772393e+00
1.033982079766917916e+00
1.033992744852332946e+00
1.034003410870739881e+00
1.034014077823858901e+00
1.034024745713407079e+00
1.034035414541099041e+00
1.034046084308647417e+00
1.034056755017761731e+00
1.034067426670149059e+00
1.034078099267513817e+00
1.034088772811558199e+00
1.034099447303981734e+00
1.034110122746481286e+00
1.034120799140751057e+00
1.034131476488483470e+00
1.034142154791366952e+00
1.034152834051089043e+00
1.034163514269333728e+00
1.034174195447782996e+00
1.034184877588115725e+00
1.034195560692009019e+00
1.034206244761136650e+00
1.034216929797170836e+00
1.034227615801780242e+00
1.034238302776631979e+00
1.034248990723390271e+00
1.034259679643716456e+00
1.034270369539270096e+00
1.034281060411707864e+00
1.034291752262697983e+00
1.034302445093902900e+00
1.034313138906941987e+00
1.034323833703462148e+00
1.034334529485108289e+00
1.034345226253522654e+00
1.034355924010344818e+00
1.034366622757212140e+00
1.034377322495759532e+00
1.034388023227619025e+00
1.034398724954420645e+00
1.034409427677791760e+00
1.034420131399357512e+00
1.034430836120739938e+00
1.034441541843559520e+00
1.034452248569433408e+00
1.034462956299977199e+00
1.034473665036803380e+00
1.034484374781521998e+00
1.034495085535741321e+00
1.034505797301066732e+00
1.034516510079100726e+00
1.034527223871444246e+00
1.034537938679695568e+00
1.034548654505450083e+00
1.034559371350301182e+00
1.034570089215839817e+00
1.034580808103654492e+00
1.034591528015331496e+00
1.034602248952454229e+00
1.034612970916604313e+00
1.034623693909356046e+00
1.034634417932251083e+00
1.034645142986908573e+00
1.034655869074900147e+00
1.034666596197794997e+00
1.034677324357159200e+00
1.034688053554557507e+00
1.034698783791552001e+00
1.034709515069701657e+00
1.034720247390564341e+00
1.034730980755694585e+00
1.034741715166645148e+00
1.034752450624966125e+00
1.034763187132205609e+00
1.034773924689909030e+00
1.034784663299619600e+00
1.034795402962878308e+00
1.034806143681223922e+00
1.034816885456192326e+00
1.034827628289318069e+00
1.034838372182132371e+00
1.034849117136164676e+00
1.034859863152941983e+00
1.034870610233989296e+00
1.034881358380828953e+00
1.034892107594981070e+00
1.034902857877963545e+00
1.034913609231292053e+00
1.034924361656480052e+00
1.034935115155038110e+00
1.034945869728475243e+00
1.034956625378298023e+00
1.034967382106016354e+00
1.034978139913126371e+00
1.034988898801127100e+00
1.034999658771515563e+00
1.035010419825787453e+00
1.035021181965435577e+00
1.035031945191950520e+00
1.035042709506820868e+00
1.035053474911532545e+00
1.035064241407569918e+00
1.035075008996414470e+00
1.035085777679545682e+00
1.035096547458441041e+00
1.035107318334575366e+00
1.035118090309421257e+00
1.035128863384449760e+00
1.035139637561128811e+00
1.035150412840924794e+00
1.035161189225301426e+00
1.035171966715720648e+00
1.035182745313641739e+00
1.035193525020521976e+00
1.035204305837816863e+00
1.035215087766978792e+00
1.035225870809458604e+00
1.035236654966704917e+00
1.035247440240164130e+00
1.035258226631280198e+00
1.035269014141495081e+00
1.035279802772248514e+00
1.035290592524978459e+00
1.035301383401095343e+00
1.035312175402046453e+00
1.035322968529278187e+00
1.035333762784219847e+00
1.035344558168297180e+00
1.035355354682935047e+00
1.035366152329555200e+00
1.035376951109577837e+00
1.035387751024420933e+00
1.035398552075500023e+00
1.035409354264228865e+00
1.035420157592018997e+00
1.035430962060279736e+00
1.035441767670418622e+00
1.035452574423840311e+00
1.035463382321948123e+00
1.035474191366142938e+00
1.035485001557823859e+00
1.035495812898387102e+00
1.035506625389227553e+00
1.035517439031737874e+00
1.035528253827308065e+00
1.035539069777326793e+00
1.035549886883180504e+00
1.035560705146252758e+00
1.035571524567926227e+00
1.035582345149580474e+00
1.035593166892593509e+00
1.035603989798341340e+00
1.035614813868197759e+00
1.035625639103534334e+00
1.035636465505719972e+00
1.035647293076121356e+00
1.035658121816106281e+00
1.035668951727037657e+00
1.035679782810277505e+00
1.035690615067184739e+00
1.035701448499116717e+00
1.035712283107428799e+00
1.035723118893474126e+00
1.035733955858604061e+00
1.035744794004167524e+00
1.035755633331511660e+00
1.035766473841981616e+00
1.035777315536920762e+00
1.035788158417669580e+00
1.035799002485567666e+00
1.035809847741951506e+00
1.035820694188156477e+00
1.035831541825515512e+00
1.035842390655359546e+00
1.035853240679017517e+00
1.035864091897816586e+00
1.035874944313081469e+00
1.035885797926135332e+00
1.035896652738299117e+00
1.035907508750891992e+00
1.035918365965230681e+00
1.035929224382630576e+00
1.035940084004404405e+00
1.035950944831863563e+00
1.035961806866317003e+00
1.035972670109068794e+00
1.035983534561411235e+00
1.035994400224665934e+00
1.036005267100134075e+00
1.036016135189114840e+00
1.036027004492905634e+00
1.036037875012801202e+00
1.036048746750094951e+00
1.036059619706078516e+00
1.036070493882041310e+00
1.036081369279270303e+00
1.036092245899051578e+00
1.036103123742668330e+00
1.036114002811402424e+00
1.036124883106533723e+00
1.036135764629340095e+00
1.036146647381097186e+00
1.036157531363079087e+00
1.036168416576558116e+00
1.036179303022804143e+00
1.036190190703085712e+00
1.036201079618669141e+00
1.036211969770818975e+00
1.036222861160797537e+00
1.036233753789865597e+00
1.036244647659282148e+00
1.036255542770303961e+00
1.036266439124186034e+00
1.036277336722181364e+00
1.036288235565541616e+00
1.036299135655515791e+00
1.036310036993351558e+00
1.036320939580269274e+00
1.036331843417538812e+00
1.036342748506404510e+00
1.036353654848106487e+00
1.036364562443882420e+00
1.036375471294968653e+00
1.036386381402599310e+00
1.036397292768006739e+00
1.036408205392421511e+00
1.036419119277072420e+00
1.036430034423186264e+00
1.036440950831988284e+00
1.036451868504701501e+00
1.036462787442547384e+00
1.036473707646745845e+00
1.036484629118514134e+00
1.036495551859068387e+00
1.036506475869622745e+00
1.036517401151389350e+00
1.036528327705579011e+00
1.036539255533400317e+00
1.036550184636060079e+00
1.036561115014763335e+00
1.036572046670713565e+00
1.036582979605112254e+00
1.036593913819158885e+00
1.036604849314051391e+00
1.036615786090985925e+00
1.036626724151156864e+00
1.036637663495756811e+00
1.036648604125976370e+00
1.036659546042981717e+00
1.036670489247974780e+00
1.036681433742153713e+00
1.036692379526701790e+00
1.036703326602800290e+00
1.036714274971629379e+00
1.036725224634367226e+00
1.036736175592190001e+00
1.036747127846272321e+00
1.036758081397787024e+00
1.036769036247905618e+00
1.036779992397796946e+00
1.036790949848628962e+00
1.036801908601567623e+00
1.036812868657776887e+00
1.036823830018419379e+00
1.036834792684655726e+00
1.036845756657645001e+00
1.036856721938544723e+00
1.036867688528509968e+00
1.036878656428695145e+00
1.036889625640252000e+00
1.036900596164330945e+00
1.036911568002081063e+00
1.036922541154648991e+00
1.036933515623180257e+00
1.036944491408818392e+00
1.036955468512705369e+00
1.036966446935981390e+00
1.036977426679784875e+00
1.036988407745252694e+00
1.036999390133513721e+00
1.037010373845700162e+00
1.037021358882953326e+00
1.037032345246403198e+00
1.037043332937178208e+00
1.037054321956404790e+00
1.037065312305207820e+00
1.037076303984710623e+00
1.037087296996034969e+00
1.037098291340300626e+00
1.037109287018626036e+00
1.037120284032127637e+00
1.037131282381920538e+00
1.037142282069118071e+00
1.037153283094831790e+00
1.037164285460171920e+00
1.037175289166246905e+00
1.037186294214163196e+00
1.037197300605025907e+00
1.037208308339938823e+00
1.037219317420003728e+00
1.037230327846320632e+00
1.037241339619987990e+00
1.037252352742103145e+00
1.037263367213761223e+00
1.037274383036055792e+00
1.037285400210079089e+00
1.037296418736921577e+00
1.037307438617671940e+00
1.037318459853417529e+00
1.037329482445244144e+00
1.037340506394234474e+00
1.037351531701468321e+00
1.037362558368031040e+00
1.037373586395001990e+00
1.037384615783458530e+00
1.037395646534476246e+00
1.037406678649130276e+00
1.037417712128492875e+00
1.037428746973635407e+00
1.037439783185627240e+00
1.037450820765536408e+00
1.037461859714429613e+00
1.037472900033371781e+00
1.037483941723425618e+00
1.037494984785653385e+00
1.037506029221114900e+00
1.037517075030868874e+00
1.037528122215972237e+00
1.037539170777480591e+00
1.037550220716447757e+00
1.037561272033925786e+00
1.037572324730964279e+00
1.037583378808613288e+00
1.037594434267921306e+00
1.037605491109934830e+00
1.037616549335697913e+00
1.037627608946254165e+00
1.037638669942644309e+00
1.037649732325908847e+00
1.037660796097085836e+00
1.037671861257212225e+00
1.037682927807323185e+00
1.037693995748452780e+00
1.037705065081633293e+00
1.037716135807895235e+00
1.037727207928267781e+00
1.037738281443778998e+00
1.037749356355454733e+00
1.037760432664319943e+00
1.037771510371397587e+00
1.037782589477709516e+00
1.037793669984275580e+00
1.037804751892112964e+00
1.037815835202240855e+00
1.037826919915675106e+00
1.037838006033429572e+00
1.037849093556517222e+00
1.037860182485949023e+00
1.037871272822734614e+00
1.037882364567882076e+00
1.037893457722398605e+00
1.037904552287288729e+00
1.037915648263556756e+00
1.037926745652204774e+00
1.037937844454233538e+00
1.037948944670642248e+00
1.037960046302428996e+00
1.037971149350590094e+00
1.037982253816120304e+00
1.037993359700013496e+00
1.038004467003261322e+00
1.038015575726854545e+00
1.038026685871780819e+00
1.038037797439028243e+00
1.038048910429584470e+00
1.038060024844434270e+00
1.038071140684560634e+00
1.038082257950945664e+00
1.038093376644569465e+00
1.038104496766411033e+00
1.038115618317448252e+00
1.038126741298656786e+00
1.038137865711011631e+00
1.038148991555485789e+00
1.038160118833050927e+00
1.038171247544677822e+00
1.038182377691335034e+00
1.038193509273990456e+00
1.038204642293609981e+00
1.038215776751158392e+00
1.038226912647598921e+00
1.038238049983893685e+00
1.038249188761003028e+00
1.038260328979884184e+00
1.038271470641497052e+00
1.038282613746797756e+00
1.038293758296741531e+00
1.038304904292281394e+00
1.038316051734369694e+00
1.038327200623957225e+00
1.038338350961992784e+00
1.038349502749424724e+00
1.038360655987199399e+00
1.038371810676261831e+00
1.038382966817555930e+00
1.038394124412024055e+00
1.038405283460607231e+00
1.038416443964245151e+00
1.038427605923875729e+00
1.038438769340436219e+00
1.038449934214862092e+00
1.038461100548087490e+00
1.038472268341045224e+00
1.038483437594665437e+00
1.038494608309878497e+00
1.038505780487614549e+00
1.038516954128801073e+00
1.038528129234363995e+00
1.038539305805227908e+00
1.038550483842316075e+00
1.038561663346550645e+00
1.038572844318851995e+00
1.038584026760139389e+00
1.038595210671330982e+00
1.038606396053343150e+00
1.038617582907091386e+00
1.038628771233489401e+00
1.038639961033450243e+00
1.038651152307884518e+00
1.038662345057702829e+00
1.038673539283813341e+00
1.038684734987123770e+00
1.038695932168539837e+00
1.038707130828966374e+00
1.038718330969305104e+00
1.038729532590459748e+00
1.038740735693331585e+00
1.038751940278819674e+00
1.038763146347822408e+00
1.038774353901236402e+00
1.038785562939957163e+00
1.038796773464878864e+00
1.038807985476894791e+00
1.038819198976896230e+00
1.038830413965773580e+00
1.038841630444415909e+00
1.038852848413710728e+00
1.038864067874545105e+00
1.038875288827803889e+00
1.038886511274371038e+00
1.038897735215128959e+00
1.038908960650959390e+00
1.038920187582742072e+00
1.038931416011356079e+00
1.038942645937677822e+00
1.038953877362583267e+00
1.038965110286949267e+00
1.038976344711649347e+00
1.038987580637556141e+00
1.038998818065540730e+00
1.039010056996472864e+00
1.039021297431221402e+00
1.039032539370653652e+00
1.039043782815635586e+00
1.039055027767032513e+00
1.039066274225707964e+00
1.039077522192523917e+00
1.039088771668342126e+00
1.039100022654022348e+00
1.039111275150423008e+00
1.039122529158401864e+00
1.039133784678814898e+00
1.039145041712517203e+00
1.039156300260362542e+00
1.039167560323203343e+00
1.039178821901890037e+00
1.039190084997273278e+00
1.039201349610202607e+00
1.039212615741525347e+00
1.039223883392088155e+00
1.039235152562735909e+00
1.039246423254312823e+00
1.039257695467661335e+00
1.039268969203623216e+00
1.039280244463038461e+00
1.039291521246746397e+00
1.039302799555584800e+00
1.039314079390390555e+00
1.039325360751998995e+00
1.039336643641244118e+00
1.039347928058959480e+00
1.039359214005976639e+00
1.039370501483126485e+00
1.039381790491238355e+00
1.039393081031140698e+00
1.039404373103659962e+00
1.039415666709620822e+00
1.039426961849850395e+00
1.039438258525172243e+00
1.039449556736408598e+00
1.039460856484380358e+00
1.039472157769907978e+00
1.039483460593810138e+00
1.039494764956903960e+00
1.039506070860006570e+00
1.039517378303933093e+00
1.039528687289497322e+00
1.039539997817512385e+00
1.039551309888790298e+00
1.039562623504141525e+00
1.039573938664375641e+00
1.039585255370300665e+00
1.039596573622723952e+00
1.039607893422451745e+00
1.039619214770288513e+00
1.039630537667038057e+00
1.039641862113501958e+00
1.039653188110482462e+00
1.039664515658780486e+00
1.039675844759194723e+00
1.039687175412523201e+00
1.039698507619563062e+00
1.039709841381109667e+00
1.039721176697957716e+00
1.039732513570900574e+00
1.039743852000730495e+00
1.039755191988238625e+00
1.039766533534214776e+00
1.039777876639448317e+00
1.039789221304726619e+00
1.039800567530836384e+00
1.039811915318562985e+00
1.039823264668691349e+00
1.039834615582004185e+00
1.039845968059283754e+00
1.039857322101311432e+00
1.039868677708866596e+00
1.039880034882726179e+00
1.039891393623670668e+00
1.039902753932476553e+00
1.039914115809919437e+00
1.039925479256773588e+00
1.039936844273812167e+00
1.039948210861807665e+00
1.039959579021530578e+00
1.039970948753751401e+00
1.039982320059238630e+00
1.039993692938760095e+00
1.040005067393082738e+00
1.040016443422971948e+00
1.040027821029192223e+00
1.040039200212507176e+00
1.040050580973678862e+00
1.040061963313468674e+00
1.040073347232636891e+00
1.040084732731942463e+00
1.040096119812143671e+00
1.040107508473996578e+00
1.040118898718257467e+00
1.040130290545681735e+00
1.040141683957023000e+00
1.040153078953033772e+00
1.040164475534465671e+00
1.040175873702069431e+00
1.040187273456594452e+00
1.040198674798788803e+00
1.040210077729400329e+00
1.040221482249174878e+00
1.040232888358857632e+00
1.040244296059193330e+00
1.040255705350924487e+00
1.040267116234793177e+00
1.040278528711541028e+00
1.040289942781907451e+00
1.040301358446631186e+00
1.040312775706450754e+00
1.040324194562102456e+00
1.040335615014322368e+00
1.040347037063843239e+00
1.040358460711401145e+00
1.040369885957728391e+00
1.040381312803556835e+00
1.040392741249617004e+00
1.040404171296638314e+00
1.040415602945349516e+00
1.040427036196477806e+00
1.040438471050749714e+00
1.040449907508890659e+00
1.040461345571625174e+00
1.040472785239676234e+00
1.040484226513766819e+00
1.040495669394617906e+00
1.040507113882949808e+00
1.040518559979481950e+00
1.040530007684932423e+00
1.040541457000018877e+00
1.040552907925457182e+00
1.040564360461962767e+00
1.040575814610248839e+00
1.040587270371028827e+00
1.040598727745016161e+00
1.040610186732922271e+00
1.040621647335457256e+00
1.040633109553330327e+00
1.040644573387249361e+00
1.040656038837922237e+00
1.040667505906054613e+00
1.040678974592351924e+00
1.040690444897518496e+00
1.040701916822257322e+00
1.040713390367270730e+00
1.040724865533260157e+00
1.040736342320925711e+00
1.040747820730967055e+00
1.040759300764081852e+00
1.040770782420967988e+00
1.040782265702321574e+00
1.040793750608838275e+00
1.040805237141212203e+00
1.040816725300134360e+00
1.040828215086300190e+00
1.040839706500401363e+00
1.040851199543127992e+00
1.040862694215169970e+00
1.040874190517215636e+00
1.040885688449952440e+00
1.040897188014067165e+00
1.040908689210245708e+00
1.040920192039172409e+00
1.040931696501531167e+00
1.040943202598004547e+00
1.040954710329274668e+00
1.040966219696022321e+00
1.040977730698927406e+00
1.040989243338669157e+00
1.041000757615925032e+00
1.041012273531372490e+00
1.041023791085687877e+00
1.041035310279545767e+00
1.041046831113620508e+00
1.041058353588584895e+00
1.041069877705112612e+00
1.041081403463874455e+00
1.041092930865541222e+00
1.041104459910782598e+00
1.041115990600266716e+00
1.041127522934661709e+00
1.041139056914634153e+00
1.041150592540849518e+00
1.041162129813973269e+00
1.041173668734668878e+00
1.041185209303599590e+00
1.041196751521427322e+00
1.041208295388813321e+00
1.041219840906418170e+00
1.041231388074900677e+00
1.041242936894919424e+00
1.041254487367132109e+00
1.041266039492195095e+00
1.041277593270764079e+00
1.041289148703493428e+00
1.041300705791037506e+00
1.041312264534049126e+00
1.041323824933180653e+00
1.041335386989082679e+00
1.041346950702405572e+00
1.041358516073798812e+00
1.041370083103910549e+00
1.041381651793388263e+00
1.041393222142878772e+00
1.041404794153027336e+00
1.041416367824479217e+00
1.041427943157878122e+00
1.041439520153866649e+00
1.041451098813087395e+00
1.041462679136181180e+00
1.041474261123788825e+00
1.041485844776549152e+00
1.041497430095101207e+00
1.041509017080082478e+00
1.041520605732129567e+00
1.041532196051878412e+00
1.041543788039963836e+00
1.041555381697020444e+00
1.041566977023680840e+00
1.041578574020577630e+00
1.041590172688342530e+00
1.041601773027605704e+00
1.041613375038996869e+00
1.041624978723145079e+00
1.041636584080678496e+00
1.041648191112223953e+00
1.041659799818407617e+00
1.041671410199854986e+00
1.041683022257190450e+00
1.041694635991037732e+00
1.041706251402019445e+00
1.041717868490757759e+00
1.041729487257873510e+00
1.041741107703986646e+00
1.041752729829716673e+00
1.041764353635682205e+00
1.041775979122500528e+00
1.041787606290788704e+00
1.041799235141162461e+00
1.041810865674237085e+00
1.041822497890626309e+00
1.041834131790943641e+00
1.041845767375801923e+00
1.041857404645812446e+00
1.041869043601585831e+00
1.041880684243732480e+00
1.041892326572861016e+00
1.041903970589580064e+00
1.041915616294496916e+00
1.041927263688217975e+00
1.041938912771349424e+00
1.041950563544495889e+00
1.041962216008261333e+00
1.041973870163249272e+00
1.041985526010062113e+00
1.041997183549301154e+00
1.042008842781567246e+00
1.042020503707460355e+00
1.042032166327579557e+00
1.042043830642523261e+00
1.042055496652888547e+00
1.042067164359272047e+00
1.042078833762269729e+00
1.042090504862476674e+00
1.042102177660486628e+00
1.042113852156893339e+00
1.042125528352289443e+00
1.042137206247266024e+00
1.042148885842414385e+00
1.042160567138324501e+00
1.042172250135585454e+00
1.042183934834785886e+00
1.042195621236513325e+00
1.042207309341354637e+00
1.042218999149895797e+00
1.042230690662721893e+00
1.042242383880417345e+00
1.042254078803565909e+00
1.042265775432750452e+00
1.042277473768552731e+00
1.042289173811554059e+00
1.042300875562334639e+00
1.042312579021474450e+00
1.042324284189551920e+00
1.042335991067145251e+00
1.042347699654831317e+00
1.042359409953186988e+00
1.042371121962787583e+00
1.042382835684207976e+00
1.042394551118022150e+00
1.042406268264803648e+00
1.042417987125124457e+00
1.042429707699556785e+00
1.042441429988671064e+00
1.042453153993037729e+00
1.042464879713225878e+00
1.042476607149804391e+00
1.042488336303340590e+00
1.042500067174401579e+00
1.042511799763554015e+00
1.042523534071362779e+00
1.042535270098392530e+00
1.042547007845207263e+00
1.042558747312370526e+00
1.042570488500443870e+00
1.042582231409989513e+00
1.042593976041567894e+00
1.042605722395739454e+00
1.042617470473062857e+00
1.042629220274096991e+00
1.042640971799399630e+00
1.042652725049527662e+00
1.042664480025037088e+00
1.042676236726483463e+00
1.042687995154421676e+00
1.042699755309405285e+00
1.042711517191987625e+00
1.042723280802721364e+00
1.042735046142157618e+00
1.042746813210847945e+00
1.042758582009341906e+00
1.042770352538189282e+00
1.042782124797938526e+00
1.042793898789137863e+00
1.042805674512333969e+00
1.042817451968073295e+00
1.042829231156901626e+00
1.042841012079364083e+00
1.042852794736004451e+00
1.042864579127366298e+00
1.042876365253992299e+00
1.042888153116424466e+00
1.042899942715203920e+00
1.042911734050871120e+00
1.042923527123965632e+00
1.042935321935026804e+00
1.042947118484592650e+00
1.042958916773200739e+00
1.042970716801387754e+00
1.042982518569689931e+00
1.042994322078642400e+00
1.043006127328779620e+00
1.043017934320635831e+00
1.043029743054743719e+00
1.043041553531636190e+00
1.043053365751844597e+00
1.043065179715899848e+00
1.043076995424332631e+00
1.043088812877672078e+00
1.043100632076446876e+00
1.043112453021185271e+00
1.043124275712414617e+00
1.043136100150661605e+00
1.043147926336452036e+00
1.043159754270311046e+00
1.043171583952763326e+00
1.043183415384332235e+00
1.043195248565541355e+00
1.043207083496912713e+00
1.043218920178967890e+00
1.043230758612228026e+00
1.043242598797213372e+00
1.043254440734443289e+00
1.043266284424436696e+00
1.043278129867711401e+00
1.043289977064785212e+00
1.043301826016174383e+00
1.043313676722395389e+00
1.043325529183963152e+00
1.043337383401392371e+00
1.043349239375196857e+00
1.043361097105889979e+00
1.043372956593983991e+00
1.043384817839991152e+00
1.043396680844422164e+00
1.043408545607787508e+00
1.043420412130596997e+00
1.043432280413359559e+00
1.043444150456583452e+00
1.043456022260776717e+00
1.043467895826445835e+00
1.043479771154097291e+00
1.043491648244236680e+00
1.043503527097368933e+00
1.043515407713997867e+00
1.043527290094627746e+00
1.043539174239760836e+00
1.043551060149899401e+00
1.043562947825545262e+00
1.043574837267198907e+00
1.043586728475360603e+00
1.043598621450529507e+00
1.043610516193204996e+00
1.043622412703884450e+00
1.043634310983065694e+00
1.043646211031245663e+00
1.043658112848919961e+00
1.043670016436583969e+00
1.043681921794732848e+00
1.043693828923860423e+00
1.043705737824460300e+00
1.043717648497024975e+00
1.043729560942046719e+00
1.043741475160016918e+00
1.043753391151425847e+00
1.043765308916764445e+00
1.043777228456521211e+00
1.043789149771185309e+00
1.043801072861244794e+00
1.043812997727187053e+00
1.043824924369499030e+00
1.043836852788666558e+00
1.043848782985175028e+00
1.043860714959509606e+00
1.043872648712154350e+00
1.043884584243592428e+00
1.043896521554307011e+00
1.043908460644780156e+00
1.043920401515493479e+00
1.043932344166927706e+00
1.043944288599562897e+00
1.043956234813879114e+00
1.043968182810355083e+00
1.043980132589468868e+00
1.043992084151698307e+00
1.044004037497520576e+00
1.044015992627411737e+00
1.044027949541847633e+00
1.044039908241303216e+00
1.044051868726253218e+00
1.044063830997171038e+00
1.044075795054530076e+00
1.044087760898802841e+00
1.044099728530460958e+00
1.044111697949976048e+00
1.044123669157818401e+00
1.044135642154458088e+00
1.044147616940364509e+00
1.044159593516006401e+00
1.044171571881851834e+00
1.044183552038367990e+00
1.044195533986021829e+00
1.044207517725279644e+00
1.044219503256607062e+00
1.044231490580468602e+00
1.044243479697329224e+00
1.044255470607651892e+00
1.044267463311900013e+00
1.044279457810536105e+00
1.044291454104021799e+00
1.044303452192818282e+00
1.044315452077386297e+00
1.044327453758185698e+00
1.044339457235675450e+00
1.044351462510314965e+00
1.044363469582561876e+00
1.044375478452873596e+00
1.044387489121707313e+00
1.044399501589518886e+00
1.044411515856764394e+00
1.044423531923898363e+00
1.044435549791375761e+00
1.044447569459649783e+00
1.044459590929174286e+00
1.044471614200401133e+00
1.044483639273782849e+00
1.044495666149770408e+00
1.044507694828814781e+00
1.044519725311366276e+00
1.044531757597874089e+00
1.044543791688787193e+00
1.044555827584554342e+00
1.044567865285622732e+00
1.044579904792439784e+00
1.044591946105452251e+00
1.044603989225105556e+00
1.044616034151845341e+00
1.044628080886116361e+00
1.044640129428362485e+00
1.044652179779027801e+00
1.044664231938554622e+00
1.044676285907385926e+00
1.044688341685962918e+00
1.044700399274727021e+00
1.044712458674118771e+00
1.044724519884578262e+00
1.044736582906544919e+00
1.044748647740457281e+00
1.044760714386753886e+00
1.044772782845872161e+00
1.044784853118249091e+00
1.044796925204321214e+00
1.044808999104524405e+00
1.044821074819294315e+00
1.044833152349065042e+00
1.044845231694270904e+00
1.044857312855345777e+00
1.044869395832722203e+00
1.044881480626832504e+00
1.044893567238109000e+00
1.044905655666982458e+00
1.044917745913883866e+00
1.044929837979242881e+00
1.044941931863489382e+00
1.044954027567052135e+00
1.044966125090359244e+00
1.044978224433838809e+00
1.044990325597917824e+00
1.045002428583023057e+00
1.045014533389580613e+00
1.045026640018015707e+00
1.045038748468753553e+00
1.045050858742218258e+00
1.045062970838833483e+00
1.045075084759022888e+00
1.045087200503208802e+00
1.045099318071813332e+00
1.045111437465258142e+00
1.045123558683964005e+00
1.045135681728351251e+00
1.045147806598839990e+00
1.045159933295848997e+00
1.045172061819797493e+00
1.045184192171103366e+00
1.045196324350184280e+00
1.045208458357457015e+00
1.045220594193338348e+00
1.045232731858244168e+00
1.045244871352589477e+00
1.045257012676789499e+00
1.045269155831258345e+00
1.045281300816409464e+00
1.045293447632656303e+00
1.045305596280411198e+00
1.045317746760086486e+00
1.045329899072093394e+00
1.045342053216842704e+00
1.045354209194745199e+00
1.045366367006210551e+00
1.045378526651647988e+00
1.045390688131466295e+00
1.045402851446073589e+00
1.045415016595877544e+00
1.045427183581285391e+00
1.045439352402703692e+00
1.045451523060538124e+00
1.045463695555194583e+00
1.045475869887077636e+00
1.045488046056592069e+00
1.045500224064141337e+00
1.045512403910129118e+00
1.045524585594957978e+00
1.045536769119030041e+00
1.045548954482747428e+00
1.045561141686510709e+00
1.045573330730720896e+00
1.045585521615778113e+00
1.045597714342081819e+00
1.045609908910031027e+00
1.045622105320024309e+00
1.045634303572459567e+00
1.045646503667734040e+00
1.045658705606244965e+00
1.045670909388388470e+00
1.045683115014560460e+00
1.045695322485156398e+00
1.045707531800570855e+00
1.045719742961198406e+00
1.045731955967432292e+00
1.045744170819666197e+00
1.045756387518292474e+00
1.045768606063703476e+00
1.045780826456290891e+00
1.045793048696445515e+00
1.045805272784558371e+00
1.045817498721019145e+00
1.045829726506217749e+00
1.045841956140542983e+00
1.045854187624383203e+00
1.045866420958126763e+00
1.045878656142160912e+00
1.045890893176872893e+00
1.045903132062648844e+00
1.045915372799874676e+00
1.045927615388936305e+00
1.045939859830217866e+00
1.045952106124104386e+00
1.045964354270979557e+00
1.045976604271226629e+00
1.045988856125228628e+00
1.046001109833367693e+00
1.046013365396025963e+00
1.046025622813584244e+00
1.046037882086424009e+00
1.046050143214925177e+00
1.046062406199467665e+00
1.046074671040430726e+00
1.046086937738193168e+00
1.046099206293133355e+00
1.046111476705628984e+00
1.046123748976057311e+00
1.046136023104795365e+00
1.046148299092219069e+00
1.046160576938704345e+00
1.046172856644626448e+00
1.046185138210360410e+00
1.046197421636280156e+00
1.046209706922759830e+00
1.046221994070172245e+00
1.046234283078890659e+00
1.046246573949286995e+00
1.046258866681733402e+00
1.046271161276600692e+00
1.046283457734260125e+00
1.046295756055081849e+00
1.046308056239435791e+00
1.046320358287690988e+00
1.046332662200216479e+00
1.046344967977380636e+00
1.046357275619551164e+00
1.046369585127095547e+00
1.046381896500380826e+00
1.046394209739773151e+00
1.046406524845638231e+00
1.046418841818341772e+00
1.046431160658248816e+00
1.046443481365723516e+00
1.046455803941130025e+00
1.046468128384831608e+00
1.046480454697191531e+00
1.046492782878571948e+00
1.046505112929335235e+00
1.046517444849842660e+00
1.046529778640455488e+00
1.046542114301534099e+00
1.046554451833438870e+00
1.046566791236529070e+00
1.046579132511163968e+00
1.046591475657702608e+00
1.046603820676502483e+00
1.046616167567921751e+00
1.046628516332317682e+00
1.046640866970046879e+00
1.046653219481465502e+00
1.046665573866929488e+00
1.046677930126794331e+00
1.046690288261414636e+00
1.046702648271145009e+00
1.046715010156339387e+00
1.046727373917351045e+00
1.046739739554532811e+00
1.046752107068237736e+00
1.046764476458817317e+00
1.046776847726623494e+00
1.046789220872007098e+00
1.046801595895318959e+00
1.046813972796909020e+00
1.046826351577127445e+00
1.046838732236323066e+00
1.046851114774844493e+00
1.046863499193040559e+00
1.046875885491258984e+00
1.046888273669846825e+00
1.046900663729151360e+00
1.046913055669518755e+00
1.046925449491295179e+00
1.046937845194826355e+00
1.046950242780456897e+00
1.046962642248531861e+00
1.046975043599395416e+00
1.046987446833390845e+00
1.046999851950861649e+00
1.047012258952150665e+00
1.047024667837600287e+00
1.047037078607552241e+00
1.047049491262348253e+00
1.047061905802328718e+00
1.047074322227834697e+00
1.047086740539205918e+00
1.047099160736782331e+00
1.047111582820902775e+00
1.047124006791906092e+00
1.047136432650130455e+00
1.047148860395913816e+00
1.047161290029593461e+00
1.047173721551506231e+00
1.047186154961988747e+00
1.047198590261377182e+00
1.047211027450006604e+00
1.047223466528212521e+00
1.047235907496329554e+00
1.047248350354691881e+00
1.047260795103633235e+00
1.047273241743486905e+00
1.047285690274586178e+00
1.047298140697263014e+00
1.047310593011849811e+00
1.047323047218678083e+00
1.047335503318078676e+00
1.047347961310382436e+00
1.047360421195919766e+00
1.047372882975020403e+00
1.047385346648013860e+00
1.047397812215228541e+00
1.047410279676993516e+00
1.047422749033636524e+00
1.047435220285485524e+00
1.047447693432867366e+00
1.047460168476108899e+00
1.047472645415536530e+00
1.047485124251475996e+00
1.047497604984253039e+00
1.047510087614192287e+00
1.047522572141618591e+00
1.047535058566855914e+00
1.047547546890228221e+00
1.047560037112058584e+00
1.047572529232670080e+00
1.047585023252384895e+00
1.047597519171525438e+00
1.047610016990412785e+00
1.047622516709368234e+00
1.047635018328712864e+00
1.047647521848766639e+00
1.047660027269849303e+00
1.047672534592280602e+00
1.047685043816379391e+00
1.047697554942464082e+00
1.047710067970853309e+00
1.047722582901864596e+00
1.047735099735815023e+00
1.047747618473021669e+00
1.047760139113801170e+00
1.047772661658469495e+00
1.047785186107342170e+00
1.047797712460734276e+00
1.047810240718961117e+00
1.047822770882336441e+00
1.047835302951174663e+00
1.047847836925789089e+00
1.047860372806493023e+00
1.047872910593599105e+00
1.047885450287419529e+00
1.047897991888266267e+00
1.047910535396450626e+00
1.047923080812283914e+00
1.047935628136076547e+00
1.047948177368138722e+00
1.047960728508780415e+00
1.047973281558310932e+00
1.047985836517039138e+00
1.047998393385273674e+00
1.048010952163322962e+00
1.048023512851494310e+00
1.048036075450095250e+00
1.048048639959432649e+00
1.048061206379813148e+00
1.048073774711542727e+00
1.048086344954927140e+00
1.048098917110271699e+00
1.048111491177881271e+00
1.048124067158060280e+00
1.048136645051112925e+00
1.048149224857342743e+00
1.048161806577052824e+00
1.048174390210546481e+00
1.048186975758125916e+00
1.048199563220093111e+00
1.048212152596750046e+00
1.048224743888397592e+00
1.048237337095336619e+00
1.048249932217867775e+00
1.048262529256291042e+00
1.048275128210905960e+00
1.048287729082011843e+00
1.048300331869907565e+00
1.048312936574891552e+00
1.048325543197262011e+00
1.048338151737316259e+00
1.048350762195351615e+00
1.048363374571665174e+00
1.048375988866553143e+00
1.048388605080311953e+00
1.048401223213236921e+00
1.048413843265623369e+00
1.048426465237766170e+00
1.048439089129959978e+00
1.048451714942498558e+00
1.048464342675676120e+00
1.048476972329785539e+00
1.048489603905119916e+00
1.048502237401971904e+00
1.048514872820633270e+00
1.048527510161396004e+00
1.048540149424551648e+00
1.048552790610390861e+00
1.048565433719204520e+00
1.048578078751282394e+00
1.048590725706914695e+00
1.048603374586390524e+00
1.048616025389999207e+00
1.048628678118029178e+00
1.048641332770768875e+00
1.048653989348505844e+00
1.048666647851528078e+00
1.048679308280122235e+00
1.048691970634575199e+00
1.048704634915173406e+00
1.048717301122202405e+00
1.048729969255948413e+00
1.048742639316696090e+00
1.048755311304730764e+00
1.048767985220336207e+00
1.048780661063797082e+00
1.048793338835396716e+00
1.048806018535418438e+00
1.048818700164145357e+00
1.048831383721859689e+00
1.048844069208843877e+00
1.048856756625379472e+00
1.048869445971747805e+00
1.048882137248230428e+00
1.048894830455107563e+00
1.048907525592659429e+00
1.048920222661166246e+00
1.048932921660907125e+00
1.048945622592161619e+00
1.048958325455208396e+00
1.048971030250325898e+00
1.048983736977791903e+00
1.048996445637884189e+00
1.049009156230880091e+00
1.049021868757056497e+00
1.049034583216690075e+00
1.049047299610056827e+00
1.049060017937432754e+00
1.049072738199092969e+00
1.049085460395312586e+00
1.049098184526366717e+00
1.049110910592529367e+00
1.049123638594074537e+00
1.049136368531275787e+00
1.049149100404406454e+00
1.049161834213739208e+00
1.049174569959546943e+00
1.049187307642101441e+00
1.049200047261674484e+00
1.049212788818537634e+00
1.049225532312962006e+00
1.049238277745218051e+00
1.049251025115575997e+00
1.049263774424306073e+00
1.049276525671677618e+00
1.049289278857959973e+00
1.049302033983422033e+00
1.049314791048332252e+00
1.049327550052958635e+00
1.049340310997569192e+00
1.049353073882431486e+00
1.049365838707811971e+00
1.049378605473978210e+00
1.049391374181196213e+00
1.049404144829731544e+00
1.049416917419850215e+00
1.049429691951817123e+00
1.049442468425897612e+00
1.049455246842694978e+00
1.049455796381889128e+00
