-1.538974805380068644e-01
-3.077949610760137220e-02
-1.999979578282753967e-02
-1.810432258009385051e-02
-1.698819297080868262e-02
-1.619414412732858230e-02
-1.557728206411988781e-02
-1.507274779280349045e-02
-1.464584395271623096e-02
-1.427581915143451979e-02
-1.394927013597401649e-02
-1.365703586824230584e-02
-1.339257669054292124e-02
-1.315106085086545709e-02
-1.292881715050969021e-02
-1.272299063669280958e-02
-1.253131730807319905e-02
-1.235197128493158505e-02
-1.218345869987864233e-02
-1.202454188108998540e-02
-1.187418378242253644e-02
-1.173150690948356056e-02
-1.159576214741855557e-02
-1.146630492855356051e-02
-1.134257658370307550e-02
-1.122408966459974289e-02
-1.111041645215325377e-02
-1.100117958008352617e-02
-1.089604433742094938e-02
-1.079471253320105767e-02
-1.069691735977493577e-02
-1.060241912495912125e-02
-1.051100171055878787e-02
-1.042246957394532894e-02
-1.033664523966293380e-02
-1.025336710317880512e-02
-1.017248757313858262e-02
-1.009387153335042364e-02
-1.001739499743665301e-02
-9.942943902359731301e-03
-9.870413059111807219e-03
-9.799705257800096075e-03
-9.730730489794912896e-03
-9.663405255263275706e-03
-9.597651946486804309e-03
-9.533398304262852979e-03
-9.470576938702138237e-03
-9.409124902639304927e-03
-9.348983309555389948e-03
-9.290096991007211480e-03
-9.232414201835910383e-03
-9.175886320877825464e-03
-9.120467605799004868e-03
-9.066114990667856893e-03
-9.012787842990328119e-03
-8.960447827308957308e-03
-8.909058727054667420e-03
-8.858586280982468086e-03
-8.808998040429651122e-03
-8.760263252361500524e-03
-8.712352741489275826e-03
-8.665238792083029828e-03
-8.618895071602523938e-03
-8.573296532582291851e-03
-8.528419326479644291e-03
-8.484240731790517603e-03
-8.440739084890187816e-03
-8.397893714006222227e-03
-8.355684875494848868e-03
-8.314093707249000514e-03
-8.273102173053471786e-03
-8.232693012344007022e-03
-8.192849700836616483e-03
-8.153556407816800466e-03
-8.114797961668713394e-03
-8.076559803209964333e-03
-8.038827965405465764e-03
-8.001589031785948797e-03
-7.964830101056127876e-03
-7.928538793411377128e-03
-7.892703169195415536e-03
-7.857311777781077894e-03
-7.822353561188401944e-03
-7.787817898680816225e-03
-7.753694533649345411e-03
-7.719973595875988942e-03
-7.686645549433306773e-03
-7.653701207385215505e-03
-7.621131686968776742e-03
-7.588928419733007025e-03
-7.557083122274998316e-03
-7.525587789323034266e-03
-7.494434684475730774e-03
-7.463616319512672570e-03
-7.433125455882146765e-03
-7.402955080301941437e-03
-7.373098409138696685e-03
-7.343548864441856727e-03
-7.314300080225932810e-03
-7.285345878291580451e-03
-7.256680276612120090e-03
-7.228297465807997924e-03
-7.200191816302988629e-03
-7.172357860280566266e-03
-7.144790292630348594e-03
-7.117483961104703605e-03
-7.090433860952906342e-03
-7.063635131004438600e-03
-7.037083044951215893e-03
-7.010773010900694935e-03
-6.984700561855541195e-03
-6.958861358662773305e-03
-6.933251171714848587e-03
-6.907865884255497829e-03
-6.882701508863883072e-03
-6.857754137437378078e-03
-6.833019965714861449e-03
-6.808495314405638155e-03
-6.784176575333315112e-03
-6.760060229164983892e-03
-6.736142861238220148e-03
-6.712421142318607953e-03
-6.688891812032225076e-03
-6.665551699000817759e-03
-6.642397717397156842e-03
-6.619426843424189300e-03
-6.596636130089133382e-03
-6.574022708396878162e-03
-6.551583767493603105e-03
-6.529316563939503021e-03
-6.507218426624359481e-03
-6.485286737306330401e-03
-6.463518937938752401e-03
-6.441912534780314809e-03
-6.420465088343114274e-03
-6.399174209322931045e-03
-6.378037565712174617e-03
-6.357052880373664783e-03
-6.336217919224330225e-03
-6.315530499360250821e-03
-6.294988490123960140e-03
-6.274589800063238437e-03
-6.254332383581005100e-03
-6.234214243600627592e-03
-6.214233419193793823e-03
-6.194387991374325497e-03
-6.174676083992448883e-03
-6.155095857672307491e-03
-6.135645509071935982e-03
-6.116323273635600188e-03
-6.097127423408940650e-03
-6.078056261823359951e-03
-6.059108127494321205e-03
-6.040281394565853723e-03
-6.021574465274931454e-03
-6.002985773888115661e-03
-5.984513788228115055e-03
-5.966157001966308771e-03
-5.947913938297924585e-03
-5.929783150592105728e-03
-5.911763217959227490e-03
-5.893852745669038440e-03
-5.876050366349104548e-03
-5.858354738169983117e-03
-5.840764542480621213e-03
-5.823278486304650503e-03
-5.805895302356266913e-03
-5.788613742076908347e-03
-5.771432580036737342e-03
-5.754350611817539429e-03
-5.737366659485890197e-03
-5.720479567417949968e-03
-5.703688190425805493e-03
-5.686991406370238422e-03
-5.670388111355121469e-03
-5.653877231241364459e-03
-5.637457706083082859e-03
-5.621128484892087829e-03
-5.604888538516254737e-03
-5.588736854224750361e-03
-5.572672448195047784e-03
-5.556694343548603671e-03
-5.540801576782859034e-03
-5.524993202713893159e-03
-5.509268291174117260e-03
-5.493625935633517088e-03
-5.478065235176490105e-03
-5.462585304753405507e-03
-5.447185274089504786e-03
-5.431864286520829421e-03
-5.416621504739278087e-03
-5.401456097130382522e-03
-5.386367247515014972e-03
-5.371354152172720664e-03
-5.356416020122618110e-03
-5.341552077293008211e-03
-5.326761554578788443e-03
-5.312043696839626600e-03
-5.297397760096758668e-03
-5.282823012658810491e-03
-5.268318737647201266e-03
-5.253884222279577021e-03
-5.239518766680016648e-03
-5.225221681086574671e-03
-5.210992287531600320e-03
-5.196829919872626019e-03
-5.182733917035754756e-03
-5.168703629313643050e-03
-5.154738416215991215e-03
-5.140837648204277244e-03
-5.127000704933635383e-03
-5.113226972409422311e-03
-5.099515846383195078e-03
-5.085866730990398071e-03
-5.072279040540004363e-03
-5.058752196631998571e-03
-5.045285627738080314e-03
-5.031878770818436902e-03
-5.018531070446408809e-03
-5.005241980989300760e-03
-4.992010962346415948e-03
-4.978837481461332454e-03
-4.965721012807556428e-03
-4.952661037791739052e-03
-4.939657047383947536e-03
-4.926708536365051461e-03
-4.913815006833948534e-03
-4.900975967558032081e-03
-4.888190933729025245e-03
-4.875459429342247908e-03
-4.862780981393467067e-03
-4.850155124100936216e-03
-4.837581397635383473e-03
-4.825059348268365134e-03
-4.812588529669183102e-03
-4.800168498876360851e-03
-4.787798819367004161e-03
-4.775479060080474458e-03
-4.763208795738955309e-03
-4.750987607329490436e-03
-4.738815079390494567e-03
-4.726690802237570183e-03
-4.714614371202612703e-03
-4.702585387126624605e-03
-4.690603456175463509e-03
-4.678668188112862503e-03
-4.666779197929068340e-03
-4.654936105230638582e-03
-4.643138535551864787e-03
-4.631386118607389024e-03
-4.619678487036277953e-03
-4.608015278532075903e-03
-4.596396134971009184e-03
-4.584820702313422564e-03
-4.573288630505243507e-03
-4.561799574986889760e-03
-4.550353200217023553e-03
-4.538949164618909238e-03
-4.527587134566624788e-03
-4.516266780117527552e-03
-4.504987774922405985e-03
-4.493749796135669550e-03
-4.482552524325583709e-03
-4.471395654755350169e-03
-4.460278871639640486e-03
-4.449201866144173595e-03
-4.438164333902722830e-03
-4.427165973817967504e-03
-4.416206487988530438e-03
-4.405285581636057129e-03
-4.394402968451133901e-03
-4.383558363272054004e-03
-4.372751478497020894e-03
-4.361982032965901201e-03
-4.351249748529448236e-03
-4.340554349991278954e-03
-4.329895565049556028e-03
-4.319273125312047407e-03
-4.308686768920842736e-03
-4.298136229777413386e-03
-4.287621247576596517e-03
-4.277141564756482828e-03
-4.266696926448158150e-03
-4.256287080425916886e-03
-4.245911777057260333e-03
-4.235570772341060164e-03
-4.225263820941550785e-03
-4.214990680921841537e-03
-4.204751113156362380e-03
-4.194544880947330412e-03
-4.184371749979272359e-03
-4.174231488274060542e-03
-4.164123867920439120e-03
-4.154048662740095904e-03
-4.144005646883993504e-03
-4.133994597892102357e-03
-4.124015295500577105e-03
-4.114067521601205701e-03
-4.104151060201365053e-03
-4.094265698058475317e-03
-4.084411226551197538e-03
-4.074587434355247256e-03
-4.064794114201578795e-03
-4.055031060828186845e-03
-4.045298070945526486e-03
-4.035594943201489121e-03
-4.025921478146829435e-03
-4.016277481223729656e-03
-4.006662756017090321e-03
-3.997077108763902320e-03
-3.987520347907860113e-03
-3.977992283705395621e-03
-3.968492728195868735e-03
-3.959021495171334559e-03
-3.949578401364822050e-03
-3.940163264910243046e-03
-3.930775904231940260e-03
-3.921416140268765838e-03
-3.912083795621867227e-03
-3.902778694528111214e-03
-3.893500662833730003e-03
-3.884249528276741137e-03
-3.875025121451110277e-03
-3.865827272163620265e-03
-3.856655812754024304e-03
-3.847510577083719518e-03
-3.838391400511877161e-03
-3.829298119871548528e-03
-3.820230573445982519e-03
-3.811188602513972817e-03
-3.802172047871199556e-03
-3.793180752091267899e-03
-3.784214559350230350e-03
-3.775273315199018792e-03
-3.766356866542072690e-03
-3.757465061616168528e-03
-3.748597750806485773e-03
-3.739754785630537703e-03
-3.730936017867711452e-03
-3.722141301176103145e-03
-3.713370490481079922e-03
-3.704623441956371444e-03
-3.695900013005116308e-03
-3.687200062472015261e-03
-3.678523451459723287e-03
-3.669870040376242704e-03
-3.661239691608642044e-03
-3.652632268714615937e-03
-3.644047636405706864e-03
-3.635485660530485275e-03
-3.626946208057750531e-03
-3.618429148124893691e-03
-3.609934349697474509e-03
-3.601461683051688373e-03
-3.593011019697407021e-03
-3.584582232211183661e-03
-3.576175194221192094e-03
-3.567789780392179727e-03
-3.559425866905736174e-03
-3.551083330883886280e-03
-3.542762049806313235e-03
-3.534461902518524351e-03
-3.526182768852598876e-03
-3.517924529613587759e-03
-3.509687066565941177e-03
-3.501470262556243690e-03
-3.493274002056605959e-03
-3.485098169264146811e-03
-3.476942649805515179e-03
-3.468807330221368446e-03
-3.460692097954062851e-03
-3.452596841335427158e-03
-3.444521449574508565e-03
-3.436465814133007196e-03
-3.428429825561261912e-03
-3.420413375555417246e-03
-3.412416356871453976e-03
-3.404438663089755929e-03
-3.396480188602366695e-03
-3.388540828600229010e-03
-3.380620479060496980e-03
-3.372719036733782400e-03
-3.364836399131414940e-03
-3.356972464512851528e-03
-3.349127135957124385e-03
-3.341300312093634095e-03
-3.333491892776041521e-03
-3.325701779548023707e-03
-3.317929874674017954e-03
-3.310176081127616521e-03
-3.302440302580103570e-03
-3.294722443388634764e-03
-3.287022408584812372e-03
-3.279340103863031403e-03
-3.271675435568895118e-03
-3.264028316261068097e-03
-3.256398652623872236e-03
-3.248786351693226659e-03
-3.241191322902903238e-03
-3.233613476335380627e-03
-3.226052722712566961e-03
-3.218508973386349087e-03
-3.210982140329173007e-03
-3.203472136124634745e-03
-3.195978873958050387e-03
-3.188502267607026125e-03
-3.181042235748193781e-03
-3.173598693144392274e-03
-3.166171554020345835e-03
-3.158760734929197400e-03
-3.151366153016227356e-03
-3.143987726011338718e-03
-3.136625372221531899e-03
-3.129279010523337845e-03
-3.121948560355455871e-03
-3.114633941710985565e-03
-3.107335075130085444e-03
-3.100051883918424067e-03
-3.092784289933203645e-03
-3.085532214445345367e-03
-3.078295580388846348e-03
-3.071074311233473048e-03
-3.063868330978450349e-03
-3.056677564145793280e-03
-3.049501935773999556e-03
-3.042341371411547840e-03
-3.035195797110454979e-03
-3.028065139419808954e-03
-3.020949326550937536e-03
-3.013848286364879253e-03
-3.006761946278226072e-03
-2.999690234926084831e-03
-2.992633081423650560e-03
-2.985590415360388217e-03
-2.978562166794183202e-03
-2.971548266245516157e-03
-2.964548644691589185e-03
-2.957563233560622090e-03
-2.950591964725825939e-03
-2.943634771577399722e-03
-2.936691587400910852e-03
-2.929762344688592590e-03
-2.922846977200750651e-03
-2.915945419129196275e-03
-2.909057605092017773e-03
-2.902183470128511661e-03
-2.895322949693784204e-03
-2.888475979653682552e-03
-2.881642496279548937e-03
-2.874822436243037321e-03
-2.868015737686042260e-03
-2.861222338883903649e-03
-2.854442176823526744e-03
-2.847675189909835286e-03
-2.840921316939380714e-03
-2.834180497095998424e-03
-2.827452669946266262e-03
-2.820737775435025463e-03
-2.814035753880877316e-03
-2.807346545971700635e-03
-2.800670092760134539e-03
-2.794006336479092772e-03
-2.787355219789306587e-03
-2.780716683992413840e-03
-2.774090671714097428e-03
-2.767477125937452265e-03
-2.760875989999116847e-03
-2.754287207585387476e-03
-2.747710722728318594e-03
-2.741146479801968849e-03
-2.734594423518331430e-03
-2.728054498923597471e-03
-2.721526651907564542e-03
-2.715010828947546362e-03
-2.708506975421950957e-03
-2.702015037789173152e-03
-2.695534962833260467e-03
-2.689066697660582456e-03
-2.682610189696236352e-03
-2.676165386680716407e-03
-2.669732236666482600e-03
-2.663310688014501604e-03
-2.656900689390822440e-03
-2.650502190098970312e-03
-2.644115140100582878e-03
-2.637739488415329070e-03
-2.631375184983169441e-03
-2.625022180040396946e-03
-2.618680424116556077e-03
-2.612349868031323824e-03
-2.606030462891466976e-03
-2.599722160087688388e-03
-2.593424911291674489e-03
-2.587138668452840934e-03
-2.580863384056192311e-03
-2.574599011344325117e-03
-2.568345502532713015e-03
-2.562102810733674768e-03
-2.555870889329819873e-03
-2.549649691971241777e-03
-2.543439172572881102e-03
-2.537239285311573139e-03
-2.531049984623421484e-03
-2.524871225200991248e-03
-2.518702961990554323e-03
-2.512545150387558018e-03
-2.506397746641887692e-03
-2.500260705879622791e-03
-2.494133984113407893e-03
-2.488017537603297302e-03
-2.481911322854413182e-03
-2.475815296614478772e-03
-2.469729415871358552e-03
-2.463653637850619221e-03
-2.457587920013066390e-03
-2.451532220052274336e-03
-2.445486496020086303e-03
-2.439450706844734779e-03
-2.433424810378906344e-03
-2.427408765291749065e-03
-2.421402530479586923e-03
-2.415406065063765290e-03
-2.409419328388409665e-03
-2.403442280018396049e-03
-2.397474879736988251e-03
-2.391517087543787445e-03
-2.385568863652501315e-03
-2.379630168556561703e-03
-2.373700963582081602e-03
-2.367781209120192742e-03
-2.361870866275143921e-03
-2.355969896359902394e-03
-2.350078260894037513e-03
-2.344195921601878452e-03
-2.338322840410526210e-03
-2.332458979447907255e-03
-2.326604301040820222e-03
-2.320758767712975679e-03
-2.314922342210326556e-03
-2.309094988081253352e-03
-2.303276668023226947e-03
-2.297467345375406311e-03
-2.291666983668675522e-03
-2.285875546623888227e-03
-2.280092998150108630e-03
-2.274319302342831667e-03
-2.268554423482213589e-03
-2.262798326031403157e-03
-2.257050974634619567e-03
-2.251312334115497527e-03
-2.245582370085610902e-03
-2.239861047345324818e-03
-2.234148331286062855e-03
-2.228444187477966743e-03
-2.222748581666027928e-03
-2.217061479768588778e-03
-2.211382847875587032e-03
-2.205712652247088235e-03
-2.200050859311648149e-03
-2.194397435664730694e-03
-2.188752348067108527e-03
-2.183115564442124346e-03
-2.177487051263055085e-03
-2.171866775769172586e-03
-2.166254705411700676e-03
-2.160650807800958140e-03
-2.155055050704648284e-03
-2.149467402046242176e-03
-2.143887829903292491e-03
-2.138316302505799404e-03
-2.132752788234514030e-03
-2.127197255619404925e-03
-2.121649673337840103e-03
-2.116110010213032716e-03
-2.110578235212372256e-03
-2.105054317445759215e-03
-2.099538226163950166e-03
-2.094029931620968593e-03
-2.088529405262769950e-03
-2.083036614879948956e-03
-2.077551530381520350e-03
-2.072074121815859621e-03
-2.066604359369200727e-03
-2.061142213364130366e-03
-2.055687654258071817e-03
-2.050240652641751454e-03
-2.044801179237800554e-03
-2.039369204899083021e-03
-2.033944700607290268e-03
-2.028527637471414652e-03
-2.023117986726233331e-03
-2.017715719730792112e-03
-2.012320807966917063e-03
-2.006933223037663666e-03
-2.001552939604099579e-03
-1.996179929426453170e-03
-1.990814162964444495e-03
-1.985455612453286556e-03
-1.980104250252273657e-03
-1.974760048843525462e-03
-1.969422980830779629e-03
-1.964093018938135871e-03
-1.958770136008911034e-03
-1.953454305004286018e-03
-1.948145499002143510e-03
-1.942843691195846739e-03
-1.937548854892987005e-03
-1.932260963514172841e-03
-1.926979990591784486e-03
-1.921705909768731818e-03
-1.916438694797316378e-03
-1.911178323521067063e-03
-1.905924767183507507e-03
-1.900677999782753036e-03
-1.895437995634886852e-03
-1.890204729167985903e-03
-1.884978174921152910e-03
-1.879758307543485940e-03
-1.874545101793211044e-03
-1.869338532536530401e-03
-1.864138574746751487e-03
-1.858945203503263588e-03
-1.853758393990555947e-03
-1.848578121497239379e-03
-1.843404361415026255e-03
-1.838237089237845789e-03
-1.833076280560716476e-03
-1.827921911687312162e-03
-1.822773959736092436e-03
-1.817632399283022893e-03
-1.812497206392635340e-03
-1.807368357230547395e-03
-1.802245828062608995e-03
-1.797129595254125245e-03
-1.792019635268884969e-03
-1.786915924668393968e-03
-1.781818440110997243e-03
-1.776727158351053271e-03
-1.771642056238059704e-03
-1.766563110715813761e-03
-1.761490298821544870e-03
-1.756423597685154853e-03
-1.751362984528222200e-03
-1.746308436663256136e-03
-1.741259932305703334e-03
-1.736217448919885609e-03
-1.731180963674184420e-03
-1.726150454280775404e-03
-1.721125898541325111e-03
-1.716107274346335282e-03
-1.711094559674216503e-03
-1.706087732590615136e-03
-1.701086771247618812e-03
-1.696091653883003564e-03
-1.691102358819439322e-03
-1.686118864463737044e-03
-1.681141149306050742e-03
-1.676169191919200940e-03
-1.671202970957769152e-03
-1.666242465157414393e-03
-1.661287653334092562e-03
-1.656338515665871369e-03
-1.651395030247186646e-03
-1.646457176108246517e-03
-1.641524932423060745e-03
-1.636598278444988813e-03
-1.631677193505900320e-03
-1.626761657015595580e-03
-1.621851648461073575e-03
-1.616947147405841528e-03
-1.612048133489234897e-03
-1.607154586425699194e-03
-1.602266486004179369e-03
-1.597383812087304483e-03
-1.592506544610784031e-03
-1.587634663582689759e-03
-1.582768149082775661e-03
-1.577906981676677894e-03
-1.573051142478163605e-03
-1.568200610887617030e-03
-1.563355367315250044e-03
-1.558515392242720843e-03
-1.553680666222627405e-03
-1.548851169877879519e-03
-1.544026883901105512e-03
-1.539207789054058972e-03
-1.534393866167001186e-03
-1.529585096138104394e-03
-1.524781459932920968e-03
-1.519982938583672172e-03
-1.515189513188710396e-03
-1.510401164911929356e-03
-1.505617874982139587e-03
-1.500839624692489049e-03
-1.496066396146543409e-03
-1.491298170735289030e-03
-1.486534929565925395e-03
-1.481776654223714018e-03
-1.477023326357879141e-03
-1.472274927681087309e-03
-1.467531439968913082e-03
-1.462792845059311675e-03
-1.458059124852095073e-03
-1.453330261308383858e-03
-1.448606236450166590e-03
-1.443887032359651018e-03
-1.439172631178813055e-03
-1.434463015108865952e-03
-1.429758166409719061e-03
-1.425058067399453954e-03
-1.420362700453790122e-03
-1.415672049044192082e-03
-1.410986094945488462e-03
-1.406304820687067497e-03
-1.401628208906078449e-03
-1.396956242296975431e-03
-1.392288903611069856e-03
-1.387626175656058586e-03
-1.382968041295569439e-03
-1.378314483448665057e-03
-1.373665485089482080e-03
-1.369021029246623999e-03
-1.364381099002800329e-03
-1.359745677494330479e-03
-1.355114747910675377e-03
-1.350488293494003789e-03
-1.345866297538668432e-03
-1.341248743522784753e-03
-1.336635615124433241e-03
-1.332026895511248532e-03
-1.327422568197900166e-03
-1.322822616750003039e-03
-1.318227024783694135e-03
-1.313635775965205782e-03
-1.309048854010393809e-03
-1.304466242684407945e-03
-1.299887925801115895e-03
-1.295313887222763333e-03
-1.290744110859519400e-03
-1.286178580669043031e-03
-1.281617280656038860e-03
-1.277060194871844356e-03
-1.272507307413957983e-03
-1.267958602425692249e-03
-1.263414064732099051e-03
-1.258873678538715429e-03
-1.254337427805934241e-03
-1.249805296890400819e-03
-1.245277270194571073e-03
-1.240753332166354139e-03
-1.236233467298706451e-03
-1.231717660129357655e-03
-1.227205895240304073e-03
-1.222698157257531143e-03
-1.218194430850607496e-03
-1.213694700732331072e-03
-1.209198951658337073e-03
-1.204707168426747549e-03
-1.200219335877758531e-03
-1.195735438893376357e-03
-1.191255462396900722e-03
-1.186779391479320100e-03
-1.182307211058140212e-03
-1.177838906176776473e-03
-1.173374461924680395e-03
-1.168913863431063349e-03
-1.164457095864636360e-03
-1.160004144433089690e-03
-1.155554994382843037e-03
-1.151109630998639610e-03
-1.146668039603192246e-03
-1.142230205556822586e-03
-1.137796114257086377e-03
-1.133365751138402239e-03
-1.128939101671760231e-03
-1.124516151364239602e-03
-1.120096885758727762e-03
-1.115681290661637431e-03
-1.111269352166169289e-03
-1.106861055439199021e-03
-1.102456386190629745e-03
-1.098055330166092941e-03
-1.093657873146729881e-03
-1.089264000948751004e-03
-1.084873699423203469e-03
-1.080486954455648491e-03
-1.076103751965824806e-03
-1.071724077907364181e-03
-1.067347918267451401e-03
-1.062975259066512024e-03
-1.058606086357962578e-03
-1.054240386227787291e-03
-1.049878144794305634e-03
-1.045519348207832322e-03
-1.041163982909956015e-03
-1.036812035101346979e-03
-1.032463490897899544e-03
-1.028118336588876303e-03
-1.023776558494927935e-03
-1.019438142967704630e-03
-1.015103076389637510e-03
-1.010771345173629848e-03
-1.006442935762769109e-03
-1.002117834630052856e-03
-9.977960282780695689e-04
-9.934775032387280214e-04
-9.891622460730144228e-04
-9.848502433706177173e-04
-9.805414817496901914e-04
-9.762359478565595106e-04
-9.719336283654372854e-04
-9.676345105135326918e-04
-9.633385806592682787e-04
-9.590458255521391862e-04
-9.547562319935608277e-04
-9.504697868125029647e-04
-9.461864768653197033e-04
-9.419062890354754081e-04
-9.376292102332810241e-04
-9.333552273956442769e-04
-9.290843274857886469e-04
-9.248164974930903059e-04
-9.205517244326860693e-04
-9.162899953453068624e-04
-9.120312972970036347e-04
-9.077756173788871508e-04
-9.035229427068712516e-04
-8.992732604006618835e-04
-8.950265575818384944e-04
-8.907828214826489510e-04
-8.865420393131713539e-04
-8.823041983068644067e-04
-8.780692857202967994e-04
-8.738372888328731214e-04
-8.696081949465910010e-04
-8.653819913857704882e-04
-8.611586654967799681e-04
-8.569382046478418724e-04
-8.527205962286683871e-04
-8.485058276502810415e-04
-8.442938863447192743e-04
-8.400847597647802256e-04
-8.358784353837793446e-04
-8.316749006952589562e-04
-8.274741433510653110e-04
-8.232761508770378156e-04
-8.190809107578925219e-04
-8.148884105730440364e-04
-8.106986379213323990e-04
-8.065115804207698136e-04
-8.023272257083047254e-04
-7.981455614395616127e-04
-7.939665752885842476e-04
-7.897902549476726319e-04
-7.856165881270013585e-04
-7.814455625544634854e-04
-7.772771659754068585e-04
-7.731113861523739028e-04
-7.689482108648656999e-04
-7.647876279090783103e-04
-7.606296250977223616e-04
-7.564741909096978079e-04
-7.523213127384464904e-04
-7.481709784375525918e-04
-7.440231759055192240e-04
-7.398778930574924362e-04
-7.357351178250773338e-04
-7.315948381560882785e-04
-7.274570420144413352e-04
-7.233217173798107968e-04
-7.191888522475077539e-04
-7.150584346282545800e-04
-7.109304525479802350e-04
-7.068048940476016895e-04
-7.026817471828192274e-04
-6.985610000239082795e-04
-6.944426406555598286e-04
-6.903266572381577815e-04
-6.862130380111478023e-04
-6.821017709733104284e-04
-6.779928442720503656e-04
-6.738862460685876576e-04
-6.697819645377564579e-04
-6.656799878677933935e-04
-6.615803042602334816e-04
-6.574829019295805321e-04
-6.533877691031995949e-04
-6.492948940211053233e-04
-6.452042649357676851e-04
-6.411158701119037961e-04
-6.370296978263148557e-04
-6.329457363676398163e-04
-6.288639740362582387e-04
-6.247843991439676337e-04
-6.207069999288571116e-04
-6.166317646632869798e-04
-6.125586816953416947e-04
-6.084877393471160856e-04
-6.044189259475571396e-04
-6.003522298320823625e-04
-5.962876393423056920e-04
-5.922251430870266453e-04
-5.881647294088444833e-04
-5.841063866805669413e-04
-5.800501033346623647e-04
-5.759958678172028002e-04
-5.719436685879958349e-04
-5.678934941207025577e-04
-5.638453324703605885e-04
-5.597991723009475284e-04
-5.557550020534179902e-04
-5.517128101684247443e-04
-5.476725850886432490e-04
-5.436343152581644966e-04
-5.395979892080064733e-04
-5.355635958917102923e-04
-5.315311235577387106e-04
-5.275005607634393467e-04
-5.234718960815537558e-04
-5.194451181006927432e-04
-5.154202154258012702e-04
-5.113971763990310393e-04
-5.073759891001533573e-04
-5.033566423984225935e-04
-4.993391247939543698e-04
-4.953234247797935752e-04
-4.913095308407659789e-04
-4.872974314523367823e-04
-4.832871156065961238e-04
-4.792785721459066894e-04
-4.752717893702802787e-04
-4.712667559183293664e-04
-4.672634604443275108e-04
-4.632618916190524294e-04
-4.592620381305111132e-04
-4.552638881923677661e-04
-4.512674304740990627e-04
-4.472726537300721061e-04
-4.432795465809657998e-04
-4.392880976479794641e-04
-4.352982955521979280e-04
-4.313101289142029504e-04
-4.273235866080506151e-04
-4.233386571593257541e-04
-4.193553292010099298e-04
-4.153735913871615948e-04
-4.113934323746043509e-04
-4.074148408230206242e-04
-4.034378053948232956e-04
-3.994623147552493758e-04
-3.954883575723218414e-04
-3.915159225168635126e-04
-3.875449977886850916e-04
-3.835755720525448054e-04
-3.796076341679166521e-04
-3.756411727735865791e-04
-3.716761765088574809e-04
-3.677126340135249138e-04
-3.637505339278805649e-04
-3.597898648927018439e-04
-3.558306155492692302e-04
-3.518727745393315787e-04
-3.479163305144250540e-04
-3.439612721301762988e-04
-3.400075880180195020e-04
-3.360552668232007212e-04
-3.321042971915419417e-04
-3.281546677694445469e-04
-3.242063672038962563e-04
-3.202593841424399013e-04
-3.163137072332636301e-04
-3.123693251250725389e-04
-3.084262264377163332e-04
-3.044843995025289796e-04
-3.005438331880362635e-04
-2.966045161259533991e-04
-2.926664369474404892e-04
-2.887295842830747694e-04
-2.847939467629408139e-04
-2.808595130165091047e-04
-2.769262716727123597e-04
-2.729942113599212461e-04
-2.690633207059582588e-04
-2.651335883077365896e-04
-2.612050027816816000e-04
-2.572775527464009337e-04
-2.533512268148782609e-04
-2.494260135538009515e-04
-2.455019015575252150e-04
-2.415788794239044635e-04
-2.376569357379447467e-04
-2.337360590040117592e-04
-2.298162377845983095e-04
-2.258974606616191705e-04
-2.219797161921756301e-04
-2.180629929299238157e-04
-2.141472794251510214e-04
-2.102325642247548920e-04
-2.063188358722468918e-04
-2.024060829077349577e-04
-1.984942937916130135e-04
-1.945834570782831174e-04
-1.906735613062919554e-04
-1.867645949948544548e-04
-1.828565466594211930e-04
-1.789494048116471725e-04
-1.750431579593918208e-04
-1.711377946067259292e-04
-1.672333032539177755e-04
-1.633296720557585180e-04
-1.594268895232786587e-04
-1.555249440877842781e-04
-1.516238241363147832e-04
-1.477235181002838071e-04
-1.438240150209331436e-04
-1.399253030708418055e-04
-1.360273707511142072e-04
-1.321302065687354754e-04
-1.282337988225239200e-04
-1.243381354562589358e-04
-1.204432051199397224e-04
-1.165489961539138697e-04
-1.126554968832564618e-04
-1.087626949831527190e-04
-1.048705781635170253e-04
-1.009791347733948741e-04
-9.708835275878957560e-05
-9.319822001595604033e-05
-8.930872740339074189e-05
-8.541986696455894368e-05
-8.153162120153045755e-05
-7.764398424983665059e-05
-7.375693501408125963e-05
-6.987046544307956575e-05
-6.598456599419752489e-05
-6.209922577169943447e-05
-5.821443321144675886e-05
-5.433017216569316354e-05
-5.044643275321086806e-05
-4.656320473450312192e-05
-4.268047859960766299e-05
-3.879824219388608442e-05
-3.491647893064109276e-05
-3.103517566789212867e-05
-2.715432149453730903e-05
-2.327390445228116889e-05
-1.939392515316190613e-05
-1.551435534141026862e-05
-1.163518703320431946e-05
-7.756418898975658838e-06
-3.878025088579345470e-06
0.000000000000000000e+00
0.000000000000000000e+00
1.893759473525075121e-06
3.787437856908604239e-06
5.681029146137328567e-06
7.574542863732908193e-06
9.467981814316461797e-06
1.136133177472714584e-05
1.325460654355917200e-05
1.514781193908895651e-05
1.704094372559361581e-05
1.893399996134859098e-05
2.082698953499023675e-05
2.271990858704678318e-05
2.461275990532987845e-05
2.650554549101305502e-05
2.839826598471581476e-05
3.029092139954572827e-05
3.218351261275592679e-05
3.407604131491076549e-05
3.596850919475313990e-05
3.786091726280110814e-05
3.975326715896163043e-05
4.164556075375580591e-05
4.353780057105363643e-05
4.542998760770008970e-05
4.732212378973782441e-05
4.921421180970400600e-05
5.110625308712979376e-05
5.299824771372307897e-05
5.489019558557045597e-05
5.678209780851997679e-05
5.867395672940270424e-05
6.056577464695275803e-05
6.245755189660667783e-05
6.434928964090327885e-05
6.624099050014931045e-05
6.813265604335705383e-05
7.002428759573728345e-05
7.191588653232550143e-05
7.380745424948736977e-05
7.569899180950162565e-05
7.759050057999650196e-05
7.948198192861410938e-05
8.137343772402286235e-05
8.326486866145135779e-05
8.515627587267135534e-05
8.704766086676390957e-05
8.893902500874129036e-05
9.083036931910662415e-05
9.272169656036194363e-05
9.461300805952560511e-05
9.650430514365065937e-05
9.839558934417527714e-05
1.002868617377659921e-04
1.021781235141065725e-04
1.040693760625578668e-04
1.059606207400518030e-04
1.078518586823118408e-04
1.097430919632588764e-04
1.116343220140501857e-04
1.135255500758769465e-04
1.154167771232131323e-04
1.173080046164183543e-04
1.191992341411825251e-04
1.210904672465790144e-04
1.229817053859279252e-04
1.248729501927801910e-04
1.267642030265761499e-04
1.286554649590973542e-04
1.305467376111549282e-04
1.324380223489685093e-04
1.343293204743301050e-04
1.362206347017280716e-04
1.381119661599469750e-04
1.400033160527357212e-04
1.418946863893655319e-04
1.437860768068767447e-04
1.456774889865251887e-04
1.475689245737897559e-04
1.494603844898224898e-04
1.513518715629581790e-04
1.532433871663865799e-04
1.551349325436060522e-04
1.570265094783147852e-04
1.589181184316369733e-04
1.608097607112071725e-04
1.627014379082213080e-04
1.645931511702718175e-04
1.664849026399468912e-04
1.683766940468525708e-04
1.702685266647095685e-04
1.721604021112550786e-04
1.740523213911611411e-04
1.759442854778296705e-04
1.778362959787907482e-04
1.797283542892651187e-04
1.816204620248597357e-04
1.835126212547735780e-04
1.854048333086721900e-04
1.872970996597174420e-04
1.891894219609203953e-04
1.910818006882024356e-04
1.929742375178962466e-04
1.948667340939159998e-04
1.967592914583274344e-04
1.986519123058604064e-04
2.005445979167096160e-04
2.024373495655949762e-04
2.043301686344874135e-04
2.062230558549475734e-04
2.081160126231017260e-04
2.100090404091453644e-04
2.119021406834370458e-04
2.137953149165816580e-04
2.156885645793714390e-04
2.175818911427790381e-04
2.194752960780130269e-04
2.213687808564762660e-04
2.232623469497554969e-04
2.251559958296629749e-04
2.270497289681983055e-04
2.289435478375900779e-04
2.308374539102264755e-04
2.327314486587281350e-04
2.346255332980398678e-04
2.365197088734193043e-04
2.384139777658368653e-04
2.403083414253201489e-04
2.422028013030416704e-04
2.440973588512737602e-04
2.459920155234371353e-04
2.478867727740870219e-04
2.497816320588749917e-04
2.516765948346044723e-04
2.535716625592168705e-04
2.554668366917395295e-04
2.573621186923724657e-04
2.592575100224224494e-04
2.611530121443134123e-04
2.630486265216176733e-04
2.649443546190247134e-04
2.668401975388194625e-04
2.687361570446709924e-04
2.706322348217070350e-04
2.725284323208052029e-04
2.744247509943870122e-04
2.763211922964456391e-04
2.782177576824869381e-04
2.801144486095120956e-04
2.820112665359551796e-04
2.839082129217178341e-04
2.858052892280929513e-04
2.877024970726511921e-04
2.895998377134001434e-04
2.914973126154143945e-04
2.933949232568414112e-04
2.952926711157141670e-04
2.971905576699580831e-04
2.990885843974708247e-04
3.009867527761153627e-04
3.028850642838414042e-04
3.047835203986853925e-04
3.066821224964010051e-04
3.085808719125657240e-04
3.104797705130515895e-04
3.123788197472131267e-04
3.142780210681553332e-04
3.161773759326400035e-04
3.180768858009434819e-04
3.199765521366901289e-04
3.218763764067759936e-04
3.237763600812196274e-04
3.256765046329920810e-04
3.275768118532924877e-04
3.294772830218471726e-04
3.313779193135496515e-04
3.332787222527083815e-04
3.351796933611719820e-04
3.370808341584125012e-04
3.389821461616399079e-04
3.408836308859651554e-04
3.427852898445007956e-04
3.446871245484928181e-04
3.465891365074177943e-04
3.484913268617211013e-04
3.503936975585396352e-04
3.522962501698416460e-04
3.541989861683032814e-04
3.561019070292513466e-04
3.580050142305210570e-04
3.599083092524699157e-04
3.618117935778319971e-04
3.637154686916728441e-04
3.656193360812784454e-04
3.675233972749089584e-04
3.694276539717537833e-04
3.713321073040183606e-04
3.732367587911712692e-04
3.751416099518137259e-04
3.770466623037281584e-04
3.789519173638955518e-04
3.808573766486030021e-04
3.827630416734506547e-04
3.846689139533759905e-04
3.865749950027509707e-04
3.884812862447531434e-04
3.903877892140750205e-04
3.922945055711904438e-04
3.942014368103728683e-04
3.961085844272661804e-04
3.980159499188291872e-04
3.999235347833737797e-04
4.018313405205371780e-04
4.037393686312125418e-04
4.056476206176148902e-04
4.075560979832047737e-04
4.094648022763061612e-04
4.113737349110239971e-04
4.132828973738497669e-04
4.151922911842173547e-04
4.171019178619526924e-04
4.190117789273396787e-04
4.209218759010889543e-04
4.228322103043240243e-04
4.247427836586471772e-04
4.266535974861047908e-04
4.285646533091734545e-04
4.304759526508328271e-04
4.323874970345101265e-04
4.342992879841321707e-04
4.362113270240733365e-04
4.381236156792284175e-04
4.400361554749918080e-04
4.419489479372297469e-04
4.438619945923462373e-04
4.457752969672587606e-04
4.476888565894017458e-04
4.496026749867265693e-04
4.515167536877397192e-04
4.534310942214923867e-04
4.553456981175492413e-04
4.572605669060682276e-04
4.591757021177624021e-04
4.610911052838825852e-04
4.630067779362832814e-04
4.649227216073949231e-04
4.668389378302342796e-04
4.687554281383905785e-04
4.706721940660775483e-04
4.725892371481160703e-04
4.745065589199168321e-04
4.764241609175219605e-04
4.783420446776084911e-04
4.802602117374779600e-04
4.821786636350529343e-04
4.840974019089255842e-04
4.860164280983403362e-04
4.879357437431626476e-04
4.898553503839622736e-04
4.917752496010827090e-04
4.936954428958126306e-04
4.956159318048949936e-04
4.975367178722163441e-04
4.994578026423571182e-04
5.013791876605604159e-04
5.033008744727875128e-04
5.052228646257039824e-04
5.071451596666450012e-04
5.090677611436951466e-04
5.109906706056363546e-04
5.129138896019791449e-04
5.148374196829418048e-04
5.167612623994954912e-04
5.186854193033434146e-04
5.206098919469173691e-04
5.225346818834124274e-04
5.244597906667800014e-04
5.263852198517070258e-04
5.283109709936645304e-04
5.302370456488902928e-04
5.321634453743992466e-04
5.340901717255513992e-04
5.360172262514131813e-04
5.379446105273806567e-04
5.398723261131367634e-04
5.418003745692075157e-04
5.437287574569273085e-04
5.456574763384632043e-04
5.475865327767871771e-04
5.495159283357350932e-04
5.514456645799893642e-04
5.533757430750477213e-04
5.553061653872891357e-04
5.572369330794531284e-04
5.591680476959050294e-04
5.610995108470094583e-04
5.630313241000196867e-04
5.649634890232888007e-04
5.668960071862315375e-04
5.688288801593867350e-04
5.707621095143791679e-04
5.726956968238917922e-04
5.746296436617316650e-04
5.765639516027917799e-04
5.784986222230233122e-04
5.804336571035677295e-04
5.823690578377928306e-04
5.843048259342210893e-04
5.862409629796491717e-04
5.881774705616300836e-04
5.901143502684592923e-04
5.920516036891400324e-04
5.939892324134735113e-04
5.959272380320103368e-04
5.978656221360401091e-04
5.998043863176608093e-04
6.017435321697371664e-04
6.036830612859422907e-04
6.056229752607056316e-04
6.075632756892927755e-04
6.095039641677811593e-04
6.114450422930357842e-04
6.133865116627681968e-04
6.153283738755226107e-04
6.172706305306863150e-04
6.192132832284619193e-04
6.211563335699332722e-04
6.230997831570481149e-04
6.250436335925903253e-04
6.269878864802423679e-04
6.289325434245748858e-04
6.308776060310120060e-04
6.328230759059076671e-04
6.347689546565005170e-04
6.367152438909555456e-04
6.386619452183224521e-04
6.406090602485980945e-04
6.425565905927230204e-04
6.445045378625363641e-04
6.464529036708487053e-04
6.484016896314212519e-04
6.503508973589797182e-04
6.523005284691900385e-04
6.542505845787138785e-04
6.562010673051947574e-04
6.581519782672441699e-04
6.601033190844832199e-04
6.620550913775391511e-04
6.640072967680279992e-04
6.659599368785962259e-04
6.679130133329103103e-04
6.698665277556810349e-04
6.718204817726183831e-04
6.737748770105043972e-04
6.757297152817642871e-04
6.776849980201955781e-04
6.796407268449128347e-04
6.815969033880271699e-04
6.835535292827321641e-04
6.855106061632518233e-04
6.874681356649169073e-04
6.894261194241337043e-04
6.913845590783770922e-04
6.933434562662425804e-04
6.953028126274254928e-04
6.972626298027001512e-04
6.992229094339892648e-04
7.011836531643257653e-04
7.031448626378840328e-04
7.051065394999452007e-04
7.070686853969596064e-04
7.090313019765294433e-04
7.109943908873810059e-04
7.129579537794444866e-04
7.149219923037949953e-04
7.168865081127046013e-04
7.188515028596006995e-04
7.208169781991249914e-04
7.227829357871196070e-04
7.247493772805993495e-04
7.267163043378314924e-04
7.286837186182802684e-04
7.306516217826276860e-04
7.326200154928012853e-04
7.345889014119741378e-04
7.365582812855278605e-04
7.385281567190878083e-04
7.404985293443383521e-04
7.424694008304651149e-04
7.444407728478610875e-04
7.464126470682029557e-04
7.483850251643990592e-04
7.503579088105963302e-04
7.523312996822427434e-04
7.543051994560318052e-04
7.562796098099580644e-04
7.582545324232720096e-04
7.602299689765494584e-04
7.622059211516672705e-04
7.641823906317790627e-04
7.661593791013950050e-04
7.681368882463332493e-04
7.701149197537338065e-04
7.720934753120932414e-04
7.740725566112507949e-04
7.760521653424057309e-04
7.780323031980895809e-04
7.800129718722424721e-04
7.819941730601680241e-04
7.839759084585368187e-04
7.859581797654349722e-04
7.879409886803329099e-04
7.899243369041270002e-04
7.919082261390979205e-04
7.938926580889696383e-04
7.958776344588990026e-04
7.978631569550975744e-04
7.998492272856157215e-04
8.018358471603877213e-04
8.038230182903262355e-04
8.058107423878357878e-04
8.077990211667954168e-04
8.097878563425725540e-04
8.117772496319883291e-04
8.137672027533973673e-04
8.157577174266530950e-04
8.177487953730973314e-04
8.197404383156123298e-04
8.217326479786034310e-04
8.237254260880164103e-04
8.257187743713166606e-04
8.277126945575342953e-04
8.297071883772641487e-04
8.317022575626380199e-04
8.336979038473871229e-04
8.356941289668108619e-04
8.376909346577803006e-04
8.396883226587832649e-04
8.416862947098965875e-04
8.436848525528208020e-04
8.456839979308385102e-04
8.476837325888872399e-04
8.496840582735351588e-04
8.516849767329637277e-04
8.536864897170197419e-04
8.556885989772049228e-04
8.576913062666863263e-04
8.596946134395710981e-04
8.616985224513817876e-04
8.637030347081429971e-04
8.657081519734058372e-04
8.677138760123069561e-04
8.697202085915546610e-04
8.717271514794011633e-04
8.737347064457189061e-04
8.757428752619762780e-04
8.777516597012514910e-04
8.797610615382117638e-04
8.817710825491861804e-04
8.837817245121344645e-04
8.857929892066435107e-04
8.878048784139759564e-04
8.898173939170563040e-04
8.918305375004986768e-04
8.938443109505686546e-04
8.958587160552596018e-04
8.978737546042753204e-04
8.998894283889953549e-04
9.019057392025617292e-04
9.039226888398511905e-04
9.059402790974543929e-04
9.079585117737452860e-04
9.099773886688637681e-04
9.119969115846948693e-04
9.140170823249346710e-04
9.160379026950660197e-04
9.180593745023862828e-04
9.200814995559726539e-04
9.221042796667515418e-04
9.241277166203501481e-04
9.261518122618966897e-04
9.281765684078444045e-04
9.302019868762632926e-04
9.322280694871176721e-04
9.342548180622314846e-04
9.362822344253576845e-04
9.383103204021643606e-04
9.403390778202035116e-04
9.423685085089943125e-04
9.443986142999780120e-04
9.464293970265387490e-04
9.484608585240243694e-04
9.504930006297568346e-04
9.525258251830356904e-04
9.545593340251276593e-04
9.565935289993152124e-04
9.586284119508931001e-04
9.606639847271371269e-04
9.627002491773839488e-04
9.647372071529963788e-04
9.667748605073807344e-04
9.688132110959798982e-04
9.708522607763218903e-04
9.728920114080129300e-04
9.749324648527166182e-04
9.769736229742059797e-04
9.790154876383669325e-04
9.810580607131635933e-04
9.831013440687146054e-04
9.851453395772549748e-04
9.871900493369917262e-04
9.892354750389541207e-04
9.912816184866196645e-04
9.933284815634262077e-04
9.953760661548655131e-04
9.974243741485526449e-04
9.994734074341982133e-04
1.001523167903632661e-03
1.003573657450781975e-03
1.005624877971750958e-03
1.007676831364781589e-03
1.009729519530246089e-03
1.011782944370730186e-03
1.013837107790988012e-03
1.015892011697942104e-03
1.017947658000756261e-03
1.020004048610797381e-03
1.022061185441659747e-03
1.024119070409165028e-03
1.026177705431400439e-03
1.028237092428718746e-03
1.030297233323720918e-03
1.032358130041311634e-03
1.034419784508688878e-03
1.036482198655364756e-03
1.038545374413137740e-03
1.040609313716165524e-03
1.042674018500951150e-03
1.044739490706308310e-03
1.046805732273455025e-03
1.048872745145975477e-03
1.050940531345762735e-03
1.053009092801523994e-03
1.055078431389449428e-03
1.057148549064006876e-03
1.059219447782006052e-03
1.061291129502685282e-03
1.063363596187683752e-03
1.065436849801041502e-03
1.067510892309241066e-03
1.069585725681217875e-03
1.071661351888353320e-03
1.073737772904478222e-03
1.075814990705931812e-03
1.077893007271533976e-03
1.079971824582585255e-03
1.082051444622932762e-03
1.084131869378945900e-03
1.086213100839505952e-03
1.088295140996071997e-03
1.090377991842670508e-03
1.092461655375871060e-03
1.094546133594862664e-03
1.096631428501415595e-03
1.098717542099933442e-03
1.100804476397407999e-03
1.102892233403492128e-03
1.104980815130489347e-03
1.107070223593336483e-03
1.109160460809669596e-03
1.111251528799799687e-03
1.113343429586733518e-03
1.115436165283974906e-03
1.117529738032318337e-03
1.119624149623646425e-03
1.121719402094528001e-03
1.123815497484224185e-03
1.125912437834667573e-03
1.128010225190441418e-03
1.130108861598852488e-03
1.132208349109906781e-03
1.134308689776351159e-03
1.136409885653624774e-03
1.138511938799966622e-03
1.140614851276366970e-03
1.142718625146567357e-03
1.144823262477133452e-03
1.146928765337427297e-03
1.149035135799638535e-03
1.151142375938760121e-03
1.153250487832664650e-03
1.155359473562080075e-03
1.157469335210586231e-03
1.159580074864680760e-03
1.161691694613751352e-03
1.163804196550086156e-03
1.165917582768929289e-03
1.168031855368449612e-03
1.170147016449796240e-03
1.172263068117046503e-03
1.174380012477299617e-03
1.176497851640652403e-03
1.178616587720181935e-03
1.180736222843838806e-03
1.182856759371114092e-03
1.184978199136803995e-03
1.187100544268567676e-03
1.189223796897100061e-03
1.191347959156090208e-03
1.193473033182224780e-03
1.195599021115257427e-03
1.197725925097987976e-03
1.199853747276258958e-03
1.201982489799018061e-03
1.204112154818304248e-03
1.206242744489275515e-03
1.208374260970195013e-03
1.210506706422490031e-03
1.212640083010751990e-03
1.214774392902712163e-03
1.216909638269318000e-03
1.219045821284715780e-03
1.221182944126278369e-03
1.223321008974584401e-03
1.225460018013487667e-03
1.227599973430110181e-03
1.229740877414824823e-03
1.231882732161324739e-03
1.234025539866619864e-03
1.236169302731009167e-03
1.238314022958167393e-03
1.240459702755110361e-03
1.242606344332236601e-03
1.244753949903306539e-03
1.246902521685508414e-03
1.249052062161148252e-03
1.251202573317303224e-03
1.253354057316226344e-03
1.255506516391675931e-03
1.257659952780803420e-03
1.259814368724101324e-03
1.261969766465507320e-03
1.264126148252376486e-03
1.266283516335474368e-03
1.268441872969042900e-03
1.270601220410807336e-03
1.272761560921948504e-03
1.274922896767182595e-03
1.277085230214747291e-03
1.279248563536398292e-03
1.281412899007471767e-03
1.283578238906870478e-03
1.285744585517095001e-03
1.287911941124233323e-03
1.290080308018023286e-03
1.292249688491842186e-03
1.294420084842703295e-03
1.296591499371321787e-03
1.298763934382104329e-03
1.300937392183169894e-03
1.303111875086332416e-03
1.305287385407197936e-03
1.307463925465112559e-03
1.309641497583186737e-03
1.311820104088350786e-03
1.313999747311351413e-03
1.316180429766115184e-03
1.318362153716164803e-03
1.320544921359901452e-03
1.322728735046220516e-03
1.324913597127781728e-03
1.327099509961092438e-03
1.329286475906483328e-03
1.331474497328118817e-03
1.333663576594052574e-03
1.335853716076220582e-03
1.338044918150479295e-03
1.340237185196570951e-03
1.342430519598227651e-03
1.344624923743129724e-03
1.346820400022916142e-03
1.349016950833264311e-03
1.351214578573858849e-03
1.353413285648398523e-03
1.355613074464672579e-03
1.357813947434529517e-03
1.360015906973929128e-03
1.362218955502907808e-03
1.364423095445668754e-03
1.366628329230571565e-03
1.368834659290104477e-03
1.371042088060978048e-03
1.373250617984104333e-03
1.375460251504631581e-03
1.377670991071913015e-03
1.379882839139610906e-03
1.382095798165654948e-03
1.384309870760158656e-03
1.386525059504192803e-03
1.388741366550268197e-03
1.390958794377460811e-03
1.393177345469100159e-03
1.395397022312765828e-03
1.397617827400315232e-03
1.399839763227876677e-03
1.402062832295915273e-03
1.404287037109243352e-03
1.406512380176989235e-03
1.408738864012701320e-03
1.410966491134313383e-03
1.413195264064189688e-03
1.415425185329111102e-03
1.417656257460347957e-03
1.419888482993663520e-03
1.422121864469282765e-03
1.424356404432006867e-03
1.426592105431168100e-03
1.428828970020650652e-03
1.431067000758953073e-03
1.433306200209181341e-03
1.435546570939080085e-03
1.437788115521015236e-03
1.440030836532071173e-03
1.442274736554016029e-03
1.444519818173312098e-03
1.446766083981192164e-03
1.449013536573642152e-03
1.451262178551404602e-03
1.453512012576568813e-03
1.455763041720608414e-03
1.458015268004157067e-03
1.460268694052548749e-03
1.462523322495842826e-03
1.464779155968806701e-03
1.467036197110926227e-03
1.469294448566471623e-03
1.471553912984507884e-03
1.473814593018877434e-03
1.476076491328290330e-03
1.478339610576310387e-03
1.480603953431396808e-03
1.482869522566886838e-03
1.485136320661082504e-03
1.487404350397243669e-03
1.489673614463588036e-03
1.491944115553367478e-03
1.494215856364854156e-03
1.496488839601392562e-03
1.498763067971378704e-03
1.501038544188332963e-03
1.503315270970920908e-03
1.505593251042922076e-03
1.507872487133330580e-03
1.510152981976337766e-03
1.512434738311339150e-03
1.514717758883010745e-03
1.517002046441288249e-03
1.519287603741436427e-03
1.521574433543990135e-03
1.523862538614886158e-03
1.526151922314641224e-03
1.528442586846590068e-03
1.530734534891203119e-03
1.533027769242051308e-03
1.535322292697944430e-03
1.537618108062948491e-03
1.539915218146444692e-03
1.542213625763153712e-03
1.544513333733114890e-03
1.546814344881790315e-03
1.549116662040047471e-03
1.551420288044169649e-03
1.553725225735935744e-03
1.556031477962616788e-03
1.558339047577017578e-03
1.560647937437469740e-03
1.562958150407911528e-03
1.565269689357898231e-03
1.567582557162591761e-03
1.569896756702854335e-03
1.572212290865224182e-03
1.574529162541991878e-03
1.576847374631148296e-03
1.579166930036509514e-03
1.581487831667702931e-03
1.583810082440149924e-03
1.586133685275173399e-03
1.588458643099997791e-03
1.590784958847724778e-03
1.593112635457447773e-03
1.595441675874224169e-03
1.597772083426107076e-03
1.600103860862601979e-03
1.602437010901389125e-03
1.604771536517012737e-03
1.607107440689915095e-03
1.609444726406509402e-03
1.611783396659186712e-03
1.614123454446364514e-03
1.616464902772472845e-03
1.618807744648047969e-03
1.621151983089742787e-03
1.623497621120309486e-03
1.625844661768710564e-03
1.628193108070115358e-03
1.630542963065893108e-03
1.632894229803710101e-03
1.635246911337526199e-03
1.637601010727636475e-03
1.639956531040671212e-03
1.642313475349686108e-03
1.644671846734162279e-03
1.647031648280002786e-03
1.649392883079633249e-03
1.651755554231998380e-03
1.654119664842568921e-03
1.656485218023424910e-03
1.658852216893248743e-03
1.661220664577387623e-03
1.663590564207832745e-03
1.665961918923316437e-03
1.668334731869312165e-03
1.670709006431597698e-03
1.673084745862991191e-03
1.675461952925276499e-03
1.677840630796467031e-03
1.680220782661306922e-03
1.682602411711271034e-03
1.684985521144610060e-03
1.687370114166350521e-03
1.689756193988384975e-03
1.692143763829489361e-03
1.694532826915312596e-03
1.696923386478480650e-03
1.699315445758589616e-03
1.701709008002261214e-03
1.704104076463132389e-03
1.706500654401955919e-03
1.708898745086614296e-03
1.711298351792098910e-03
1.713699477800631477e-03
1.716102126401653633e-03
1.718506300891833871e-03
1.720912004575175097e-03
1.723319240762983401e-03
1.725728012773958264e-03
1.728138323934150927e-03
1.730550177577089288e-03
1.732963577043760556e-03
1.735378525682632067e-03
1.737795026849738023e-03
1.740213083908676017e-03
1.742632700230669490e-03
1.745053879350158543e-03
1.747476625363085512e-03
1.749900940661304471e-03
1.752326828656176894e-03
1.754754292766523560e-03
1.757183336418652320e-03
1.759613963046330332e-03
1.762046176090929783e-03
1.764479979001393195e-03
1.766915375234316687e-03
1.769352368253932634e-03
1.771790961532227621e-03
1.774231158548942450e-03
1.776672962791579075e-03
1.779116377755522033e-03
1.781561406944017628e-03
1.784008053868239851e-03
1.786456322047297318e-03
1.788906215008330414e-03
1.791357736286521701e-03
1.793810889425109800e-03
1.796265677975479591e-03
1.798722105497193441e-03
1.801180175557973856e-03
1.803639891733835321e-03
1.806101257609063482e-03
1.808564276776281066e-03
1.811028952836447881e-03
1.813495289398964899e-03
1.815963290081695075e-03
1.818432958510942526e-03
1.820904298321584375e-03
1.823377314852086400e-03
1.825852010002990827e-03
1.828328387258350979e-03
1.830806450303913008e-03
1.833286202833548512e-03
1.835767648549244124e-03
1.838250791161250702e-03
1.840735634388076386e-03
1.843222181956514355e-03
1.845710437601757320e-03
1.848200405067411400e-03
1.850692088105565514e-03
1.853185490476794844e-03
1.855680615950285745e-03
1.858177468303846142e-03
1.860676051323922886e-03
1.863176368805733590e-03
1.865678424553270098e-03
1.868182222379315832e-03
1.870687766105577632e-03
1.873195059562682285e-03
1.875704106590245918e-03
1.878214911036891338e-03
1.880727476760362532e-03
1.883241807627535069e-03
1.885757907514443860e-03
1.888275780306397644e-03
1.890795429897996344e-03
1.893316860193151874e-03
1.895840075105199168e-03
1.898365078556906588e-03
1.900891875985667723e-03
1.903420470333188480e-03
1.905950864763819586e-03
1.908483063258310797e-03
1.911017069806331820e-03
1.913552888406614555e-03
1.916090523066956569e-03
1.918629977804328646e-03
1.921171256644860909e-03
1.923714363624009355e-03
1.926259302786555855e-03
1.928806078186660194e-03
1.931354693887971097e-03
1.933905153963674795e-03
1.936457462496505438e-03
1.939011623578894283e-03
1.941567641312973158e-03
1.944125519810675079e-03
1.946685263193730780e-03
1.949246875593821371e-03
1.951810361152602619e-03
1.954375724021718830e-03
1.956942968362955504e-03
1.959512098348246273e-03
1.962083118159756168e-03
1.964656031989909374e-03
1.967230844041514132e-03
1.969807558527783553e-03
1.972386179672387663e-03
1.974966711709564421e-03
1.977549158884157887e-03
1.980133526110455788e-03
1.982719817725638045e-03
1.985308037079382831e-03
1.987898188473561506e-03
1.990490276220422544e-03
1.993084304642747662e-03
1.995680278073872632e-03
1.998278200857725451e-03
2.000878077348965112e-03
2.003479911913016304e-03
2.006083708926135328e-03
2.008689472775458673e-03
2.011297207859138320e-03
2.013906918586359091e-03
2.016518609377387222e-03
2.019132284663716081e-03
2.021747948888086982e-03
2.024365606504520410e-03
2.026985261978475616e-03
2.029606919786850622e-03
2.032230584418100172e-03
2.034856260372225334e-03
2.037483952160946965e-03
2.040113664307716124e-03
2.042745401347762640e-03
2.045379167828220018e-03
2.048014968308177475e-03
2.050652807358704227e-03
2.053292689562984802e-03
2.055934619516353729e-03
2.058578601826378807e-03
2.061224641201103019e-03
2.063872742511883157e-03
2.066522910001637736e-03
2.069175148333268766e-03
2.071829462182126630e-03
2.074485856236037845e-03
2.077144335195398733e-03
2.079804903773175423e-03
2.082467566695063443e-03
2.085132328699505072e-03
2.087799194537727498e-03
2.090468168973878132e-03
2.093139256785048891e-03
2.095812462761321299e-03
2.098487791705898331e-03
2.101165248435107880e-03
2.103844837778527654e-03
2.106526564578964367e-03
2.109210433692623732e-03
2.111896449989120877e-03
2.114584618351528916e-03
2.117274943833138967e-03
2.119967431235041111e-03
2.122662085389255548e-03
2.125358911238266202e-03
2.128057913738084367e-03
2.130759097858331980e-03
2.133462468582286720e-03
2.136168030907017318e-03
2.138875789843425190e-03
2.141585750416279132e-03
2.144297917664364506e-03
2.147012296640507523e-03
2.149728892411672393e-03
2.152447710058992547e-03
2.155168754677905946e-03
2.157892031378203651e-03
2.160617545284064522e-03
2.163345301534197462e-03
2.166075305281883051e-03
2.168807561695008240e-03
2.171542075982461906e-03
2.174278853543747808e-03
2.177017899310774995e-03
2.179759218516187647e-03
2.182502816407385499e-03
2.185248698246534255e-03
2.187996869310634973e-03
2.190747334891666315e-03
2.193500100296622707e-03
2.196255170847621896e-03
2.199012551881936173e-03
2.201772248752145028e-03
2.204534266826187194e-03
2.207298611487398809e-03
2.210065288134676481e-03
2.212834302182515450e-03
2.215605659061051225e-03
2.218379364216236521e-03
2.221155423109841265e-03
2.223933841219594837e-03
2.226714624039186075e-03
2.229497777253494628e-03
2.232283306311384080e-03
2.235071216598417954e-03
2.237861513679485076e-03
2.240654203135503120e-03
2.243449290563553911e-03
2.246246781576914653e-03
2.249046681805224462e-03
2.251848996894546817e-03
2.254653732507414660e-03
2.257460894323003869e-03
2.260270488037178366e-03
2.263082519362552558e-03
2.265896994028657879e-03
2.268713917781977479e-03
2.271533296386071127e-03
2.274355135621602964e-03
2.277179441286528855e-03
2.280006219196134554e-03
2.282835475183091212e-03
2.285667215097632321e-03
2.288501445184016464e-03
2.291338170877389030e-03
2.294177398086245934e-03
2.297019132739316905e-03
2.299863380782880135e-03
2.302710148180796973e-03
2.305559440914706215e-03
2.308411264984083083e-03
2.311265626406301676e-03
2.314122531216818851e-03
2.316981985469229732e-03
2.319843995235385675e-03
2.322708566605460184e-03
2.325575705688115447e-03
2.328445418610578660e-03
2.331317711518697544e-03
2.334192590577127691e-03
2.337070061969395013e-03
2.339950131897961666e-03
2.342832806584399519e-03
2.345718092473862010e-03
2.348605995811981623e-03
2.351496522604235723e-03
2.354389679158481324e-03
2.357285471801633114e-03
2.360183906879760596e-03
2.363084990758278908e-03
2.365988729822018216e-03
2.368895130475317384e-03
2.371804199142200920e-03
2.374715942266455299e-03
2.377630366311774684e-03
2.380547477761812969e-03
2.383467283120385000e-03
2.386389788911553317e-03
2.389315001679694073e-03
2.392242927989691320e-03
2.395173574427006402e-03
2.398106947597834077e-03
2.401043054129133741e-03
2.403981900668858418e-03
2.406923494291921678e-03
2.409867841243681919e-03
2.412814948192072706e-03
2.415764821878958052e-03
2.418717469067140080e-03
2.421672896540601888e-03
2.424631111104549180e-03
2.427592119585597619e-03
2.430555928831831802e-03
2.433522545713020374e-03
2.436491977120716634e-03
2.439464229968334869e-03
2.442439311191365453e-03
2.445417227747461592e-03
2.448397986616585031e-03
2.451381594801092800e-03
2.454368059325931495e-03
2.457357387238755242e-03
2.460349585609988149e-03
2.463344661533060226e-03
2.466342622300336102e-03
2.469343475141438926e-03
2.472347226860738267e-03
2.475353884654599157e-03
2.478363455742451510e-03
2.481375947366852575e-03
2.484391366793729794e-03
2.487409721312488359e-03
2.490431018236097943e-03
2.493455264901339036e-03
2.496482468668879268e-03
2.499512636923460762e-03
2.502545777073976463e-03
2.505581896553712995e-03
2.508621002820440871e-03
2.511663103356528981e-03
2.514708205669163171e-03
2.517756317290460732e-03
2.520807445777567546e-03
2.523861598712894005e-03
2.526918783704191346e-03
2.529979008890625991e-03
2.533042281440248816e-03
2.536108608907211570e-03
2.539177999014714804e-03
2.542250459511279093e-03
2.545325998170967080e-03
2.548404622793536134e-03
2.551486341204542430e-03
2.554571161255590750e-03
2.557659090824448977e-03
2.560750137815245853e-03
2.563844310158564649e-03
2.566941615811703381e-03
2.570042062758796236e-03
2.573145659010938474e-03
2.576252412606422348e-03
2.579362331610868947e-03
2.582475424117401663e-03
2.585591698246760689e-03
2.588711162147552813e-03
2.591833824227795374e-03
2.594959693053153910e-03
2.598088776092945251e-03
2.601221081626789444e-03
2.604356617961864351e-03
2.607495393433190145e-03
2.610637416403750743e-03
2.613782695264719319e-03
2.616931238435597079e-03
2.620083054364483882e-03
2.623238151528237833e-03
2.626396538432610589e-03
2.629558223612538798e-03
2.632723215632279401e-03
2.635891523085576171e-03
2.639063154595916449e-03
2.642238118816683801e-03
2.645416424431366181e-03
2.648598080153701656e-03
2.651783094727949014e-03
2.654971476929033486e-03
2.658163236283234143e-03
2.661358381044299365e-03
2.664556919754847153e-03
2.667758861334690312e-03
2.670964214734027065e-03
2.674172988933763706e-03
2.677385192945684611e-03
2.680600835812636112e-03
2.683819926608835282e-03
2.687042474440053813e-03
2.690268488443784550e-03
2.693497977789571091e-03
2.696730951679156968e-03
2.699967419346738923e-03
2.703207390059147314e-03
2.706450873116137551e-03
2.709697877850580916e-03
2.712948413628631095e-03
2.716202489850060714e-03
2.719460115948393181e-03
2.722721301534204719e-03
2.725986056682880299e-03
2.729254390037044731e-03
2.732526311186166124e-03
2.735801829753480713e-03
2.739080955396343275e-03
2.742363697806435296e-03
2.745650066709966197e-03
2.748940071868020280e-03
2.752233723076733668e-03
2.755531030167589213e-03
2.758832003007603839e-03
2.762136651499661616e-03
2.765444985582732329e-03
2.768757015232062302e-03
2.772072750459528279e-03
2.775392201313821305e-03
2.778715377880727755e-03
2.782042290283316677e-03
2.785372948682293681e-03
2.788707363276191759e-03
2.792045544843531346e-03
2.795387503336684704e-03
2.798733248684921043e-03
2.802082791258268119e-03
2.805436141464837801e-03
2.808793309751048128e-03
2.812154306601942488e-03
2.815519142541394321e-03
2.818887828132478346e-03
2.822260373977709957e-03
2.825636790719267266e-03
2.829017089039362332e-03
2.832401279660484023e-03
2.835789373345609654e-03
2.839181380898597035e-03
2.842577313164382224e-03
2.845977181029298725e-03
2.849380995421292584e-03
2.852788767310283219e-03
2.856200507708409747e-03
2.859616227752596884e-03
2.863035939889301690e-03
2.866459653519334155e-03
2.869887379858580140e-03
2.873319130164718460e-03
2.876754915737484569e-03
2.880194747919020970e-03
2.883638638094133955e-03
2.887086597690737694e-03
2.890538638180100567e-03
2.893994771077150474e-03
2.897455007940870353e-03
2.900919360374589612e-03
2.904387840026306788e-03
2.907860458588977515e-03
2.911337227800927380e-03
2.914818159446126017e-03
2.918303265354461190e-03
2.921792557402175944e-03
2.925286047512125343e-03
2.928783747654071373e-03
2.932285671283542394e-03
2.935791830038458200e-03
2.939302234495119043e-03
2.942816896870335819e-03
2.946335829426244279e-03
2.949859044470700548e-03
2.953386554357614185e-03
2.956918371487468611e-03
2.960454508307668042e-03
2.963994977312974649e-03
2.967539791045855496e-03
2.971088962096989083e-03
2.974642503105636576e-03
2.978200426759981811e-03
2.981762745797662123e-03
2.985329473006118756e-03
2.988900621222954218e-03
2.992476203336452700e-03
2.996056232285916610e-03
2.999640721062103721e-03
3.003229682707584530e-03
3.006823133412252214e-03
3.010421082746805171e-03
3.014023543800353061e-03
3.017630529892116609e-03
3.021242054391345966e-03
3.024858130717879290e-03
3.028478772342572956e-03
3.032103992787908708e-03
3.035733805628462040e-03
3.039368224491349746e-03
3.043007263056844020e-03
3.046650935058830417e-03
3.050299254285248479e-03
3.053952234578733577e-03
3.057609889837026307e-03
3.061272234013531074e-03
3.064939281117746300e-03
3.068611045215881988e-03
3.072287540431317687e-03
3.075968780945046582e-03
3.079654781920695972e-03
3.083345557783084834e-03
3.087041121404350552e-03
3.090741487248641756e-03
3.094446669837727648e-03
3.098156683751528834e-03
3.101871543628599570e-03
3.105591264166804311e-03
3.109315860123820774e-03
3.113045346317643014e-03
3.116779737627237146e-03
3.120519048993047884e-03
3.124263295417564062e-03
3.128012491965839054e-03
3.131766653766118735e-03
3.135525796010375787e-03
3.139289933954795414e-03
3.143059082920451885e-03
3.146833258293801200e-03
3.150612475527187623e-03
3.154396750139527167e-03
3.158186098259709723e-03
3.161980534936208176e-03
3.165780075802319266e-03
3.169584736667806213e-03
3.173394533410860141e-03
3.177209481978599676e-03
3.181029598387695445e-03
3.184854898724845396e-03
3.188685399147347249e-03
3.192521115883553001e-03
3.196362065233510769e-03
3.200208263569464390e-03
3.204059727336307922e-03
3.207916473175333877e-03
3.211778517735450200e-03
3.215645877404253034e-03
3.219518568939087888e-03
3.223396609171199495e-03
3.227280015006366715e-03
3.231168803425436831e-03
3.235062991485005562e-03
3.238962596317989523e-03
3.242867635134122350e-03
3.246778125220707578e-03
3.250694083943118234e-03
3.254615528745355424e-03
3.258542477150745686e-03
3.262474947071703629e-03
3.266412955853698064e-03
3.270356521190211085e-03
3.274305660944668711e-03
3.278260393061144251e-03
3.282220735564979341e-03
3.286186706563547222e-03
3.290158324246842542e-03
3.294135606888168311e-03
3.298118572844732643e-03
3.302107240558415507e-03
3.306101628556368938e-03
3.310101755451631128e-03
3.314107640080953682e-03
3.318119301360215878e-03
3.322136757768202192e-03
3.326160028289563281e-03
3.330189131996248025e-03
3.334224088048273749e-03
3.338264915694388879e-03
3.342311634272919496e-03
3.346364263212463219e-03
3.350422822032551873e-03
3.354487330344515378e-03
3.358557807852137478e-03
3.362634274352432895e-03
3.366716749736306524e-03
3.370805254415160102e-03
3.374899808035059651e-03
3.379000430635197699e-03
3.383107142514676924e-03
3.387219964067919586e-03
3.391338915785437752e-03
3.395464018254783917e-03
3.399595292161310817e-03
3.403732758289031851e-03
3.407876437521384361e-03
3.412026350842180256e-03
3.416182519336376233e-03
3.420344964190843995e-03
3.424513706854790535e-03
3.428688768981925927e-03
3.432870171465110531e-03
3.437057935937612441e-03
3.441252084136120493e-03
3.445452637901701837e-03
3.449659619180676234e-03
3.453873050025660363e-03
3.458092952596480280e-03
3.462319349161021437e-03
3.466552262096311149e-03
3.470791713889379015e-03
3.475037727138224897e-03
3.479290324552696684e-03
3.483549529429894737e-03
3.487815364260689333e-03
3.492087851891603756e-03
3.496367015519308286e-03
3.500652878454323103e-03
3.504945464122024429e-03
3.509244796063827609e-03
3.513550897938144679e-03
3.517863793521498056e-03
3.522183506709478107e-03
3.526510061517933170e-03
3.530843482083951407e-03
3.535183792666870412e-03
3.539531017786132217e-03
3.543885182321026422e-03
3.548246310190759922e-03
3.552614426187612057e-03
3.556989555228429190e-03
3.561371722355849423e-03
3.565760952739388534e-03
3.570157271676754895e-03
3.574560704594935412e-03
3.578971277051336969e-03
3.583389014735063188e-03
3.587813943468014244e-03
3.592246089206115045e-03
3.596685478040387296e-03
3.601132136813317564e-03
3.605586091370321933e-03
3.610047367873361890e-03
3.614515993007348660e-03
3.618991993594403156e-03
3.623475396595139675e-03
3.627966229110119595e-03
3.632464518381110785e-03
3.636970291792433752e-03
3.641483576872234923e-03
3.646004401293933411e-03
3.650532792877487359e-03
3.655068779590674166e-03
3.659612389729529486e-03
3.664163652401321997e-03
3.668722594630590556e-03
3.673289245050607998e-03
3.677863632443795217e-03
3.682445785743202610e-03
3.687035734033991541e-03
3.691633506555127425e-03
3.696239132700861185e-03
3.700852642022196826e-03
3.705474064228598402e-03
3.710103429189433311e-03
3.714740766935575172e-03
3.719386107660864471e-03
3.724039482644176530e-03
3.728700921734589419e-03
3.733370454979994396e-03
3.738048113308856113e-03
3.742733927814229783e-03
3.747427929755631215e-03
3.752130150560722965e-03
3.756840621827271104e-03
3.761559375324866061e-03
3.766286442996671230e-03
3.771021856961345037e-03
3.775765649514786076e-03
3.780517853131857425e-03
3.785278500578245081e-03
3.790047625717055807e-03
3.794825260048990956e-03
3.799611436845380663e-03
3.804406189560079199e-03
3.809209551831446022e-03
3.814021557484292141e-03
3.818842240532045046e-03
3.823671635178695072e-03
3.828509775820769512e-03
3.833356697049487144e-03
3.838212433652687244e-03
3.843077020616904316e-03
3.847950493129310978e-03
3.852832887316994664e-03
3.857724238330143690e-03
3.862624581327984280e-03
3.867533952379122869e-03
3.872452387757609193e-03
3.877379923945236534e-03
3.882316597633682365e-03
3.887262445726898802e-03
3.892217505343284478e-03
3.897181813817856416e-03
3.902155408704637007e-03
3.907138327778822418e-03
3.912130609038964868e-03
3.917132290771018627e-03
3.922143413484131813e-03
3.927164013068799864e-03
3.932194128547474715e-03
3.937233799167685205e-03
3.942283064404607934e-03
3.947341963963610367e-03
3.952410537783040273e-03
3.957488826036765356e-03
3.962576869136744118e-03
3.967674707735784068e-03
3.972782382730084827e-03
3.977899935261916542e-03
3.983027406722135233e-03
3.988164840876343153e-03
3.993312278674165938e-03
3.998469759981932575e-03
4.003637327395899448e-03
4.008815023757234669e-03
4.014002892155376506e-03
4.019200975931259967e-03
4.024409318680765429e-03
4.029627964257986861e-03
4.034856956778441056e-03
4.040096340622564841e-03
4.045346160438927779e-03
4.050606461147486514e-03
4.055877287943061155e-03
4.061158690850441566e-03
4.066450709772951450e-03
4.071753390836447412e-03
4.077066780578467164e-03
4.082390925808213056e-03
4.087725873610593974e-03
4.093071671350461543e-03
4.098428366676634682e-03
4.103796007526045592e-03
4.109174642127733090e-03
4.114564319007123910e-03
4.119965086990046849e-03
4.125376995206757325e-03
4.130800094620603463e-03
4.136234434572443053e-03
4.141680063104256210e-03
4.147137030761735565e-03
4.152605388401911513e-03
4.158085187197738813e-03
4.163576478642475043e-03
4.169079314554364341e-03
4.174593747081060957e-03
4.180119828704056267e-03
4.185657612243341708e-03
4.191207150861821912e-03
4.196768498069870096e-03
4.202341707729723846e-03
4.207926834887524420e-03
4.213523933012126160e-03
4.219133057032187911e-03
4.224754262326407828e-03
4.230387604643247312e-03
4.236033140105156802e-03
4.241690925213072172e-03
4.247361016850637050e-03
4.253043472300991473e-03
4.258738349668719086e-03
4.264445706337369191e-03
4.270165600818959933e-03
4.275898092022199087e-03
4.281643239257462707e-03
4.287401102241520517e-03
4.293171741102247418e-03
4.298955216383588268e-03
4.304751589126607630e-03
4.310560921058071565e-03
4.316383273350300753e-03
4.322218708318205371e-03
4.328067288708412758e-03
4.333929077704506277e-03
4.339804138932555622e-03
4.345692536466307099e-03
4.351594334832599442e-03
4.357509599177782772e-03
4.363438395177183377e-03
4.369380788089318596e-03
4.375336844375299350e-03
4.381306630966270294e-03
4.387290215269280119e-03
4.393287665173176149e-03
4.399299049054707089e-03
4.405324435784396808e-03
4.411363895013866582e-03
4.417417496694876072e-03
4.423485310532312975e-03
4.429567407514940769e-03
4.435663859143082477e-03
4.441774737435531806e-03
4.447900114936190197e-03
4.454040064720724695e-03
4.460194660403458272e-03
4.466363976557620463e-03
4.472548087759525143e-03
4.478747068637420337e-03
4.484960995121654859e-03
4.491189943701196646e-03
4.497433991431140643e-03
4.503693215940518524e-03
4.509967695439792701e-03
4.516257508728530740e-03
4.522562735718823473e-03
4.528883456052266304e-03
4.535219749819029839e-03
4.541571698347100089e-03
4.547939383577732919e-03
4.554322888073902148e-03
4.560722295028751122e-03
4.567137688274280211e-03
4.573569152289774092e-03
4.580016772847538692e-03
4.586480635144073170e-03
4.592960825240459399e-03
4.599457430390967161e-03
4.605970538525006736e-03
4.612500238256812130e-03
4.619046618894805112e-03
4.625609770451181296e-03
4.632189783651260301e-03
4.638786750886258331e-03
4.645400763272869438e-03
4.652031913374848893e-03
4.658680294994721471e-03
4.665346002676627052e-03
4.672029131716989164e-03
4.678729778175464565e-03
4.685448038885584032e-03
4.692184011465590915e-03
4.698937795792609146e-03
4.705709489234054937e-03
4.712499191565855394e-03
4.719307003830230246e-03
4.726133027881475324e-03
4.732977366398372771e-03
4.739840122896774727e-03
4.746721401742030888e-03
4.753621308161690151e-03
4.760539950104249879e-03
4.767477432021976352e-03
4.774433861767169579e-03
4.781409348342917365e-03
4.788404001646619917e-03
4.795417932484769691e-03
4.802451252587380814e-03
4.809504074622633629e-03
4.816576512211307587e-03
4.823668681711842932e-03
4.830780696106613120e-03
4.837912672152951121e-03
4.845064727604379146e-03
4.852236981213228079e-03
4.859429552746919595e-03
4.866642563004539707e-03
4.873876133833082713e-03
4.881130388342310583e-03
4.888405451784101630e-03
4.895701446996900130e-03
4.903018500380738887e-03
4.910356739437619911e-03
4.917716292789850452e-03
4.925097290198045957e-03
4.932499862579362016e-03
4.939924142025476500e-03
4.947370262526007423e-03
4.954838359930057584e-03
4.962328566544903230e-03
4.969841019685009714e-03
4.977375857881626009e-03
4.984933220903934453e-03
4.992513249780533569e-03
5.000116086820528827e-03
5.007741875634869749e-03
5.015390763023666598e-03
5.023062896206000050e-03
5.030758417654577347e-03
5.038477477003706906e-03
5.046220225209618881e-03
5.053986814577190317e-03
5.061777398786625193e-03
5.069592132920491823e-03
5.077431173490402905e-03
5.085294681360333358e-03
5.093182815411514269e-03
5.101095731540637029e-03
5.109033592954375508e-03
5.116996564320349522e-03
5.124984811800559897e-03
5.132998503084428010e-03
5.141037807422060846e-03
5.149102895657304418e-03
5.157193942628250649e-03
5.165311120968577724e-03
5.173454603816043246e-03
5.181624569218837989e-03
5.189821196915106460e-03
5.198044668369285887e-03
5.206295166808785208e-03
5.214572877260282430e-03
5.222877986586250965e-03
5.231210684315167059e-03
5.239571160227631669e-03
5.247959606358657686e-03
5.256376217488405861e-03
5.264821190388992156e-03
5.273294723859310584e-03
5.281797019263210352e-03
5.290328278841755633e-03
5.298888707580030888e-03
5.307478512876294408e-03
5.316097904295418591e-03
5.324747093607976739e-03
5.333426295456491356e-03
5.342135725144039893e-03
5.350875601333102832e-03
5.359646145156410357e-03
5.368447580108643563e-03
5.377280132089375803e-03
5.386144030263953497e-03
5.395039504078071729e-03
5.403966787123525711e-03
5.412926115524168552e-03
5.421917727980313240e-03
5.430941866008086316e-03
5.439998774114367802e-03
5.449088697646646551e-03
5.458211886357297593e-03
5.467368592756247092e-03
5.476559072165685521e-03
5.485783583196419261e-03
5.495042387008861051e-03
5.504335746491850062e-03
5.513663929053662371e-03
5.523027205119320632e-03
5.532425848191989404e-03
5.541860135537604592e-03
5.551330346553719902e-03
5.560836763472312705e-03
5.570379673018273359e-03
5.579959365233991275e-03
5.589576133548202624e-03
5.599230275682685193e-03
5.608922091093180434e-03
5.618651883202669534e-03
5.628419959975344833e-03
5.638226633035051116e-03
5.648072217741974266e-03
5.657957034566313270e-03
5.667881404766088316e-03
5.677845655033132710e-03
5.687850116818861379e-03
5.697895125602557564e-03
5.707981020978733500e-03
5.718108148803097840e-03
5.728276853942497471e-03
5.738487488918832952e-03
5.748740411165943753e-03
5.759035982540877674e-03
5.769374569425497062e-03
5.779756545447364835e-03
5.790182281920519536e-03
5.800652160034044935e-03
5.811166565846511561e-03
5.821725890303847822e-03
5.832330529734516822e-03
5.842980886588723666e-03
5.853677363840931180e-03
5.864420373786444901e-03
5.875210334056864270e-03
5.886047667752296320e-03
5.896932804354357988e-03
5.907866178562752590e-03
5.918848228173120146e-03
5.929879400072501916e-03
5.940960147143136555e-03
5.952090928409453641e-03
5.963272211206786799e-03
5.974504466023305288e-03
5.985788168020519939e-03
5.997123803259115510e-03
6.008511864440815170e-03
6.019952851080020984e-03
6.031447274321571211e-03
6.042995642779897675e-03
6.054598473809673365e-03
6.066256297623019017e-03
6.077969651691265962e-03
6.089739080961827783e-03
6.101565144657948581e-03
6.113448394369187106e-03
6.125389396691747340e-03
6.137388730636943873e-03
6.149446983289955787e-03
6.161564750077969804e-03
6.173742640029719619e-03
6.185981258243246350e-03
6.198281226831744289e-03
6.210643178646019918e-03
6.223067755879767293e-03
6.235555610364595935e-03
6.248107405327340408e-03
6.260723809909381904e-03
6.273405507225257582e-03
6.286153191310390326e-03
6.298967567445679788e-03
6.311849350438668987e-03
6.324799268393729856e-03
6.337818061361737143e-03
6.350906480952524247e-03
6.364065290093021132e-03
6.377295265780187628e-03
6.390597198262047002e-03
6.403971889666383588e-03
6.417420155380833269e-03
6.430942825826065773e-03
6.444540746158983896e-03
6.458214773629702282e-03
6.471965781017330333e-03
6.485794657200928681e-03
6.499702307387715539e-03
6.513689649205699206e-03
6.527757618360233161e-03
6.541907167725829336e-03
6.556139268143631321e-03
6.570454903715751416e-03
6.584855079156917701e-03
6.599340817530906234e-03
6.613913161751635433e-03
6.628573169030191337e-03
6.643321919968574185e-03
6.658160515273986446e-03
6.673090076743021237e-03
6.688111742449279196e-03
6.703226676692861097e-03
6.718436066474497287e-03
6.733741119956483667e-03
6.749143065121827184e-03
6.764643158782421978e-03
6.780242683377228630e-03
6.795942942299952605e-03
6.811745263883912244e-03
6.827651007010361595e-03
6.843661558978093862e-03
6.859778329426101384e-03
6.876002758278210170e-03
6.892336317245131849e-03
6.908780509943524689e-03
6.925336864346591514e-03
6.942006944151001002e-03
6.958792347261575501e-03
6.975694709395172111e-03
6.992715687640066458e-03
7.009856984797821489e-03
7.027120341328602082e-03
7.044507543403848160e-03
7.062020389391705094e-03
7.079660739917576634e-03
7.097430497213359085e-03
7.115331608997375878e-03
7.133366041228182686e-03
7.151535829050970766e-03
7.169843053817570588e-03
7.188289839738053882e-03
7.206878351058033233e-03
7.225610815051505820e-03
7.244489510667299903e-03
7.263516767070234831e-03
7.282694969502661458e-03
7.302026564605580694e-03
7.321514055499148133e-03
7.341160010367563798e-03
7.360967059532132206e-03
7.380937898978385397e-03
7.401075295590801850e-03
7.421382082591999885e-03
7.441861170042751716e-03
7.462515542074093372e-03
7.483348259371070538e-03
7.504362467979686785e-03
7.525561391912228421e-03
7.546948346356899262e-03
7.568526735971057434e-03
7.590300054942305391e-03
7.612271899914316992e-03
7.634445961595896779e-03
7.656826038485966407e-03
7.679416038582465021e-03
7.702219974910867045e-03
7.725241987019688950e-03
7.748486325727041435e-03
7.771957372694565658e-03
7.795659645686105199e-03
7.819597783950613806e-03
7.843776583406684294e-03
7.868200976988520140e-03
7.892876053317197937e-03
7.917807066527577514e-03
7.942999424460524954e-03
7.968458722879073752e-03
7.994190727350362208e-03
8.020201395374178949e-03
8.046496899812311671e-03
8.073083584186069306e-03
8.099968046148334211e-03
8.127157089444770471e-03
8.154657747089146674e-03
8.182477326225814224e-03
8.210623357956563922e-03
8.239103665242903524e-03
8.267926349348083542e-03
8.297099806475586453e-03
8.326632748038301918e-03
8.356534217244429574e-03
8.386813598957768706e-03
8.417480643658496048e-03
8.448545483885371021e-03
8.480018652042859567e-03
8.511911109912659312e-03
8.544234260098336475e-03
8.576999981393291367e-03
8.610220648931757315e-03
8.643909161369443817e-03
8.678078980275217430e-03
8.712744148454965032e-03
8.747919339720251763e-03
8.783619888202882225e-03
8.819861825052819487e-03
8.856661937530364154e-03
8.894037790427290063e-03
8.932007799807656356e-03
8.970591276307646883e-03
9.009808478386165109e-03
9.049680714250139119e-03
9.090230351206006476e-03
9.131480961345413844e-03
9.173457342017587307e-03
9.216185631242670984e-03
9.259693408300653100e-03
9.304009785280460687e-03
9.349165545269651906e-03
9.395193264470656780e-03
9.442127452914176461e-03
9.490004711005146920e-03
9.538863901869025497e-03
9.588746340880988789e-03
9.639696005641514714e-03
9.691759770830109255e-03
9.744987669727755986e-03
9.799433186636032772e-03
9.855153577423690636e-03
9.912210227901029069e-03
9.970669061130563865e-03
1.003060100445205341e-02
1.009208252093791655e-02
1.015519620096648132e-02
1.022003141041772853e-02
1.028668503015710625e-02
1.035526235280637142e-02
1.042587810963348932e-02
1.049865760908028425e-02
1.057373808482602387e-02
1.065127025325370534e-02
1.073142013104450010e-02
1.081437121104974336e-02
1.090032697323856797e-02
1.098951387145249460e-02
1.108218500653783758e-02
1.117862447194162626e-02
1.127915256309560722e-02
1.138413215254633661e-02
1.149397671959753904e-02
1.160916018154037159e-02
1.173022925074421359e-02
1.185781919508557651e-02
1.199267398424057156e-02
1.213567267359154205e-02
1.228786435199156687e-02
1.245051459495871704e-02
1.262516986317594944e-02
1.281374720552528983e-02
1.301866300977474848e-02
1.324302317263261267e-02
1.349091308960953875e-02
1.376785827095375857e-02
1.408159285476703881e-02
1.444342049293201313e-02
1.487081611715377304e-02
1.539294127042102958e-02
1.606414342949231619e-02
1.700521755259297788e-02
1.859308208340679225e-02
2.612311058265718786e-02
1.538974805380068644e-01
