------------------------------- 
------------------------------- 
Variable number: 1
    nb_cells 	     L1_norms 	     L2_norms 
300 	   0.00019541 	   0.00610887 
 
400 	   0.00013174 	   0.00468944 
 
500 	   0.00009595 	   0.00378702 
 
550 	   0.00008480 	   0.00350865 
 
1000 	   0.00003860 	   0.00210703 
 
1200 	   0.00003075 	   0.00183381 
 
1500 	   0.00002342 	   0.00155491 
 
1700 	   0.00002018 	   0.00143308 
 
2000 	   0.00001633 	   0.00127033 
 
2200 	   0.00001449 	   0.00118574 
 
2500 	   0.00001265 	   0.00110302 
 
------------------------------- 
------------------------------- 
Variable number: 2
    nb_cells 	     L1_norms 	     L2_norms 
300 	   0.00478855 	   0.07263762 
 
400 	   0.00394973 	   0.04921153 
 
500 	   0.00348306 	   0.03709576 
 
550 	   0.00339760 	   0.03380145 
 
1000 	   0.00278783 	   0.02158787 
 
1200 	   0.00268219 	   0.02017849 
 
1500 	   0.00258604 	   0.01913069 
 
1700 	   0.00253636 	   0.01871406 
 
2000 	   0.00246283 	   0.01824568 
 
2200 	   0.00242712 	   0.01804960 
 
2500 	   0.00241267 	   0.01793725 
 
------------------------------- 
------------------------------- 
Variable number: 3
    nb_cells 	     L1_norms 	     L2_norms 
300 	   0.00003951 	   0.00129720 
 
400 	   0.00002734 	   0.00107450 
 
500 	   0.00002091 	   0.00092036 
 
550 	   0.00001885 	   0.00087123 
 
1000 	   0.00001049 	   0.00058914 
 
1200 	   0.00000889 	   0.00052548 
 
1500 	   0.00000732 	   0.00045526 
 
1700 	   0.00000661 	   0.00042427 
 
2000 	   0.00000572 	   0.00038065 
 
2200 	   0.00000529 	   0.00035763 
 
2500 	   0.00000486 	   0.00033370 
 
------------------------------- 
------------------------------- 
Variable number: 4
    nb_cells 	     L1_norms 	     L2_norms 
300 	   0.00017481 	   0.00594143 
 
400 	   0.00013419 	   0.00517723 
 
500 	   0.00010972 	   0.00462381 
 
550 	   0.00010169 	   0.00439368 
 
1000 	   0.00005747 	   0.00314571 
 
1200 	   0.00004794 	   0.00283377 
 
1500 	   0.00003829 	   0.00247247 
 
1700 	   0.00003394 	   0.00231916 
 
2000 	   0.00002848 	   0.00210251 
 
2200 	   0.00002579 	   0.00198631 
 
2500 	   0.00002302 	   0.00185203 
 
    nb_cells 	     x_offset 
300 	  -0.00042419 
400 	  -0.00041727 
500 	  -0.00041312 
550 	  -0.00041108 
1000 	  -0.00040270 
1200 	  -0.00040076 
1500 	  -0.00039873 
1700 	  -0.00039779 
2000 	  -0.00039681 
2200 	  -0.00039629 
2500 	  -0.00039550 
