1.000000000000000000e+00
1.000000154914304717e+00
1.000000309828608769e+00
1.000000464742913486e+00
1.000000619657218204e+00
1.000000774571522477e+00
1.000000929485827195e+00
1.000001084400131912e+00
1.000001239314436630e+00
1.000001394228740681e+00
1.000001549143045398e+00
1.000001704057350116e+00
1.000001858971654167e+00
1.000002013885958885e+00
1.000002168800263602e+00
1.000002323714567654e+00
1.000002478628872371e+00
1.000002633543177089e+00
1.000002788457481362e+00
1.000002943371786079e+00
1.000003098286090797e+00
1.000003253200395514e+00
1.000003408114699566e+00
1.000003563029004283e+00
1.000003717943309001e+00
1.000003872857613052e+00
1.000004027771917769e+00
1.000004182686222487e+00
1.000004337600526760e+00
1.000004492514831478e+00
1.000004647429136195e+00
1.000004802343440247e+00
1.000004957257744964e+00
1.000005112172049682e+00
1.000005267086354399e+00
1.000005422000658450e+00
1.000005576914963168e+00
1.000005731829267885e+00
1.000005886743572159e+00
1.000006041657876876e+00
1.000006196572181594e+00
1.000006351486485645e+00
1.000006506400790363e+00
1.000006661315095080e+00
1.000006816229399131e+00
1.000006971143703849e+00
1.000007126058008566e+00
1.000007280972313284e+00
1.000007435886617335e+00
1.000007590800922053e+00
1.000007745715226770e+00
1.000007900629531044e+00
1.000008055543835761e+00
1.000008210458140478e+00
1.000008365372444530e+00
1.000008520286749247e+00
1.000008675201053965e+00
1.000008830115358016e+00
1.000008985029662734e+00
1.000009139943967451e+00
1.000009294858271724e+00
1.000009449772576442e+00
1.000009604686881159e+00
1.000009759601185877e+00
1.000009914515489928e+00
1.000010069429794646e+00
1.000010224344099363e+00
1.000010379258403415e+00
1.000010534172708132e+00
1.000010689087012850e+00
1.000010844001317123e+00
1.000010998915621840e+00
1.000011153829926558e+00
1.000011308744230609e+00
1.000011463658535327e+00
1.000011618572840044e+00
1.000011773487144762e+00
1.000011928401448813e+00
1.000012083315753530e+00
1.000012238230058248e+00
1.000012393144362299e+00
1.000012548058667017e+00
1.000012702972971734e+00
1.000012857887276008e+00
1.000013012801580725e+00
1.000013167715885443e+00
1.000013322630189494e+00
1.000013477544494211e+00
1.000013632458798929e+00
1.000013787373103646e+00
1.000013942287407698e+00
1.000014097201712415e+00
1.000014252116017133e+00
1.000014407030321406e+00
1.000014561944626124e+00
1.000014716858930841e+00
1.000014871773234892e+00
1.000015026687539610e+00
1.000015181601844327e+00
1.000015336516148379e+00
1.000015491430453096e+00
1.000015646344757814e+00
1.000015801259062531e+00
1.000015956173366805e+00
1.000016111087671522e+00
1.000016266001976240e+00
1.000016420916280291e+00
1.000016575830585008e+00
1.000016730744889726e+00
1.000016885659193777e+00
1.000017040573498495e+00
1.000017195487803212e+00
1.000017350402107263e+00
1.000017505316411981e+00
1.000017660230716698e+00
1.000017815145021416e+00
1.000017970059325689e+00
1.000018124973630407e+00
1.000018279887935124e+00
1.000018434802239176e+00
1.000018589716543893e+00
1.000018744630848611e+00
1.000018899545152662e+00
1.000019054459457379e+00
1.000019209373762097e+00
1.000019364288066370e+00
1.000019519202371088e+00
1.000019674116675805e+00
1.000019829030980523e+00
1.000019983945284574e+00
1.000020138859589292e+00
1.000020293773894009e+00
1.000020448688198060e+00
1.000020603602502778e+00
1.000020758516807495e+00
1.000020913431111769e+00
1.000021068345416486e+00
1.000021223259721204e+00
1.000021378174025255e+00
1.000021533088329972e+00
1.000021688002634690e+00
1.000021842916939407e+00
1.000021997831243459e+00
1.000022152745548176e+00
1.000022307659852894e+00
1.000022462574156945e+00
1.000022617488461663e+00
1.000022772402766380e+00
1.000022927317070653e+00
1.000023082231375371e+00
1.000023237145680088e+00
1.000023392059984140e+00
1.000023546974288857e+00
1.000023701888593575e+00
1.000023856802897626e+00
1.000024011717202344e+00
1.000024166631507061e+00
1.000024321545811778e+00
1.000024476460116052e+00
1.000024631374420769e+00
1.000024786288725487e+00
1.000024941203029538e+00
1.000025096117334256e+00
1.000025251031638973e+00
1.000025405945943024e+00
1.000025560860247742e+00
1.000025715774552459e+00
1.000025870688856733e+00
1.000026025603161450e+00
1.000026180517466168e+00
1.000026335431770885e+00
1.000026490346074937e+00
1.000026645260379654e+00
1.000026800174684372e+00
1.000026955088988423e+00
1.000027110003293140e+00
1.000027264917597858e+00
1.000027419831901909e+00
1.000027574746206627e+00
1.000027729660511344e+00
1.000027884574815618e+00
1.000028039489120335e+00
1.000028194403425053e+00
1.000028349317729770e+00
1.000028504232033821e+00
1.000028659146338539e+00
1.000028814060643256e+00
1.000028968974947308e+00
1.000029123889252025e+00
1.000029278803556743e+00
1.000029433717861016e+00
1.000029588632165733e+00
1.000029743546470451e+00
1.000029898460774502e+00
1.000030053375079220e+00
1.000030208289383937e+00
1.000030363203688655e+00
1.000030518117992706e+00
1.000030673032297424e+00
1.000030827946602141e+00
1.000030982860906414e+00
1.000031137775211132e+00
1.000031292689515849e+00
1.000031447603819901e+00
1.000031602518124618e+00
1.000031757432429336e+00
1.000031912346733387e+00
1.000032067261038105e+00
1.000032222175342822e+00
1.000032377089647539e+00
1.000032532003951591e+00
1.000032686918256308e+00
1.000032841832561026e+00
1.000032996746865299e+00
1.000033151661170017e+00
1.000033306575474734e+00
1.000033461489778785e+00
1.000033616404083503e+00
1.000033771318388220e+00
1.000033926232692272e+00
1.000034081146996989e+00
1.000034236061301707e+00
1.000034390975606424e+00
1.000034545889910698e+00
1.000034700804215415e+00
1.000034855718520133e+00
1.000035010632824184e+00
1.000035165547128901e+00
1.000035320461433619e+00
1.000035475375737670e+00
1.000035630290042388e+00
1.000035785204347105e+00
1.000035940118651379e+00
1.000036095032956096e+00
1.000036249947260814e+00
1.000036404861565531e+00
1.000036559775869582e+00
1.000036714690174300e+00
1.000036869604479017e+00
1.000037024518783069e+00
1.000037179433087786e+00
1.000037334347392504e+00
1.000037489261696555e+00
1.000037644176001272e+00
1.000037799090305990e+00
1.000037954004610263e+00
1.000038108918914981e+00
1.000038263833219698e+00
1.000038418747524416e+00
1.000038573661828467e+00
1.000038728576133185e+00
1.000038883490437902e+00
1.000039038404741953e+00
1.000039193319046671e+00
1.000039348233351388e+00
1.000039503147655662e+00
1.000039658061960379e+00
1.000039812976265097e+00
1.000039967890569148e+00
1.000040122804873866e+00
1.000040277719178583e+00
1.000040432633482634e+00
1.000040587547787352e+00
1.000040742462092069e+00
1.000040897376396787e+00
1.000041052290701060e+00
1.000041207205005556e+00
1.000041362119310273e+00
1.000041517033614547e+00
1.000041671947919264e+00
1.000041826862223981e+00
1.000041981776528033e+00
1.000042136690832750e+00
1.000042291605137468e+00
1.000042446519441519e+00
1.000042601433746237e+00
1.000042756348050954e+00
1.000042911262355672e+00
1.000043066176659945e+00
1.000043221090964662e+00
1.000043376005269380e+00
1.000043530919573431e+00
1.000043685833878149e+00
1.000043840748182866e+00
1.000043995662486918e+00
1.000044150576791635e+00
1.000044305491096353e+00
1.000044460405400626e+00
1.000044615319705343e+00
1.000044770234010061e+00
1.000044925148314778e+00
1.000045080062618830e+00
1.000045234976923547e+00
1.000045389891228265e+00
1.000045544805532316e+00
1.000045699719837033e+00
1.000045854634141751e+00
1.000046009548445802e+00
1.000046164462750520e+00
1.000046319377055237e+00
1.000046474291359511e+00
1.000046629205664228e+00
1.000046784119968946e+00
1.000046939034273663e+00
1.000047093948577714e+00
1.000047248862882432e+00
1.000047403777187149e+00
1.000047558691491201e+00
1.000047713605795918e+00
1.000047868520100636e+00
1.000048023434404909e+00
1.000048178348709627e+00
1.000048333263014344e+00
1.000048488177318395e+00
1.000048643091623113e+00
1.000048798005927830e+00
1.000048952920232548e+00
1.000049107834536599e+00
1.000049262748841317e+00
1.000049417663146034e+00
1.000049572577450308e+00
1.000049727491755025e+00
1.000049882406059742e+00
1.000050037320363794e+00
1.000050192234668511e+00
1.000050347148973229e+00
1.000050502063277280e+00
1.000050656977581998e+00
1.000050811891886715e+00
1.000050966806191433e+00
1.000051121720495484e+00
1.000051276634800201e+00
1.000051431549104919e+00
1.000051586463409192e+00
1.000051741377713910e+00
1.000051896292018627e+00
1.000052051206322679e+00
1.000052206120627396e+00
1.000052361034932114e+00
1.000052515949236165e+00
1.000052670863540882e+00
1.000052825777845600e+00
1.000052980692150317e+00
1.000053135606454591e+00
1.000053290520759308e+00
1.000053445435064026e+00
1.000053600349368077e+00
1.000053755263672794e+00
1.000053910177977512e+00
1.000054065092281563e+00
1.000054220006586281e+00
1.000054374920890998e+00
1.000054529835195272e+00
1.000054684749499989e+00
1.000054839663804707e+00
1.000054994578108758e+00
1.000055149492413475e+00
1.000055304406718193e+00
1.000055459321022910e+00
1.000055614235326962e+00
1.000055769149631679e+00
1.000055924063936397e+00
1.000056078978240448e+00
1.000056233892545166e+00
1.000056388806849883e+00
1.000056543721154156e+00
1.000056698635458874e+00
1.000056853549763591e+00
1.000057008464067643e+00
1.000057163378372360e+00
1.000057318292677078e+00
1.000057473206981795e+00
1.000057628121285846e+00
1.000057783035590564e+00
1.000057937949895281e+00
1.000058092864199555e+00
1.000058247778504272e+00
1.000058402692808990e+00
1.000058557607113041e+00
1.000058712521417759e+00
1.000058867435722476e+00
1.000059022350026527e+00
1.000059177264331245e+00
1.000059332178635962e+00
1.000059487092940680e+00
1.000059642007244953e+00
1.000059796921549671e+00
1.000059951835854388e+00
1.000060106750158440e+00
1.000060261664463157e+00
1.000060416578767875e+00
1.000060571493071926e+00
1.000060726407376643e+00
1.000060881321681361e+00
1.000061036235985412e+00
1.000061191150290130e+00
1.000061346064594847e+00
1.000061500978899565e+00
1.000061655893203838e+00
1.000061810807508555e+00
1.000061965721813273e+00
1.000062120636117324e+00
1.000062275550422042e+00
1.000062430464726759e+00
1.000062585379030811e+00
1.000062740293335528e+00
1.000062895207640246e+00
1.000063050121944519e+00
1.000063205036249236e+00
1.000063359950553954e+00
1.000063514864858671e+00
1.000063669779162723e+00
1.000063824693467440e+00
1.000063979607772158e+00
1.000064134522076209e+00
1.000064289436380927e+00
1.000064444350685644e+00
1.000064599264989917e+00
1.000064754179294635e+00
1.000064909093599352e+00
1.000065064007903404e+00
1.000065218922208121e+00
1.000065373836512839e+00
1.000065528750817556e+00
1.000065683665121608e+00
1.000065838579426325e+00
1.000065993493731042e+00
1.000066148408035094e+00
1.000066303322339811e+00
1.000066458236644529e+00
1.000066613150948802e+00
1.000066768065253520e+00
1.000066922979558237e+00
1.000067077893862288e+00
1.000067232808167006e+00
1.000067387722471723e+00
1.000067542636776441e+00
1.000067697551080492e+00
1.000067852465385210e+00
1.000068007379689927e+00
1.000068162293994201e+00
1.000068317208298918e+00
1.000068472122603636e+00
1.000068627036907687e+00
1.000068781951212404e+00
1.000068936865517122e+00
1.000069091779821173e+00
1.000069246694125891e+00
1.000069401608430608e+00
1.000069556522735326e+00
1.000069711437039599e+00
1.000069866351344317e+00
1.000070021265649034e+00
1.000070176179953085e+00
1.000070331094257803e+00
1.000070486008562520e+00
1.000070640922866572e+00
1.000070795837171289e+00
1.000070950751476007e+00
1.000071105665780058e+00
1.000071260580084775e+00
1.000071415494389493e+00
1.000071570408693766e+00
1.000071725322998484e+00
1.000071880237303201e+00
1.000072035151607919e+00
1.000072190065911970e+00
1.000072344980216688e+00
1.000072499894521405e+00
1.000072654808825456e+00
1.000072809723130174e+00
1.000072964637434891e+00
1.000073119551739165e+00
1.000073274466043882e+00
1.000073429380348600e+00
1.000073584294652651e+00
1.000073739208957369e+00
1.000073894123262086e+00
1.000074049037566803e+00
1.000074203951870855e+00
1.000074358866175572e+00
1.000074513780480290e+00
1.000074668694784563e+00
1.000074823609089281e+00
1.000074978523393998e+00
1.000075133437698049e+00
1.000075288352002767e+00
1.000075443266307484e+00
1.000075598180611536e+00
1.000075753094916253e+00
1.000075908009220971e+00
1.000076062923525688e+00
1.000076217837829740e+00
1.000076372752134457e+00
1.000076527666439175e+00
1.000076682580743448e+00
1.000076837495048165e+00
1.000076992409352883e+00
1.000077147323656934e+00
1.000077302237961652e+00
1.000077457152266369e+00
1.000077612066570421e+00
1.000077766980875138e+00
1.000077921895179855e+00
1.000078076809484573e+00
1.000078231723788846e+00
1.000078386638093564e+00
1.000078541552398281e+00
1.000078696466702333e+00
1.000078851381007050e+00
1.000079006295311768e+00
1.000079161209615819e+00
1.000079316123920536e+00
1.000079471038225254e+00
1.000079625952529527e+00
1.000079780866834245e+00
1.000079935781138740e+00
1.000080090695443458e+00
1.000080245609747731e+00
1.000080400524052449e+00
1.000080555438357166e+00
1.000080710352661217e+00
1.000080865266965935e+00
1.000081020181270652e+00
1.000081175095574704e+00
1.000081330009879421e+00
1.000081484924184139e+00
1.000081639838488412e+00
1.000081794752793130e+00
1.000081949667097847e+00
1.000082104581402564e+00
1.000082259495706616e+00
1.000082414410011333e+00
1.000082569324316051e+00
1.000082724238620102e+00
1.000082879152924820e+00
1.000083034067229537e+00
1.000083188981533810e+00
1.000083343895838528e+00
1.000083498810143245e+00
1.000083653724447297e+00
1.000083808638752014e+00
1.000083963553056732e+00
1.000084118467361449e+00
1.000084273381665501e+00
1.000084428295970218e+00
1.000084583210274936e+00
1.000084738124578987e+00
1.000084893038883704e+00
1.000085047953188422e+00
1.000085202867492695e+00
1.000085357781797413e+00
1.000085512696102130e+00
1.000085667610406182e+00
1.000085822524710899e+00
1.000085977439015616e+00
1.000086132353319668e+00
1.000086287267624385e+00
1.000086442181929103e+00
1.000086597096233820e+00
1.000086752010538094e+00
1.000086906924842811e+00
1.000087061839147529e+00
1.000087216753451580e+00
1.000087371667756297e+00
1.000087526582061015e+00
1.000087681496365066e+00
1.000087836410669784e+00
1.000087991324974501e+00
1.000088146239278775e+00
1.000088301153583492e+00
1.000088456067888210e+00
1.000088610982192927e+00
1.000088765896496978e+00
1.000088920810801696e+00
1.000089075725106413e+00
1.000089230639410465e+00
1.000089385553715182e+00
1.000089540468019900e+00
1.000089695382323951e+00
1.000089850296628669e+00
1.000090005210933386e+00
1.000090160125237659e+00
1.000090315039542377e+00
1.000090469953847094e+00
1.000090624868151812e+00
1.000090779782455863e+00
1.000090934696760581e+00
1.000091089611065298e+00
1.000091244525369349e+00
1.000091399439674067e+00
1.000091554353978784e+00
1.000091709268283058e+00
1.000091864182587775e+00
1.000092019096892493e+00
1.000092174011196544e+00
1.000092328925501262e+00
1.000092483839805979e+00
1.000092638754110697e+00
1.000092793668414748e+00
1.000092948582719465e+00
1.000093103497024183e+00
1.000093258411328456e+00
1.000093413325633174e+00
1.000093568239937891e+00
1.000093723154241943e+00
1.000093878068546660e+00
1.000094032982851378e+00
1.000094187897155429e+00
1.000094342811460146e+00
1.000094497725764864e+00
1.000094652640069581e+00
1.000094807554373633e+00
1.000094962468678350e+00
1.000095117382983068e+00
1.000095272297287341e+00
1.000095427211592058e+00
1.000095582125896776e+00
1.000095737040200827e+00
1.000095891954505545e+00
1.000096046868810262e+00
1.000096201783114314e+00
1.000096356697419031e+00
1.000096511611723749e+00
1.000096666526028466e+00
1.000096821440332739e+00
1.000096976354637457e+00
1.000097131268942174e+00
1.000097286183246226e+00
1.000097441097550943e+00
1.000097596011855661e+00
1.000097750926159712e+00
1.000097905840464430e+00
1.000098060754769147e+00
1.000098215669073420e+00
1.000098370583378138e+00
1.000098525497682855e+00
1.000098680411987573e+00
1.000098835326291624e+00
1.000098990240596342e+00
1.000099145154901059e+00
1.000099300069205110e+00
1.000099454983509828e+00
1.000099609897814545e+00
1.000099764812118597e+00
1.000099919726423314e+00
1.000100074640728032e+00
1.000100229555032305e+00
1.000100384469337023e+00
1.000100539383641740e+00
1.000100694297945791e+00
1.000100849212250509e+00
1.000101004126555226e+00
1.000101159040859944e+00
1.000101313955163995e+00
1.000101468869468713e+00
1.000101623783773430e+00
1.000101778698077704e+00
1.000101933612382421e+00
1.000102088526687139e+00
1.000102243440991190e+00
1.000102398355295907e+00
1.000102553269600625e+00
1.000102708183904676e+00
1.000102863098209394e+00
1.000103018012514111e+00
1.000103172926818829e+00
1.000103327841123102e+00
1.000103482755427819e+00
1.000103637669732537e+00
1.000103792584036588e+00
1.000103947498341306e+00
1.000104102412646023e+00
1.000104257326950075e+00
1.000104412241254792e+00
1.000104567155559510e+00
1.000104722069863561e+00
1.000104876984168278e+00
1.000105031898472996e+00
1.000105186812777713e+00
1.000105341727081987e+00
1.000105496641386704e+00
1.000105651555691422e+00
1.000105806469995473e+00
1.000105961384300191e+00
1.000106116298604908e+00
1.000106271212908959e+00
1.000106426127213677e+00
1.000106581041518394e+00
1.000106735955822668e+00
1.000106890870127385e+00
1.000107045784432103e+00
1.000107200698736820e+00
1.000107355613040871e+00
1.000107510527345589e+00
1.000107665441650306e+00
1.000107820355954358e+00
1.000107975270259075e+00
1.000108130184563793e+00
1.000108285098868066e+00
1.000108440013172784e+00
1.000108594927477501e+00
1.000108749841781552e+00
1.000108904756086270e+00
1.000109059670390987e+00
1.000109214584695705e+00
1.000109369498999756e+00
1.000109524413304474e+00
1.000109679327609191e+00
1.000109834241913243e+00
1.000109989156217960e+00
1.000110144070522677e+00
1.000110298984826951e+00
1.000110453899131668e+00
1.000110608813436386e+00
1.000110763727740437e+00
1.000110918642045155e+00
1.000111073556349872e+00
1.000111228470654590e+00
1.000111383384958641e+00
1.000111538299263358e+00
1.000111693213568076e+00
1.000111848127872349e+00
1.000112003042177067e+00
1.000112157956481784e+00
1.000112312870785836e+00
1.000112467785090553e+00
1.000112622699395271e+00
1.000112777613699322e+00
1.000112932528004039e+00
1.000113087442308757e+00
1.000113242356613474e+00
1.000113397270917748e+00
1.000113552185222465e+00
1.000113707099527183e+00
1.000113862013831234e+00
1.000114016928135952e+00
1.000114171842440669e+00
1.000114326756744720e+00
1.000114481671049438e+00
1.000114636585354155e+00
1.000114791499658207e+00
1.000114946413962924e+00
1.000115101328267642e+00
1.000115256242572359e+00
1.000115411156876633e+00
1.000115566071181350e+00
1.000115720985486067e+00
1.000115875899790119e+00
1.000116030814094836e+00
1.000116185728399554e+00
1.000116340642703605e+00
1.000116495557008323e+00
1.000116650471313040e+00
1.000116805385617313e+00
1.000116960299922031e+00
1.000117115214226748e+00
1.000117270128530800e+00
1.000117425042835517e+00
1.000117579957140235e+00
1.000117734871444952e+00
1.000117889785749004e+00
1.000118044700053721e+00
1.000118199614358439e+00
1.000118354528662712e+00
1.000118509442967429e+00
1.000118664357272147e+00
1.000118819271576198e+00
1.000118974185880916e+00
1.000119129100185633e+00
1.000119284014489685e+00
1.000119438928794402e+00
1.000119593843099119e+00
1.000119748757403837e+00
1.000119903671707888e+00
1.000120058586012606e+00
1.000120213500317323e+00
1.000120368414621597e+00
1.000120523328926314e+00
1.000120678243231032e+00
1.000120833157535083e+00
1.000120988071839800e+00
1.000121142986144518e+00
1.000121297900448569e+00
1.000121452814753287e+00
1.000121607729058004e+00
1.000121762643362722e+00
1.000121917557666995e+00
1.000122072471971713e+00
1.000122227386276430e+00
1.000122382300580481e+00
1.000122537214885199e+00
1.000122692129189916e+00
1.000122847043493968e+00
1.000123001957798685e+00
1.000123156872103403e+00
1.000123311786407676e+00
1.000123466700712171e+00
1.000123621615016889e+00
1.000123776529321606e+00
1.000123931443625880e+00
1.000124086357930597e+00
1.000124241272235315e+00
1.000124396186539366e+00
1.000124551100844084e+00
1.000124706015148801e+00
1.000124860929452852e+00
1.000125015843757570e+00
1.000125170758062287e+00
1.000125325672366561e+00
1.000125480586671278e+00
1.000125635500975996e+00
1.000125790415280713e+00
1.000125945329584765e+00
1.000126100243889482e+00
1.000126255158194200e+00
1.000126410072498251e+00
1.000126564986802968e+00
1.000126719901107686e+00
1.000126874815411959e+00
1.000127029729716677e+00
1.000127184644021394e+00
1.000127339558325446e+00
1.000127494472630163e+00
1.000127649386934880e+00
1.000127804301239598e+00
1.000127959215543649e+00
1.000128114129848367e+00
1.000128269044153084e+00
1.000128423958457136e+00
1.000128578872761853e+00
1.000128733787066571e+00
1.000128888701370844e+00
1.000129043615675561e+00
1.000129198529980279e+00
1.000129353444284330e+00
1.000129508358589048e+00
1.000129663272893765e+00
1.000129818187198483e+00
1.000129973101502534e+00
1.000130128015807252e+00
1.000130282930111969e+00
1.000130437844416242e+00
1.000130592758720960e+00
1.000130747673025677e+00
1.000130902587329729e+00
1.000131057501634446e+00
1.000131212415939164e+00
1.000131367330243215e+00
1.000131522244547932e+00
1.000131677158852650e+00
1.000131832073156923e+00
1.000131986987461641e+00
1.000132141901766358e+00
1.000132296816071076e+00
1.000132451730375127e+00
1.000132606644679845e+00
1.000132761558984562e+00
1.000132916473288613e+00
1.000133071387593331e+00
1.000133226301898048e+00
1.000133381216202100e+00
1.000133536130506817e+00
1.000133691044811535e+00
1.000133845959115808e+00
1.000134000873420526e+00
1.000134704473769176e+00
1.000137872763713354e+00
1.000141041053657309e+00
1.000144209343601487e+00
1.000147377633545442e+00
1.000150545923490064e+00
1.000153714213434242e+00
1.000156882503378197e+00
1.000160050793322375e+00
1.000163219083266331e+00
1.000166387373210952e+00
1.000169555663155130e+00
1.000172723953099085e+00
1.000175892243043263e+00
1.000179060532987219e+00
1.000182228822932062e+00
1.000185397112876018e+00
1.000188565402819973e+00
1.000191733692764151e+00
1.000194901982708107e+00
1.000198070272652950e+00
1.000201238562596906e+00
1.000204406852541084e+00
1.000207575142485039e+00
1.000210743432428995e+00
1.000213911722373172e+00
1.000217080012317794e+00
1.000220248302261972e+00
1.000223416592205927e+00
1.000226584882150105e+00
1.000229753172094060e+00
1.000232921462038682e+00
1.000236089751982860e+00
1.000239258041926815e+00
1.000242426331870993e+00
1.000245594621814949e+00
1.000248762911759570e+00
1.000251931201703748e+00
1.000255099491647703e+00
1.000258267781591881e+00
1.000261436071535837e+00
1.000264604361480458e+00
1.000267772651424636e+00
1.000272903685090364e+00
1.000278316237098730e+00
1.000283728789106430e+00
1.000289141341114796e+00
1.000294553893123162e+00
1.000299966445131528e+00
1.000305378997139893e+00
1.000310791549148259e+00
1.000316204101156625e+00
1.000321616653164769e+00
1.000327029205173135e+00
1.000332441757181057e+00
1.000337854309189201e+00
1.000343266861197566e+00
1.000348679413205932e+00
1.000354091965214298e+00
1.000359504517222664e+00
1.000364917069231030e+00
1.000370329621239396e+00
1.000375742173247762e+00
1.000381154725256128e+00
1.000386567277263827e+00
1.000391979829272193e+00
1.000397392381280337e+00
1.000403056085737763e+00
1.000410681397565948e+00
1.000418306709394356e+00
1.000425932021222097e+00
1.000433557333050283e+00
1.000441182644878468e+00
1.000448807956706876e+00
1.000456433268535061e+00
1.000464058580363469e+00
1.000471683892191654e+00
1.000479309204019396e+00
1.000486934515847581e+00
1.000494559827675767e+00
1.000502185139504174e+00
1.000509810451332360e+00
1.000517435763160767e+00
1.000525061074988953e+00
1.000532686386817360e+00
1.000541507647189521e+00
1.000551334110421298e+00
1.000561160573653297e+00
1.000570987036885073e+00
1.000580813500116850e+00
1.000590639963348849e+00
1.000600466426580626e+00
1.000610292889812403e+00
1.000620119353044402e+00
1.000629945816276178e+00
1.000639772279507511e+00
1.000649598742739288e+00
1.000659425205971065e+00
1.000669251669203064e+00
1.000681082636614150e+00
1.000693103974731990e+00
1.000705125312849164e+00
1.000717146650967004e+00
1.000729167989084178e+00
1.000741189327201353e+00
1.000753210665319193e+00
1.000765232003436589e+00
1.000777253341554429e+00
1.000789274679671603e+00
1.000801296017789443e+00
1.000815015874715108e+00
1.000829227842557900e+00
1.000843439810400692e+00
1.000857651778243040e+00
1.000871863746085833e+00
1.000886075713928625e+00
1.000900287681771417e+00
1.000914499649614209e+00
1.000928711617457223e+00
1.000943705000997497e+00
1.000960104273746820e+00
1.000976503546496810e+00
1.000992902819246133e+00
1.001009302091995901e+00
1.001025701364745890e+00
1.001042100637495214e+00
1.001058499910245203e+00
1.001075331537042201e+00
1.001093915276529023e+00
1.001112499016015178e+00
1.001131082755501334e+00
1.001149666494987711e+00
1.001168250234474311e+00
1.001186833973960688e+00
1.001205417713446844e+00
1.001339139187645833e+00
1.001472817891759348e+00
1.001606453783474571e+00
1.001740046855458699e+00
1.001873597099926849e+00
1.002007104502633750e+00
1.002140569049335461e+00
1.002273990749349419e+00
1.002407369587947406e+00
1.002540705548116362e+00
1.002673998618604845e+00
1.002807248788158967e+00
1.002940456062174412e+00
1.003073620430429580e+00
1.003206741879071107e+00
1.003339820399079318e+00
1.003472855981432765e+00
1.003605848621310637e+00
1.003738798310332303e+00
1.003871705038643425e+00
1.004004568797819408e+00
1.004137389579436546e+00
1.004270167363929600e+00
1.004402902143520127e+00
1.004535593914220426e+00
1.004668242667036138e+00
1.004800848392974455e+00
1.004933411083040129e+00
1.005065930728240575e+00
1.005198407319581655e+00
1.005330840848069673e+00
1.005463231299268845e+00
1.005595578664686185e+00
1.005727882937367257e+00
1.005860144108046583e+00
1.005992362167458021e+00
1.006124537106335870e+00
1.006256668915413988e+00
1.006388757585425786e+00
1.006520803107105344e+00
1.006652805473001955e+00
1.006784764673622545e+00
1.006916680699061928e+00
1.007048553540142333e+00
1.007180383187687100e+00
1.007312169632519128e+00
1.007443912865461089e+00
1.007575612877336324e+00
1.007707269658967730e+00
1.007838883204435820e+00
1.007970453504054342e+00
1.008101980547568166e+00
1.008233464325957396e+00
1.008364904830201692e+00
1.008496302051279381e+00
1.008627655980170124e+00
1.008758966607853802e+00
1.008890233925309410e+00
1.009021457928974908e+00
1.009152638608008523e+00
1.009283775951419493e+00
1.009414869950289839e+00
1.009545920595702029e+00
1.009676927878738306e+00
1.009807891790481582e+00
1.009938812322012547e+00
1.010069689464414111e+00
1.010200523208768519e+00
1.010331313546157794e+00
1.010462060467664180e+00
1.010592763964370588e+00
1.010723424027357931e+00
1.010854040648831109e+00
1.010984613824333023e+00
1.011115143540671335e+00
1.011245629789011558e+00
1.011376072560518091e+00
1.011506471846357336e+00
1.011636827637694358e+00
1.011767139925694892e+00
1.011897408701524004e+00
1.012027633956348316e+00
1.012157815681331563e+00
1.012287953867640367e+00
1.012418048506439794e+00
1.012548099588895578e+00
1.012678107106173453e+00
1.012808071055505410e+00
1.012937991426482220e+00
1.013067868207719657e+00
1.013197701390503802e+00
1.013327490966119848e+00
1.013457236925853877e+00
1.013586939260990194e+00
1.013716597962815102e+00
1.013846213022613574e+00
1.013975784431671689e+00
1.014105312181275087e+00
1.014234796262708294e+00
1.014364236667257391e+00
1.014493633386208016e+00
1.014622986432318852e+00
1.014752295761895073e+00
1.014881561383248254e+00
1.015010783287680907e+00
1.015139961466508645e+00
1.015269095911057740e+00
1.015398186612665121e+00
1.015527233562679710e+00
1.015656236752459973e+00
1.015785196173376814e+00
1.015914111816811793e+00
1.016042983674158018e+00
1.016171811736819031e+00
1.016300595996210365e+00
1.016429336443756881e+00
1.016558033077499923e+00
1.016686685887710606e+00
1.016815294862688512e+00
1.016943859994096533e+00
1.017072381273614212e+00
1.017200858692940191e+00
1.017329292243790428e+00
1.017457681917898427e+00
1.017586027707015894e+00
1.017714329602910972e+00
1.017842587597370452e+00
1.017970801682199111e+00
1.018098971849218604e+00
1.018227098090268790e+00
1.018355180397207738e+00
1.018483218761909281e+00
1.018611213176266572e+00
1.018739163632190525e+00
1.018867070122289720e+00
1.018994932638462192e+00
1.019122751172286456e+00
1.019250525715765132e+00
1.019378256260919269e+00
1.019505942799787901e+00
1.019633585324429159e+00
1.019761183826918938e+00
1.019888738299350894e+00
1.020016248733838227e+00
1.020143715122512340e+00
1.020271137457523070e+00
1.020398515731039124e+00
1.020525849935245422e+00
1.020653140062347974e+00
1.020780386104569892e+00
1.020907588054153159e+00
1.021034745903357521e+00
1.021161859639941660e+00
1.021288929255977918e+00
1.021415954746768717e+00
1.021542936104497645e+00
1.021669873321362276e+00
1.021796766389573952e+00
1.021923615301355337e+00
1.022050420048944197e+00
1.022177180624590953e+00
1.022303897020559571e+00
1.022430569229126673e+00
1.022557197242583538e+00
1.022683781053232543e+00
1.022810320653390947e+00
1.022936816035388885e+00
1.023063267191569592e+00
1.023189674114290737e+00
1.023316036795920647e+00
1.023442355225760991e+00
1.023568629395630314e+00
1.023694859300314564e+00
1.023821044932126778e+00
1.023947186283390876e+00
1.024073283346438101e+00
1.024199336113610803e+00
1.024325344577260655e+00
1.024451308729748655e+00
1.024577228563445797e+00
1.024703104070730841e+00
1.024828935243994099e+00
1.024954722075634539e+00
1.025080464558060234e+00
1.025206162683689692e+00
1.025331816444950972e+00
1.025457425834279901e+00
1.025582990844123410e+00
1.025708511468997441e+00
1.025833987702080563e+00
1.025959419533999606e+00
1.026084806957316742e+00
1.026210149964608354e+00
1.026335448548462814e+00
1.026460702701479599e+00
1.026585912416271951e+00
1.026711077685464435e+00
1.026836198501693165e+00
1.026961274857607798e+00
1.027086306745869537e+00
1.027211294159152244e+00
1.027336237090141990e+00
1.027461135531535730e+00
1.027585989476044404e+00
1.027710798916390500e+00
1.027835563845308275e+00
1.027960284262255497e+00
1.028084960163139883e+00
1.028209591533485234e+00
1.028334178366259399e+00
1.028458720654447545e+00
1.028583218391051712e+00
1.028707671569092374e+00
1.028832080181605768e+00
1.028956444221646782e+00
1.029080763682287847e+00
1.029205038556618490e+00
1.029329268837745337e+00
1.029453454518794109e+00
1.029577595592904959e+00
1.029701692053238027e+00
1.029825743892970102e+00
1.029949751105295297e+00
1.030073713683426151e+00
1.030197631620590526e+00
1.030321504910035157e+00
1.030445333545024544e+00
1.030569117518840061e+00
1.030692856824274806e+00
1.030816551453621832e+00
1.030940201401418177e+00
1.031063806660992288e+00
1.031187367225689044e+00
1.031310883088869979e+00
1.031434354243914386e+00
1.031557780684216219e+00
1.031681162403188301e+00
1.031804499394259445e+00
1.031927791650875115e+00
1.032051039166498763e+00
1.032174241934607828e+00
1.032297399948699512e+00
1.032420513202286338e+00
1.032543581688897927e+00
1.032666605402080773e+00
1.032789584335398247e+00
1.032912518482429487e+00
1.033035407836771613e+00
1.033158252392038179e+00
1.033281052141859613e+00
1.033403807080019998e+00
1.033526517201452055e+00
1.033649182498680874e+00
1.033771802965422149e+00
1.033894378595408670e+00
1.034016909382390104e+00
1.034139395320134325e+00
1.034261836402424972e+00
1.034384232623064337e+00
1.034506583975871363e+00
1.034628890454682759e+00
1.034751152053352774e+00
1.034873368765751422e+00
1.034995540585767371e+00
1.035117667507306383e+00
1.035239749524291319e+00
1.035361786630663028e+00
1.035483778820378786e+00
1.035605726087412748e+00
1.035727628425757718e+00
1.035849485829422711e+00
1.035971298292434950e+00
1.036093065808838753e+00
1.036214788378443608e+00
1.036336465991078537e+00
1.036458098640441028e+00
1.036579686320720839e+00
1.036701229026126159e+00
1.036822726750885826e+00
1.036944179489246443e+00
1.037065587235475483e+00
1.037186949983859297e+00
1.037308267728703548e+00
1.037429540464334554e+00
1.037550768185095507e+00
1.037671950885351579e+00
1.037793088559485710e+00
1.037914181201901709e+00
1.038035228807021149e+00
1.038156231369286919e+00
1.038277188883159230e+00
1.038398101343119162e+00
1.038518968743667337e+00
1.038639791079322805e+00
1.038760568344625268e+00
1.038881300535152263e+00
1.039001987651950287e+00
1.039122629683161270e+00
1.039243226623504990e+00
1.039363778467720767e+00
1.039484285210568570e+00
1.039604746846826355e+00
1.039725163371293615e+00
1.039845534778790270e+00
1.039965861064155117e+00
1.040086142222249377e+00
1.040206378247951813e+00
1.040326569136164281e+00
1.040446714881807955e+00
1.040566815479825324e+00
1.040686870925180196e+00
1.040806881212855473e+00
1.040926846337857148e+00
1.041046766295211423e+00
1.041166641079966038e+00
1.041286470687190047e+00
1.041406255111974932e+00
1.041525994354943752e+00
1.041645688411083404e+00
1.041765337271604697e+00
1.041884940931779191e+00
1.042004499386904426e+00
1.042124012632301699e+00
1.042243480663320288e+00
1.042362903475333225e+00
1.042482281063741301e+00
1.042601613423970397e+00
1.042720900551473484e+00
1.042840142441728846e+00
1.042959339090242077e+00
1.043078490492545862e+00
1.043197596644199754e+00
1.043316657540790393e+00
1.043435673177930623e+00
1.043554643551261929e+00
1.043673568656453332e+00
1.043792448489200941e+00
1.043911283045229510e+00
1.044030072320291547e+00
1.044148816310166650e+00
1.044267515010664615e+00
1.044386168417622551e+00
1.044504776526906653e+00
1.044623339334412648e+00
1.044741856836063132e+00
1.044860329027811785e+00
1.044978755905641155e+00
1.045097137465563097e+00
1.045215473706669451e+00
1.045333764623545214e+00
1.045452010211322946e+00
1.045570210466173267e+00
1.045688365384298546e+00
1.045806474961932686e+00
1.045924539195342007e+00
1.046042558080823692e+00
1.046160531614708900e+00
1.046278459793360316e+00
1.046396342613173935e+00
1.046514180070578393e+00
1.046631972162035629e+00
1.046749718884039781e+00
1.046867420233119628e+00
1.046985076205837473e+00
1.047102686798788485e+00
1.047220252008603358e+00
1.047337771831944764e+00
1.047455246265511342e+00
1.047572675306035928e+00
1.047690058950285996e+00
1.047807397195063661e+00
1.047924690037206341e+00
1.048041937473586094e+00
1.048159139501110726e+00
1.048276296116724238e+00
1.048393407317405490e+00
1.048510473100170204e+00
1.048627493462068516e+00
1.048744468400188534e+00
1.048861397909590876e+00
1.048978281989022543e+00
1.049095120635833434e+00
1.049211913847237110e+00
1.049328661620481995e+00
1.049445363952855148e+00
1.049562020841679599e+00
1.049678632284314794e+00
1.049795198278158592e+00
1.049911718820643713e+00
1.050028193909242846e+00
1.050144623541465094e+00
1.050261007714857309e+00
1.050377346427004310e+00
1.050493639675530000e+00
1.050609887458094249e+00
1.050726089772397565e+00
1.050842246616177977e+00
1.050958357987212599e+00
1.051074423883318065e+00
1.051190444302348315e+00
1.051306419242197920e+00
1.051422348700801201e+00
1.051538232676130891e+00
1.051654071166201021e+00
1.051769864169063373e+00
1.051885611682811694e+00
1.052001313705579477e+00
1.052116970235540183e+00
1.052232581270908574e+00
1.052348146809612306e+00
1.052463666846940482e+00
1.052579141384072159e+00
1.052694570419353104e+00
1.052809953951168831e+00
1.052925291977946154e+00
1.053040584498150523e+00
1.053155831510289575e+00
1.053271033012911140e+00
1.053386189004604789e+00
1.053501299484000508e+00
1.053616364449770249e+00
1.053731383900625485e+00
1.053846357835321879e+00
1.053961286252655061e+00
1.054076169151463294e+00
1.054191006530626806e+00
1.054305798389067128e+00
1.054420544725749087e+00
1.054535245539679256e+00
1.054649900829907949e+00
1.054764510595527005e+00
1.054879074835672226e+00
1.054993593549520936e+00
1.055108066736294647e+00
1.055222494395258837e+00
1.055336876525721390e+00
1.055451213127034604e+00
1.055565504198593629e+00
1.055679749739838247e+00
1.055793949750252425e+00
1.055908104230291800e+00
1.056022213181343927e+00
1.056136276600770918e+00
1.056250294488266350e+00
1.056364266843570432e+00
1.056478193666469778e+00
1.056592074956796523e+00
1.056705910714430763e+00
1.056819700939296780e+00
1.056933445631368373e+00
1.057047144790664639e+00
1.057160798417252412e+00
1.057274406511246045e+00
1.057387969072807632e+00
1.057501486102145005e+00
1.057614957599516181e+00
1.057728383565226249e+00
1.057841763999628482e+00
1.057955098903124780e+00
1.058068388276164340e+00
1.058181632119246318e+00
1.058294830432918721e+00
1.058407983217777737e+00
1.058521090474469073e+00
1.058634152203688616e+00
1.058747168406179773e+00
1.058860139082737239e+00
1.058973064234205230e+00
1.059085943861477475e+00
1.059198777965499216e+00
1.059311566547263661e+00
1.059424309612125858e+00
1.059537007163015021e+00
1.059649659196308269e+00
1.059762265713294571e+00
1.059874826715317297e+00
1.059987342203773331e+00
1.060099812180116174e+00
1.060212236645853512e+00
1.060324615602548093e+00
1.060436949051819067e+00
1.060549236995339983e+00
1.060661479434841681e+00
1.060773676372110508e+00
1.060885827808989212e+00
1.060997933747378053e+00
1.061109994189232131e+00
1.061222009136565392e+00
1.061333978591448401e+00
1.061445902556009235e+00
1.061557781032433923e+00
1.061669614022966446e+00
1.061781401529907631e+00
1.061893143555618702e+00
1.062004840102517500e+00
1.062116491173082267e+00
1.062228096769850083e+00
1.062339656895415319e+00
1.062451171552434070e+00
1.062562640743621056e+00
1.062674064471751167e+00
1.062785442739659025e+00
1.062896775555968398e+00
1.063008062922252916e+00
1.063119304838492152e+00
1.063230501307850240e+00
1.063341652333555043e+00
1.063452757918899705e+00
1.063563818067240874e+00
1.063674832782001811e+00
1.063785802066670394e+00
1.063896725924799780e+00
1.064007604360009740e+00
1.064118437375985993e+00
1.064229224976479760e+00
1.064339967165309986e+00
1.064450663946362230e+00
1.064561315323589108e+00
1.064671921301011626e+00
1.064782481882716514e+00
1.064892997072860004e+00
1.065003466875666494e+00
1.065113891295428550e+00
1.065224270336507795e+00
1.065334604003335350e+00
1.065444892300409840e+00
1.065555135232301387e+00
1.065665332803649390e+00
1.065775485019162971e+00
1.065885591883622752e+00
1.065995653401878185e+00
1.066105669578851112e+00
1.066215640419534205e+00
1.066325565934999053e+00
1.066435446126691611e+00
1.066545280998572487e+00
1.066655070555991847e+00
1.066764814804374684e+00
1.066874513749222375e+00
1.066984167396110683e+00
1.067093775750692419e+00
1.067203338818695224e+00
1.067312856605924454e+00
1.067422329118262070e+00
1.067531756361666861e+00
1.067641138342175777e+00
1.067750475065902815e+00
1.067859766539039912e+00
1.067969012767857828e+00
1.068078213758705930e+00
1.068187369518013075e+00
1.068296480052286501e+00
1.068405545368113163e+00
1.068514565472160172e+00
1.068623540371175240e+00
1.068732470071985574e+00
1.068841354581500092e+00
1.068950193906709201e+00
1.069058988054683024e+00
1.069167737032574506e+00
1.069276440847618526e+00
1.069385099507133008e+00
1.069493713018517589e+00
1.069602281389254284e+00
1.069710804637868273e+00
1.069819282762665358e+00
1.069927715771364030e+00
1.070036103671886174e+00
1.070144446472242938e+00
1.070252744180531845e+00
1.070360996804941678e+00
1.070469204353748927e+00
1.070577366835320676e+00
1.070685484258113718e+00
1.070793556630674548e+00
1.070901583961640924e+00
1.071009566259741641e+00
1.071117503533797422e+00
1.071225395792720025e+00
1.071333243045513806e+00
1.071441045301275041e+00
1.071548802569193493e+00
1.071656514858552178e+00
1.071764182178727598e+00
1.071871804539190620e+00
1.071979381949504928e+00
1.072086914419330794e+00
1.072194401958422416e+00
1.072301844576629914e+00
1.072409242283899333e+00
1.072516595090271752e+00
1.072623903005886392e+00
1.072731166040977735e+00
1.072838384205878848e+00
1.072945557512928749e+00
1.073052685981360055e+00
1.073159769613201808e+00
1.073266808419342189e+00
1.073373802410774625e+00
1.073480751598599348e+00
1.073587655994023615e+00
1.073694515608361488e+00
1.073801330453035607e+00
1.073908100539577859e+00
1.074014825879628043e+00
1.074121506484936317e+00
1.074228142367362970e+00
1.074334733538877540e+00
1.074441280011561695e+00
1.074547781797608570e+00
1.074654238909322990e+00
1.074760651359123020e+00
1.074867019159538195e+00
1.074973342323212622e+00
1.075079620862904317e+00
1.075185854791486095e+00
1.075292044121944901e+00
1.075398188867384031e+00
1.075504289041021799e+00
1.075610344656193318e+00
1.075716355732048823e+00
1.075822322281209553e+00
1.075928244314241500e+00
1.076034121845079294e+00
1.076139954887782357e+00
1.076245743456535342e+00
1.076351487565648135e+00
1.076457187229557189e+00
1.076562842462826186e+00
1.076668453280144933e+00
1.076774019696332463e+00
1.076879541726336154e+00
1.076985019385232167e+00
1.077090452688227673e+00
1.077195841650658403e+00
1.077301186287992651e+00
1.077406486615829939e+00
1.077511742649901683e+00
1.077616954406072525e+00
1.077722121900340779e+00
1.077827245148837099e+00
1.077932324167828915e+00
1.078037358973717552e+00
1.078142349583040449e+00
1.078247296012472045e+00
1.078352198279206808e+00
1.078457056405491388e+00
1.078561870403714762e+00
1.078666640291182199e+00
1.078771366085341743e+00
1.078876047803783322e+00
1.078980685464243638e+00
1.079085279084602389e+00
1.079189828682885377e+00
1.079294334277264733e+00
1.079398795886059581e+00
1.079503213527734928e+00
1.079607587220905884e+00
1.079711916984335662e+00
1.079816202836936245e+00
1.079920444797771051e+00
1.080024642886052932e+00
1.080128797121146844e+00
1.080232907522570063e+00
1.080336974109992187e+00
1.080440996903236472e+00
1.080544975922280937e+00
1.080648911187256589e+00
1.080752802718450978e+00
1.080856650536308194e+00
1.080960454661427983e+00
1.081064215120268290e+00
1.081167931934686299e+00
1.081271605121051582e+00
1.081375234700751919e+00
1.081478820695341625e+00
1.081582363126542878e+00
1.081685862016245947e+00
1.081789317386509408e+00
1.081892729259562369e+00
1.081996097657804468e+00
1.082099422603806538e+00
1.082202704120312386e+00
1.082305942230237239e+00
1.082409136956670626e+00
1.082512288322877492e+00
1.082615396352297310e+00
1.082718461068545635e+00
1.082821482495415211e+00
1.082924460656875976e+00
1.083027395577076613e+00
1.083130287280345216e+00
1.083233135791189516e+00
1.083335941134298652e+00
1.083438703334542286e+00
1.083541422416973266e+00
1.083644098406827627e+00
1.083746731348669279e+00
1.083849321252711162e+00
1.083951868144470199e+00
1.084054372050194059e+00
1.084156832996330699e+00
1.084259251009526359e+00
1.084361626116628896e+00
1.084463958344687562e+00
1.084566247720953891e+00
1.084668494272883477e+00
1.084770698028136193e+00
1.084872859014578417e+00
1.084974977260282136e+00
1.085077052793528063e+00
1.085179085642804298e+00
1.085281075836809217e+00
1.085383023404451919e+00
1.085484928374853553e+00
1.085586790777347321e+00
1.085688610641480034e+00
1.085790387997013440e+00
1.085892122873924670e+00
1.085993815302408017e+00
1.086095465312874930e+00
1.086197072935956021e+00
1.086298638208652356e+00
1.086400161166416245e+00
1.086501641833180321e+00
1.086603080240764019e+00
1.086704476421226584e+00
1.086805830406867068e+00
1.086907142230227663e+00
1.087008411924093476e+00
1.087109639521494531e+00
1.087210825055707319e+00
1.087311968560255693e+00
1.087413070068911747e+00
1.087514129615698932e+00
1.087615147234891166e+00
1.087716122961016385e+00
1.087817056828856765e+00
1.087917948873448504e+00
1.088018799130086700e+00
1.088119607634323582e+00
1.088220374421972281e+00
1.088321099529105940e+00
1.088421782994930531e+00
1.088522424860393745e+00
1.088623025157078095e+00
1.088723583922301286e+00
1.088824101193658800e+00
1.088924577009025452e+00
1.089025011406555388e+00
1.089125404424686527e+00
1.089225756102139675e+00
1.089326066477921406e+00
1.089426335591325179e+00
1.089526563481933330e+00
1.089626750189616633e+00
1.089726895754539626e+00
1.089827000217158615e+00
1.089927063618225445e+00
1.090027085998788392e+00
1.090127067400192384e+00
1.090227007864083220e+00
1.090326907432407344e+00
1.090426766147414073e+00
1.090526584052764258e+00
1.090626361194674709e+00
1.090726097612924494e+00
1.090825793351094086e+00
1.090925448453078817e+00
1.091025062963092207e+00
1.091124636925667302e+00
1.091224170385656445e+00
1.091323663388236609e+00
1.091423115978908509e+00
1.091522528203498599e+00
1.091621900108161958e+00
1.091721231739381848e+00
1.091820523143973709e+00
1.091919774369085383e+00
1.092018985462199554e+00
1.092118156471134860e+00
1.092217287444048557e+00
1.092316378429435852e+00
1.092415429476135014e+00
1.092514440633326700e+00
1.092613411952802371e+00
1.092712343500188199e+00
1.092811235311646145e+00
1.092910087438130784e+00
1.093008899930968836e+00
1.093107672841860278e+00
1.093206406222881455e+00
1.093305100126486407e+00
1.093403754605508649e+00
1.093502369713165168e+00
1.093600945503056643e+00
1.093699482029171222e+00
1.093797979345885185e+00
1.093896437507964947e+00
1.093994856570571717e+00
1.094093236589260165e+00
1.094191577619983757e+00
1.094289879719094527e+00
1.094388142943346853e+00
1.094486367349897460e+00
1.094584552996310522e+00
1.094682699940972892e+00
1.094780808259774307e+00
1.094878877997932598e+00
1.094976909215163774e+00
1.095074901971633707e+00
1.095172856327959687e+00
1.095270772345212862e+00
1.095368650084922457e+00
1.095466489609077998e+00
1.095564290980131750e+00
1.095662054261002938e+00
1.095759779515080856e+00
1.095857466806226421e+00
1.095955116198776835e+00
1.096052727757546696e+00
1.096150301547832440e+00
1.096247837635415667e+00
1.096345336086564926e+00
1.096442796971400346e+00
1.096540220358686257e+00
1.096637606313157320e+00
1.096734954903274994e+00
1.096832266198016104e+00
1.096929540266876169e+00
1.097026777179873180e+00
1.097123977007549600e+00
1.097221139820978797e+00
1.097318265691764827e+00
1.097415354692048872e+00
1.097512406894510573e+00
1.097609422372370691e+00
1.097706401199397552e+00
1.097803343449907931e+00
1.097900249198770606e+00
1.097997118521410798e+00
1.098093951493812837e+00
1.098190748200501776e+00
1.098287508713106320e+00
1.098384233109073405e+00
1.098480921466909566e+00
1.098577573865713308e+00
1.098674190385176441e+00
1.098770771105591182e+00
1.098867316107851488e+00
1.098963825473457723e+00
1.099060299284519981e+00
1.099156737623763203e+00
1.099253140574527388e+00
1.099349508220776039e+00
1.099445840647097050e+00
1.099542137938706476e+00
1.099638400181454090e+00
1.099734627461824044e+00
1.099830819873067078e+00
1.099926977508903558e+00
1.100023100449820435e+00
1.100119188785361413e+00
1.100215242605754984e+00
1.100311262001917756e+00
1.100407247065460448e+00
1.100503197888691886e+00
1.100599114564623449e+00
1.100694997186973501e+00
1.100790845850171618e+00
1.100886660649364135e+00
1.100982441680417701e+00
1.101078189039925048e+00
1.101173902825207440e+00
1.101269583134321994e+00
1.101365230066062795e+00
1.101460843719968885e+00
1.101556424213902874e+00
1.101651971639012295e+00
1.101747486094906137e+00
1.101842967684758534e+00
1.101938416512547425e+00
1.102033832683060322e+00
1.102129216301898973e+00
1.102224567475485140e+00
1.102319886311067698e+00
1.102415172916724195e+00
1.102510427401371063e+00
1.102605649874766280e+00
1.102700840447515818e+00
1.102795999231078961e+00
1.102891126337773642e+00
1.102986221880782214e+00
1.103081285974157444e+00
1.103176318739860440e+00
1.103271320306317138e+00
1.103366290776708336e+00
1.103461230269327853e+00
1.103556138903412753e+00
1.103651016799146900e+00
1.103745864077669392e+00
1.103840680861081447e+00
1.103935467272450177e+00
1.104030223435820357e+00
1.104124949476216422e+00
1.104219645519652016e+00
1.104314311693135320e+00
1.104408948124676826e+00
1.104503554943293997e+00
1.104598132279020373e+00
1.104692680262911564e+00
1.104787199027050582e+00
1.104881688725208422e+00
1.104976149483085202e+00
1.105070581430907639e+00
1.105164984705752751e+00
1.105259359445809109e+00
1.105353705790384389e+00
1.105448023879914254e+00
1.105542313855968795e+00
1.105636575861263182e+00
1.105730810039662781e+00
1.105825016536193361e+00
1.105919195497048646e+00
1.106013347069595643e+00
1.106107471402387521e+00
1.106201568645167610e+00
1.106295638948879168e+00
1.106389682465673152e+00
1.106483699351640704e+00
1.106577689770737560e+00
1.106671653870879402e+00
1.106765591809716121e+00
1.106859503746188578e+00
1.106953389840540369e+00
1.107047250254324045e+00
1.107141085150413540e+00
1.107234894693012395e+00
1.107328679047662412e+00
1.107422438381254759e+00
1.107516172862038628e+00
1.107609882659629008e+00
1.107703567945019341e+00
1.107797228890588626e+00
1.107890865702305883e+00
1.107984478540512852e+00
1.108078067580109849e+00
1.108171633001690193e+00
1.108265174987508317e+00
1.108358693721499311e+00
1.108452189389297127e+00
1.108545662178251234e+00
1.108639112277447270e+00
1.108732539877723466e+00
1.108825945171690197e+00
1.108919328344982302e+00
1.109012689570691323e+00
1.109106029064723664e+00
1.109199347024553362e+00
1.109292643649295806e+00
1.109385919139718402e+00
1.109479173698250554e+00
1.109572407528991000e+00
1.109665620837721356e+00
1.109758813831911661e+00
1.109851986720732819e+00
1.109945139715064588e+00
1.110038273056196845e+00
1.110131386957452948e+00
1.110224481625541548e+00
1.110317557281332412e+00
1.110410614147727015e+00
1.110503652449678302e+00
1.110596672414210229e+00
1.110689674270439964e+00
1.110782658249596544e+00
1.110875624585040633e+00
1.110968573512286728e+00
1.111061505263778226e+00
1.111154419866477339e+00
1.111247317476226293e+00
1.111340198555323733e+00
1.111433063374706487e+00
1.111525912269131222e+00
1.111618745457955804e+00
1.111711563219704546e+00
1.111804365816028151e+00
1.111897153394219684e+00
1.111989926200533496e+00
1.112082684476719319e+00
1.112261662920381422e+00
1.112261662920381422e+00
1.112440641364043747e+00
1.112526865587788460e+00
1.112613078540065858e+00
1.112699280496979082e+00
1.112785471674077931e+00
1.112871652313746962e+00
1.112957822546117193e+00
1.113043982586115810e+00
1.113130132681560358e+00
1.113216273087294539e+00
1.113302404106576216e+00
1.113388525985277822e+00
1.113474638948331430e+00
1.113560743082549154e+00
1.113646838683892248e+00
1.113732925847976007e+00
1.113819005005742824e+00
1.113905076246411108e+00
1.113991139715583278e+00
1.114077195456665947e+00
1.114163243469659115e+00
1.114249286879515077e+00
1.114335322132944395e+00
1.114421350881589889e+00
1.114507373352188857e+00
1.114593389772603027e+00
1.114679400369625650e+00
1.114765405368535856e+00
1.114851404994188888e+00
1.114937399468195922e+00
1.115023389018080735e+00
1.115109373873015564e+00
1.115195354263762928e+00
1.115281330422219552e+00
1.115367302573802677e+00
1.115453270943558062e+00
1.115539235756531466e+00
1.115625197237768207e+00
1.115711155612406191e+00
1.115797111110546025e+00
1.115883063958114096e+00
1.115969014377332869e+00
1.116054962590424138e+00
1.116140908819610145e+00
1.116226853287113130e+00
1.116312796217346470e+00
1.116398737840186950e+00
1.116484678374936923e+00
1.116570618039713692e+00
1.116656557052635890e+00
1.116742495631821042e+00
1.116828433995395331e+00
1.116914372367112662e+00
1.117000310967509291e+00
1.117086250011104953e+00
1.117172189712419383e+00
1.117258130285972317e+00
1.117344071946284378e+00
1.117430014907894620e+00
1.117515959385429358e+00
1.117601905593379463e+00
1.117687853746211157e+00
1.117773804058389997e+00
1.117859756744382205e+00
1.117945712018653337e+00
1.118031670095670060e+00
1.118117631189897709e+00
1.118203595515802728e+00
1.118289562910220081e+00
1.118375534175131358e+00
1.118461509264814246e+00
1.118547488385182254e+00
1.118633471741341978e+00
1.118719459537590666e+00
1.118805451977417764e+00
1.118891449263504256e+00
1.118977451597723105e+00
1.119063459181141695e+00
1.119149472214061358e+00
1.119235490895928331e+00
1.119321515425362845e+00
1.119407546000179554e+00
1.119493582817387312e+00
1.119579626073189171e+00
1.119665675962981943e+00
1.119751732681357081e+00
1.119837796422099796e+00
1.119923867378485483e+00
1.120009945743317248e+00
1.120096031707675133e+00
1.120182125461822276e+00
1.120268227195257316e+00
1.120354337096712616e+00
1.120440455354155151e+00
1.120526582154787176e+00
1.120612717685045112e+00
1.120698862130587337e+00
1.120785015675462848e+00
1.120871178503616949e+00
1.120957350798836849e+00
1.121043532744093518e+00
1.121129724521540361e+00
1.121215926312513211e+00
1.121302138297531670e+00
1.121388360656297101e+00
1.121474593567694411e+00
1.121560837210122674e+00
1.121647091762258075e+00
1.121733357400128250e+00
1.121819634298753421e+00
1.121905922632415953e+00
1.121992222574659692e+00
1.122078534298290409e+00
1.122164857975374685e+00
1.122251193777241696e+00
1.122337541874481870e+00
1.122423902436946896e+00
1.122510275633750831e+00
1.122596661633268766e+00
1.122683060603137939e+00
1.122769472710257066e+00
1.122855898120786122e+00
1.122942337000619739e+00
1.123028789516343329e+00
1.123115255831656834e+00
1.123201736109282534e+00
1.123288230511240826e+00
1.123374739198847339e+00
1.123461262332714705e+00
1.123547800072751235e+00
1.123634352578162909e+00
1.123720920007451163e+00
1.123807502518414658e+00
1.123894100268148177e+00
1.123980713413043064e+00
1.124067342108787226e+00
1.124153986510364245e+00
1.124240646772055596e+00
1.124327323048345262e+00
1.124414015495282637e+00
1.124500724264546392e+00
1.124587449506782466e+00
1.124674191371992205e+00
1.124760950009532579e+00
1.124847725568116630e+00
1.124934518195813027e+00
1.125021328040046287e+00
1.125108155247596775e+00
1.125194999964600040e+00
1.125281862336548144e+00
1.125368742508288333e+00
1.125455640624023479e+00
1.125542556827312524e+00
1.125629491261070259e+00
1.125716444068638245e+00
1.125803415394919460e+00
1.125890405380305159e+00
1.125977414164269330e+00
1.126064441885702871e+00
1.126151488682916479e+00
1.126238554693638427e+00
1.126325640055015009e+00
1.126412744903611651e+00
1.126499869375410912e+00
1.126587013605814924e+00
1.126674177729642734e+00
1.126761361881132961e+00
1.126848566193941581e+00
1.126935790801143478e+00
1.127023035835231335e+00
1.127110301428470462e+00
1.127197587713136828e+00
1.127284894819783778e+00
1.127372222878321617e+00
1.127459572018097544e+00
1.127546942367894989e+00
1.127634334055934717e+00
1.127721747209874614e+00
1.127809181956808571e+00
1.127896638423268483e+00
1.127984116735221809e+00
1.128071617018074235e+00
1.128159139396666788e+00
1.128246683995278943e+00
1.128334250937625738e+00
1.128421840346859994e+00
1.128509452347377318e+00
1.128597087065434046e+00
1.128684744621519132e+00
1.128772425135354363e+00
1.128860128726183243e+00
1.128947855512772769e+00
1.129035605613412541e+00
1.129123379145914097e+00
1.129211176227611579e+00
1.129298996975362845e+00
1.129386841505547245e+00
1.129474709934066956e+00
1.129562602376346980e+00
1.129650518947334925e+00
1.129738459761500780e+00
1.129826424932837359e+00
1.129914414574859860e+00
1.130002428800606085e+00
1.130090467722636660e+00
1.130178531453034596e+00
1.130266620103405506e+00
1.130354733786605559e+00
1.130442872617998029e+00
1.130531036707113302e+00
1.130619226162685065e+00
1.130707441093019794e+00
1.130795681605998082e+00
1.130883947809074197e+00
1.130972239809276525e+00
1.131060557713206016e+00
1.131148901627038850e+00
1.131237271656523324e+00
1.131325667906982524e+00
1.131414090483312762e+00
1.131502539489984693e+00
1.131591015031041536e+00
1.131679517210101293e+00
1.131768046130355199e+00
1.131856601894567937e+00
1.131945184605078536e+00
1.132033794363799029e+00
1.132122431272215568e+00
1.132211095432956949e+00
1.132299786951462828e+00
1.132388505927378830e+00
1.132477252459523465e+00
1.132566026646340651e+00
1.132654828585898388e+00
1.132743658375889639e+00
1.132832516113631893e+00
1.132921401896067382e+00
1.133010315819763303e+00
1.133099257980910490e+00
1.133188228475325854e+00
1.133277227398449716e+00
1.133366254845347809e+00
1.133455310910710612e+00
1.133544395688852680e+00
1.133633509273713535e+00
1.133722651758857891e+00
1.133811823237473870e+00
1.133901023802375230e+00
1.133990253546000471e+00
1.134079512561721570e+00
1.134168800945739131e+00
1.134258118788928238e+00
1.134347466181337749e+00
1.134436843212689006e+00
1.134526249972373169e+00
1.134615686549454772e+00
1.134705153032669500e+00
1.134794649510423969e+00
1.134884176070797279e+00
1.134973732801540125e+00
1.135063319790074132e+00
1.135152937123492967e+00
1.135242584888561890e+00
1.135332263171717759e+00
1.135421972059069029e+00
1.135511711636396193e+00
1.135601481989150230e+00
1.135691283202455493e+00
1.135781115361105931e+00
1.135870978549568644e+00
1.135960872852664894e+00
1.136050798356857072e+00
1.136140755145423897e+00
1.136230743301004598e+00
1.136320762905936199e+00
1.136410814042254414e+00
1.136500896791694082e+00
1.136591011235688731e+00
1.136681157455371238e+00
1.136771335531572058e+00
1.136861545544821883e+00
1.136951787575348760e+00
1.137042061703081197e+00
1.137132368007644612e+00
1.137222706568364439e+00
1.137313077464264799e+00
1.137403480774068276e+00
1.137493916576196584e+00
1.137584384948769678e+00
1.137674885969607086e+00
1.137765419716226356e+00
1.137855986266943509e+00
1.137946585703496494e+00
1.138037218102236015e+00
1.138127883538548879e+00
1.138218582087570319e+00
1.138309313824182434e+00
1.138400078823015749e+00
1.138490877158446990e+00
1.138581708904601975e+00
1.138672574135353166e+00
1.138763472924321007e+00
1.138854405344873699e+00
1.138945371470126533e+00
1.139036371372942780e+00
1.139127405125933024e+00
1.139218472801455828e+00
1.139309574471617070e+00
1.139400710208270162e+00
1.139491880083016495e+00
1.139583084167204552e+00
1.139674322531930795e+00
1.139765595248038998e+00
1.139856902386120696e+00
1.139948244016515178e+00
1.140039620209308824e+00
1.140131031034366638e+00
1.140222476565285525e+00
1.140313956873637569e+00
1.140405472027705258e+00
1.140497022095553037e+00
1.140588607145025524e+00
1.140680227243748179e+00
1.140771882459127529e+00
1.140863572858350938e+00
1.140955298508386617e+00
1.141047059475983394e+00
1.141138855827670939e+00
1.141230687629760432e+00
1.141322554948343226e+00
1.141414457849291519e+00
1.141506396398259016e+00
1.141598370660679374e+00
1.141690380701767760e+00
1.141782426586520405e+00
1.141874508379713049e+00
1.141966626145904051e+00
1.142058779949431280e+00
1.142150969854414333e+00
1.142243195924752985e+00
1.142335458224128297e+00
1.142427756816002393e+00
1.142520091764783308e+00
1.142612463137580692e+00
1.142704870996947841e+00
1.142797315404808112e+00
1.142889796422893234e+00
1.142982314112744202e+00
1.143074868535712163e+00
1.143167459752955972e+00
1.143260087825445082e+00
1.143352752813957540e+00
1.143445454779080661e+00
1.143538193781211021e+00
1.143630969880554682e+00
1.143723783137126970e+00
1.143816633610751365e+00
1.143909521361061943e+00
1.144002446447501153e+00
1.144095408929321378e+00
1.144188408865583595e+00
1.144281446315158268e+00
1.144374521336725126e+00
1.144467633988773159e+00
1.144560784329600178e+00
1.144653972417313481e+00
1.144747198309829850e+00
1.144840462064938391e+00
1.144933763743303023e+00
1.145027103403584379e+00
1.145120481102363863e+00
1.145213896896055239e+00
1.145307350840906180e+00
1.145400842992997159e+00
1.145494373408242561e+00
1.145587942142389570e+00
1.145681549251018838e+00
1.145775194789544038e+00
1.145868878813212532e+00
1.145962601377104484e+00
1.146056362536133300e+00
1.146150162345046741e+00
1.146244000858424039e+00
1.146337878130679444e+00
1.146431794216059341e+00
1.146525749168644026e+00
1.146619743042346595e+00
1.146713775890913389e+00
1.146807847767924438e+00
1.146901958726793014e+00
1.146996108820765414e+00
1.147090298102921402e+00
1.147184526626173984e+00
1.147278794444298144e+00
1.147373101612734425e+00
1.147467448183614236e+00
1.147561834208703058e+00
1.147656259739619822e+00
1.147750724827837354e+00
1.147845229524683042e+00
1.147939773881337722e+00
1.148034357948836126e+00
1.148128981778066660e+00
1.148223645419772287e+00
1.148318348924549870e+00
1.148413092342849717e+00
1.148507875724976257e+00
1.148602699121088255e+00
1.148697562581197262e+00
1.148792466155170278e+00
1.148887409892726863e+00
1.148982393843441585e+00
1.149077418056742461e+00
1.149172482581910959e+00
1.149267587468083551e+00
1.149362732764249717e+00
1.149457918519253274e+00
1.149553144781791714e+00
1.149648411600510345e+00
1.149743719026294464e+00
1.149839067108178181e+00
1.149934455893847574e+00
1.150029885430860599e+00
1.150125355766645985e+00
1.150220866948506115e+00
1.150316419023614145e+00
1.150412012039015552e+00
1.150507646041627918e+00
1.150603321078240482e+00
1.150699037195514807e+00
1.150794794439983226e+00
1.150890592858051509e+00
1.150986432495996414e+00
1.151082313399967028e+00
1.151178235615984313e+00
1.151274199189940894e+00
1.151370204167601941e+00
1.151466250594603835e+00
1.151562338516455064e+00
1.151658467978536438e+00
1.151754639026100424e+00
1.151850851704271372e+00
1.151947106058045733e+00
1.152043402132291616e+00
1.152139739972625199e+00
1.152236119625595467e+00
1.152332541135428601e+00
1.152429004546138502e+00
1.152525509901624723e+00
1.152622057245674903e+00
1.152718646621962106e+00
1.152815278074047045e+00
1.152911951645376298e+00
1.153008667379283869e+00
1.153105425318990074e+00
1.153202225507601764e+00
1.153299067988112769e+00
1.153395952803403679e+00
1.153492879996240950e+00
1.153589849609279350e+00
1.153686861685058185e+00
1.153783916266005294e+00
1.153881013394434163e+00
1.153978153112545479e+00
1.154075335462426466e+00
1.154172560486050436e+00
1.154269828225278793e+00
1.154367138721858144e+00
1.154464492017422517e+00
1.154561888153604166e+00
1.154659327173668482e+00
1.154756809119326988e+00
1.154854334031454099e+00
1.154951901950823645e+00
1.155049512918108201e+00
1.155147166973881090e+00
1.155244864158614382e+00
1.155342604512680671e+00
1.155440388076351299e+00
1.155538214889797910e+00
1.155636084993091783e+00
1.155733998426202946e+00
1.155831955229001506e+00
1.155929955441258095e+00
1.156027999102641868e+00
1.156126086252721841e+00
1.156224216930967108e+00
1.156322391176745956e+00
1.156420609029326529e+00
1.156518870527876164e+00
1.156617175711462275e+00
1.156715524619052138e+00
1.156813917289511773e+00
1.156912353761607726e+00
1.157010834074005734e+00
1.157109358266164900e+00
1.157207926378118756e+00
1.157306538447969935e+00
1.157405194513686286e+00
1.157503894613147510e+00
1.157602638784146487e+00
1.157701427064388389e+00
1.157800259491490236e+00
1.157899136102982451e+00
1.157998056936306641e+00
1.158097022028818035e+00
1.158196031417783711e+00
1.158295085140383485e+00
1.158394183233709240e+00
1.158493325734765600e+00
1.158592512680469921e+00
1.158691744107651189e+00
1.158791020053051124e+00
1.158890340553324405e+00
1.158989705645037782e+00
1.159089115364670519e+00
1.159188569748614173e+00
1.159288068833173035e+00
1.159387612654563249e+00
1.159487201248913912e+00
1.159586834652355902e+00
1.159686512901860533e+00
1.159786236033448992e+00
1.159886004082737676e+00
1.159985817085261495e+00
1.160085675076474754e+00
1.160185578091751379e+00
1.160285526166384473e+00
1.160385519335586535e+00
1.160485557634489240e+00
1.160585641098143883e+00
1.160685769761521158e+00
1.160785943659511155e+00
1.160886162826922252e+00
1.160986427298483559e+00
1.161086737108842915e+00
1.161187092292567780e+00
1.161287492884144346e+00
1.161387938917978646e+00
1.161488430428396335e+00
1.161588967449641796e+00
1.161689550015878813e+00
1.161790178161191012e+00
1.161890851919581635e+00
1.161991571325559081e+00
1.162092336413378613e+00
1.162193147216663114e+00
1.162294003768960193e+00
1.162394906103744185e+00
1.162495854254413929e+00
1.162596848254295212e+00
1.162697888136638769e+00
1.162798973934621172e+00
1.162900105681344387e+00
1.163001283409837328e+00
1.163102507153052745e+00
1.163203776943870116e+00
1.163305092815094977e+00
1.163406454799457590e+00
1.163507862929614944e+00
1.163609317238148755e+00
1.163710817757567240e+00
1.163812364520303344e+00
1.163913957558716961e+00
1.164015596905092709e+00
1.164117282591641045e+00
1.164219014650498707e+00
1.164320793114313135e+00
1.164422618016510702e+00
1.164524489388812478e+00
1.164626407262786767e+00
1.164728371669940143e+00
1.164830382641717899e+00
1.164932440209504039e+00
1.165034544404620398e+00
1.165136695258328192e+00
1.165238892801827131e+00
1.165341137066254307e+00
1.165443428082686639e+00
1.165545765882139095e+00
1.165648150495565361e+00
1.165750581953857390e+00
1.165853060287845633e+00
1.165955585528299698e+00
1.166058157705927245e+00
1.166160776851374425e+00
1.166263442995225441e+00
1.166366156168004542e+00
1.166468916400172917e+00
1.166571723722131582e+00
1.166674578164108134e+00
1.166777479755442659e+00
1.166880428526273494e+00
1.166983424506916611e+00
1.167086467727619148e+00
1.167189558218558743e+00
1.167292696009844644e+00
1.167395881131516155e+00
1.167499113613544637e+00
1.167602393485831502e+00
1.167705720778210221e+00
1.167809095520444096e+00
1.167912517742228706e+00
1.168015987473189243e+00
1.168119504742883397e+00
1.168223069580798246e+00
1.168326682016353590e+00
1.168430342078898843e+00
1.168534049797715024e+00
1.168637805202014102e+00
1.168741608320939207e+00
1.168845459183563973e+00
1.168949357818893642e+00
1.169053304255852188e+00
1.169157298521730892e+00
1.169261340644474290e+00
1.169365430653150240e+00
1.169469568576742446e+00
1.169573754444150016e+00
1.169677988284187009e+00
1.169782270125582890e+00
1.169886599996983190e+00
1.169990977926947950e+00
1.170095403943953061e+00
1.170199878076389810e+00
1.170304400352565111e+00
1.170408970800700610e+00
1.170513589448934022e+00
1.170618256325318463e+00
1.170722971457821338e+00
1.170827734874326786e+00
1.170932546602633462e+00
1.171037406670456305e+00
1.171142315105424991e+00
1.171247271935084378e+00
1.171352277186895607e+00
1.171457330888234338e+00
1.171562433068259468e+00
1.171667583757887154e+00
1.171772782983622863e+00
1.171878030771765555e+00
1.171983327148565568e+00
1.172088672140223498e+00
1.172194065772889982e+00
1.172299508072666585e+00
1.172404999065605580e+00
1.172510538777708833e+00
1.172616127234929584e+00
1.172721764463171112e+00
1.172827450488287626e+00
1.172933185336083151e+00
1.173038969032312639e+00
1.173144801602681309e+00
1.173250683072845080e+00
1.173356613468409915e+00
1.173462592814933148e+00
1.173568621456016814e+00
1.173674698860059484e+00
1.173780825309491016e+00
1.173887000829780369e+00
1.173993225446396504e+00
1.174099499184807938e+00
1.174205822070484073e+00
1.174312194128893427e+00
1.174418615385504960e+00
1.174525085865787410e+00
1.174631605595209516e+00
1.174738174599240237e+00
1.174844792903348534e+00
1.174951460533003145e+00
1.175058177513672808e+00
1.175164943870826484e+00
1.175271759629933355e+00
1.175378624816461270e+00
1.175485539455880080e+00
1.175592503575476622e+00
1.175699517206183708e+00
1.175806580373057963e+00
1.175913693100693713e+00
1.176020855413686172e+00
1.176128067336629224e+00
1.176235328894118304e+00
1.176342640110747739e+00
1.176450001011112079e+00
1.176557411619806537e+00
1.176664871961424996e+00
1.176772382060562894e+00
1.176879941941814778e+00
1.176987551629774975e+00
1.177095211149038034e+00
1.177202920524199170e+00
1.177310679779852709e+00
1.177418488940593422e+00
1.177526348031016079e+00
1.177634257077135871e+00
1.177742216108761397e+00
1.177850225150262276e+00
1.177958284225423480e+00
1.178066393358029762e+00
1.178174552571865874e+00
1.178282761890716568e+00
1.178391021338367262e+00
1.178499330938601819e+00
1.178607690715205436e+00
1.178716100691963087e+00
1.178824560892659523e+00
1.178933071341079719e+00
1.179041632061007983e+00
1.179150243076229509e+00
1.179258904410529274e+00
1.179367616087691806e+00
1.179476378131501857e+00
1.179585190565744401e+00
1.179694053415276223e+00
1.179802966708726863e+00
1.179911930469840442e+00
1.180020944721664966e+00
1.180130009487247111e+00
1.180239124789635108e+00
1.180348290651875853e+00
1.180457507097017578e+00
1.180566774148107401e+00
1.180676091828192442e+00
1.180785460160321154e+00
1.180894879167540212e+00
1.181004348872897403e+00
1.181113869299440067e+00
1.181223440470216213e+00
1.181333062408272738e+00
1.181442735136657651e+00
1.181552458678418072e+00
1.181662233056601785e+00
1.181772058295075700e+00
1.181881934421495028e+00
1.181991861459045667e+00
1.182101839430081291e+00
1.182211868356955797e+00
1.182321948262023747e+00
1.182432079167639039e+00
1.182542261096155123e+00
1.182652494069926563e+00
1.182762778111307034e+00
1.182873113242650875e+00
1.182983499486311763e+00
1.183093936864643814e+00
1.183204425400001147e+00
1.183314965114737882e+00
1.183425556031207693e+00
1.183536198171764919e+00
1.183646891558763237e+00
1.183757636214556763e+00
1.183868432162140216e+00
1.183979279428418963e+00
1.184090178036077523e+00
1.184201128006786563e+00
1.184312129362216748e+00
1.184423182124038298e+00
1.184534286313922102e+00
1.184645441953538603e+00
1.184756649064558243e+00
1.184867907668652354e+00
1.184979217787490491e+00
1.185090579442743319e+00
1.185201992656082171e+00
1.185313457449176822e+00
1.185424973843698382e+00
1.185536541861317072e+00
1.185648161523703559e+00
1.185759832852528728e+00
1.185871555869462579e+00
1.185983330596495744e+00
1.186095157058232763e+00
1.186207035276698685e+00
1.186318965273120973e+00
1.186430947068726205e+00
1.186542980684742066e+00
1.186655066142394910e+00
1.186767203462911979e+00
1.186879392667520738e+00
1.186991633777447541e+00
1.187103926813920074e+00
1.187216271798164913e+00
1.187328668751409966e+00
1.187441117694881143e+00
1.187553618649805909e+00
1.187666171638055213e+00
1.187778776682937965e+00
1.187891433805454477e+00
1.188004143026395676e+00
1.188116904366552706e+00
1.188229717846717159e+00
1.188342583487679516e+00
1.188455501310231366e+00
1.188568471335163634e+00
1.188681493583267690e+00
1.188794568075334679e+00
1.188907694832155526e+00
1.189020873874521822e+00
1.189134105223224047e+00
1.189247388899053792e+00
1.189360724923980817e+00
1.189474113320309279e+00
1.189587554108430201e+00
1.189701047308716619e+00
1.189814592941542015e+00
1.189928191027278759e+00
1.190041841586300775e+00
1.190155544638980878e+00
1.190269300205692105e+00
1.190383108306807936e+00
1.190496968962701407e+00
1.190610882193745557e+00
1.190724848020314086e+00
1.190838866462779144e+00
1.190952937541545964e+00
1.191067061278815453e+00
1.191181237695722928e+00
1.191295466812220427e+00
1.191409748648260880e+00
1.191524083223796771e+00
1.191638470558780361e+00
1.191752910673164134e+00
1.191867403586901020e+00
1.191981949319943279e+00
1.192096547892243397e+00
1.192211199323754078e+00
1.192325903634427808e+00
1.192440660844217071e+00
1.192555470973074350e+00
1.192670334041104674e+00
1.192785250069627434e+00
1.192900219078701696e+00
1.193015241088008604e+00
1.193130316117228418e+00
1.193245444186042059e+00
1.193360625314130008e+00
1.193475859521172522e+00
1.193591146826851190e+00
1.193706487250845605e+00
1.193821880812837355e+00
1.193937327532532011e+00
1.194052827430525987e+00
1.194168380526757778e+00
1.194283986840636747e+00
1.194399646391572700e+00
1.194515359198974558e+00
1.194631125282251904e+00
1.194746944660814103e+00
1.194862817354070295e+00
1.194978743381430286e+00
1.195094722762302775e+00
1.195210755516097345e+00
1.195326841662889716e+00
1.195442981222649026e+00
1.195559174214520404e+00
1.195675420657648091e+00
1.195791720571176553e+00
1.195908073974249586e+00
1.196024480886011876e+00
1.196140941325607221e+00
1.196257455312180529e+00
1.196374022864875597e+00
1.196490644002836889e+00
1.196607318745632975e+00
1.196724047113245426e+00
1.196840829124591776e+00
1.196957664798546039e+00
1.197074554153983561e+00
1.197191497209778577e+00
1.197308493984805988e+00
1.197425544497940697e+00
1.197542648768057605e+00
1.197659806814030947e+00
1.197777018654735626e+00
1.197894284309185986e+00
1.198011603796860003e+00
1.198128977136559969e+00
1.198246404346994920e+00
1.198363885446874111e+00
1.198481420454906354e+00
1.198599009389800907e+00
1.198716652270267025e+00
1.198834349115034836e+00
1.198952099943261684e+00
1.199069904773703454e+00
1.199187763624892655e+00
1.199305676515360020e+00
1.199423643463638500e+00
1.199541664488259718e+00
1.199659739607755959e+00
1.199777868840659067e+00
1.199896052205850605e+00
1.200014289722191263e+00
1.200132581408005050e+00
1.200250927281612423e+00
1.200369327361334948e+00
1.200487781665493969e+00
1.200606290212410387e+00
1.200724853020405769e+00
1.200843470107840538e+00
1.200962141493166824e+00
1.201080867194669333e+00
1.201199647230617007e+00
1.201318481619278122e+00
1.201437370378921621e+00
1.201556313527815778e+00
1.201675311084228870e+00
1.201794363066410742e+00
1.201913469492360331e+00
1.202032630380337475e+00
1.202151845748715031e+00
1.202271115615864971e+00
1.202390440000159710e+00
1.202509818919971885e+00
1.202629252394947557e+00
1.202748740445171993e+00
1.202868283087816126e+00
1.202987880339988491e+00
1.203107532218796294e+00
1.203227238741347849e+00
1.203346999924658434e+00
1.203466815784891564e+00
1.203586686339285450e+00
1.203706611605427801e+00
1.203826591600907214e+00
1.203946626343311399e+00
1.204066715850228730e+00
1.204186860130346703e+00
1.204307059191758400e+00
1.204427313059729165e+00
1.204547621759722187e+00
1.204667985317200207e+00
1.204788403757626414e+00
1.204908877108392229e+00
1.205029405410130927e+00
1.205149988685341400e+00
1.205270626951785884e+00
1.205391320227227059e+00
1.205512068064321207e+00
1.205632871164016295e+00
1.205753729305039768e+00
1.205874642487391846e+00
1.205995610711072308e+00
1.206116633976081376e+00
1.206237712325843425e+00
1.206358845811527303e+00
1.206480034433217607e+00
1.206601278190914117e+00
1.206722577084617054e+00
1.206843931135048287e+00
1.206965340395366626e+00
1.207086804868244156e+00
1.207208324553681100e+00
1.207329899470065193e+00
1.207451529666572654e+00
1.207573215145887557e+00
1.207694955908010126e+00
1.207816751971107827e+00
1.207938603385834586e+00
1.208060510155182676e+00
1.208182472279151654e+00
1.208304489771927059e+00
1.208426562674745908e+00
1.208548690990236540e+00
1.208670874728826838e+00
1.208793113929601537e+00
1.208915408596286989e+00
1.209037758737204982e+00
1.209160164393072279e+00
1.209282625569340075e+00
1.209405142271072098e+00
1.209527714531283937e+00
1.209650342356288100e+00
1.209773025770879640e+00
1.209895764790307915e+00
1.210018559427252560e+00
1.210141409709465377e+00
1.210264315641082833e+00
1.210387277247091831e+00
1.210510294539221876e+00
1.210633367539957650e+00
1.210756496262802573e+00
1.210879680727751539e+00
1.211002920949633133e+00
1.211126216945874079e+00
1.211249568735399240e+00
1.211372976338610963e+00
1.211496439772406841e+00
1.211619959060302287e+00
1.211743534230952157e+00
1.211867165320357209e+00
1.211884759163497138e+00
1.211902353006636623e+00
1.211919946849776331e+00
1.211937540692916260e+00
1.211955134536055967e+00
1.211972728379195674e+00
1.211990322222335381e+00
1.212005911907972466e+00
1.212021439324170613e+00
1.212036966740369204e+00
1.212052494156567795e+00
1.212068021572766163e+00
1.212083548988964754e+00
1.212099076405163345e+00
1.212114602723091572e+00
1.212128060579024114e+00
1.212141518434956433e+00
1.212154976290888753e+00
1.212168434146821072e+00
1.212181892002753836e+00
1.212195349858686155e+00
1.212208807714618697e+00
1.212222265570551016e+00
1.212235723426483336e+00
1.212247519690038189e+00
1.212258904365682177e+00
1.212270289041326388e+00
1.212281673716970598e+00
1.212293058392614364e+00
1.212304443068258797e+00
1.212315827743902563e+00
1.212327212419546774e+00
1.212338597095190984e+00
1.212349981770834972e+00
1.212361366446479183e+00
1.212370835077341003e+00
1.212380142051594056e+00
1.212389449025847332e+00
1.212398756000100386e+00
1.212408062974353440e+00
1.212417369948606716e+00
1.212426676922859770e+00
1.212435983897113045e+00
1.212445290871366099e+00
1.212454597845619597e+00
1.212463904819872429e+00
1.212473211794125927e+00
1.212482518768378981e+00
1.212490559154325798e+00
1.212497781784066531e+00
1.212505004413807264e+00
1.212512227043547997e+00
1.212519449673288729e+00
1.212526672303029462e+00
1.212533894932770195e+00
1.212541117562510928e+00
1.212548340192251883e+00
1.212555562821992616e+00
1.212562785451733349e+00
1.212570008081474082e+00
1.212577230711214815e+00
1.212584453340955548e+00
1.212591675970696281e+00
1.212598898600437014e+00
1.212606121230177747e+00
1.212612420940954561e+00
1.212617544524550617e+00
1.212622668108146673e+00
1.212627791691742729e+00
1.212632915275339007e+00
1.212638038858935063e+00
1.212643162442531120e+00
1.212648286026127176e+00
1.212653409609723232e+00
1.212658533193319288e+00
1.212663656776915122e+00
1.212668780360511178e+00
1.212673903944107234e+00
1.212679027527703290e+00
1.212684151111299347e+00
1.212689274694895625e+00
1.212694398278491681e+00
1.212699521862087737e+00
1.212704645445683793e+00
1.212709769029279849e+00
1.212714892612875905e+00
1.212720016196471962e+00
1.212725139780068018e+00
1.212730263363664296e+00
1.212734935463596786e+00
1.212737662552326512e+00
1.212740389641056460e+00
1.212743116729786408e+00
1.212745843818516578e+00
1.212748570907246304e+00
1.212751297995976252e+00
1.212754025084706200e+00
1.212756752173436370e+00
1.212759479262166096e+00
1.212762206350896044e+00
1.212764933439625770e+00
1.212767660528355940e+00
1.212770387617085888e+00
1.212773114705815836e+00
1.212775841794545562e+00
1.212778568883275732e+00
1.212781295972005680e+00
1.212784023060735628e+00
1.212786750149465353e+00
1.212789477238195524e+00
1.212792204326925471e+00
1.212794931415655197e+00
1.212797658504385145e+00
1.212800385593115315e+00
1.212803112681845263e+00
1.212805839770574989e+00
1.212808566859304937e+00
1.212811293948035107e+00
1.212814021036764833e+00
1.212816748125494781e+00
1.212819475214224729e+00
1.212822202302954899e+00
1.212824929391684625e+00
1.212827656480414573e+00
1.212830383569144521e+00
1.212833110657874691e+00
1.212835837746604417e+00
1.212838564835334365e+00
1.212841291924064091e+00
1.212844019012794261e+00
1.212846746101524209e+00
1.212849473190254157e+00
1.212852200278983883e+00
1.212854927367714053e+00
1.212857654456444001e+00
1.212860381545173949e+00
1.212863108633903675e+00
1.212865835722633845e+00
1.212866617687857973e+00
1.212866752116760427e+00
1.212866886545662881e+00
1.212867020974565335e+00
1.212867155403467567e+00
1.212867289832370021e+00
1.212867424261272475e+00
1.212867558690174707e+00
1.212867693119077162e+00
1.212867827547979616e+00
1.212867961976882070e+00
1.212868096405784080e+00
1.212868230834686534e+00
1.212868365263588988e+00
1.212868499692491220e+00
1.212868634121393674e+00
1.212868768550296128e+00
1.212868902979198582e+00
1.212869037408100814e+00
1.212869171837003046e+00
1.212869306265905500e+00
1.212869440694807732e+00
1.212869575123710186e+00
1.212869709552612640e+00
1.212869843981515094e+00
1.212869978410417326e+00
1.212870112839319781e+00
1.212870247268222235e+00
1.212870381697124245e+00
1.212870516126026699e+00
1.212870650554929153e+00
1.212870784983831385e+00
1.212870919412733839e+00
1.212871053841636293e+00
1.212871188270538747e+00
1.212871322699440979e+00
1.212871457128343433e+00
1.212871591557245887e+00
1.212871725986147897e+00
1.212871860415050351e+00
1.212871994843952805e+00
1.212872129272855259e+00
1.212872263701757491e+00
1.212872398130659946e+00
1.212872532559562400e+00
1.212872666988464632e+00
1.212872801417367086e+00
1.212872935846269540e+00
1.212873070275171994e+00
1.212873204704074004e+00
1.212873339132976458e+00
1.212873473561878912e+00
1.212873607990781144e+00
1.212873742419683598e+00
1.212873876848586052e+00
1.212874011277488284e+00
1.212874145706390738e+00
1.212874280135293192e+00
1.212874414564195646e+00
1.212874548993097656e+00
1.212874683422000111e+00
1.212874817850902565e+00
1.212874952279804797e+00
1.212875086708707251e+00
1.212875221137609705e+00
1.212875355566512159e+00
1.212875489995414391e+00
1.212875624424316623e+00
1.212875758853219077e+00
1.212875893282121309e+00
1.212876027711023763e+00
1.212876162139926217e+00
1.212876296568828671e+00
1.212876430997730903e+00
1.212876565426633357e+00
1.212876699855535811e+00
1.212876834284437821e+00
1.212876968713340275e+00
1.212877103142242730e+00
1.212877237571145184e+00
1.212877372000047416e+00
1.212877506428949870e+00
1.212877640857852324e+00
1.212877775286754556e+00
1.212877909715657010e+00
1.212878044144559464e+00
1.212878178573461474e+00
1.212878313002363928e+00
1.212878447431266382e+00
1.212878581860168836e+00
1.212878716289071068e+00
1.212878850717973522e+00
1.212878985146875976e+00
1.212879119575778208e+00
1.212879254004680663e+00
1.212879388433583117e+00
1.212879522862485571e+00
1.212879657291387581e+00
1.212879791720290035e+00
1.212879926149192489e+00
1.212880060578094721e+00
1.212880195006997175e+00
1.212880329435899629e+00
1.212880463864802083e+00
1.212880598293704315e+00
1.212880732722606769e+00
1.212880867151509223e+00
1.212881001580411233e+00
1.212881136009313687e+00
1.212881270438216141e+00
1.212881404867118373e+00
1.212881539296020827e+00
1.212881673724923282e+00
1.212881808153825736e+00
1.212881942582727968e+00
1.212882077011630200e+00
1.212882211440532654e+00
1.212882345869434886e+00
1.212882480298337340e+00
1.212882614727239794e+00
1.212882749156142248e+00
1.212882883585044480e+00
1.212883018013946934e+00
1.212883152442849388e+00
1.212883286871751398e+00
1.212883421300653852e+00
1.212883555729556306e+00
1.212883690158458760e+00
1.212883824587360992e+00
1.212883959016263447e+00
1.212884093445165901e+00
1.212884227874068133e+00
1.212884362302970587e+00
1.212884496731873041e+00
1.212884631160775495e+00
1.212884765589677505e+00
1.212884900018579959e+00
1.212885034447482413e+00
1.212885168876384645e+00
1.212885303305287099e+00
1.212885437734189553e+00
1.212885572163091785e+00
1.212885706591994239e+00
1.212885841020896693e+00
1.212885975449799147e+00
1.212886109878701157e+00
1.212886244307603612e+00
1.212886378736506066e+00
1.212886513165408298e+00
1.212886647594310752e+00
1.212886782023213206e+00
1.212886916452115660e+00
1.212887050881017892e+00
1.212887185309920346e+00
1.212887319738822800e+00
1.212887454167724810e+00
1.212887588596627264e+00
1.212887723025529718e+00
1.212887857454432172e+00
1.212887991883334404e+00
1.212888126312236858e+00
1.212888260741139312e+00
1.212888395170041544e+00
1.212888529598943999e+00
1.212888664027846231e+00
1.212888798456748463e+00
1.212888932885650917e+00
1.212889067314553371e+00
1.212889201743455825e+00
1.212889336172358057e+00
1.212889470601260511e+00
1.212889605030162965e+00
1.212889739459064975e+00
1.212889873887967429e+00
1.212890008316869883e+00
1.212890142745772337e+00
1.212890277174674569e+00
1.212890411603577023e+00
1.212890546032479477e+00
1.212890680461381709e+00
1.212890814890284163e+00
1.212890949319186618e+00
1.212891083748089072e+00
1.212891218176991082e+00
1.212891352605893536e+00
1.212891487034795990e+00
1.212891621463698222e+00
1.212891755892600676e+00
1.212891890321503130e+00
1.212892024750405584e+00
1.212892159179307816e+00
1.212892293608210270e+00
1.212892428037112724e+00
1.212892562466014734e+00
1.212892696894917188e+00
1.212892831323819642e+00
1.212892965752721874e+00
1.212893100181624328e+00
1.212893234610526783e+00
1.212893369039429237e+00
1.212893503468331469e+00
1.212893637897233923e+00
1.212893772326136377e+00
1.212893906755038387e+00
1.212894041183940841e+00
1.212894175612843295e+00
1.212894310041745749e+00
1.212894444470647981e+00
1.212894578899550435e+00
1.212894713328452889e+00
1.212894847757355121e+00
1.212894982186257575e+00
1.212895116615159807e+00
1.212895251044062261e+00
1.212895385472964493e+00
1.212895519901866948e+00
1.212895654330769402e+00
1.212895788759671634e+00
1.212895923188574088e+00
1.212896057617476542e+00
1.212896192046378552e+00
1.212896326475281006e+00
1.212896460904183460e+00
1.212896595333085914e+00
1.212896729761988146e+00
1.212896864190890600e+00
1.212896998619793054e+00
1.212897133048695286e+00
1.212897267477597740e+00
1.212897401906500194e+00
1.212897536335402648e+00
1.212897670764304658e+00
1.212897805193207112e+00
1.212897939622109567e+00
1.212898074051011799e+00
1.212898208479914253e+00
1.212898342908816707e+00
1.212898477337719161e+00
1.212898611766621393e+00
1.212898746195523847e+00
1.212898880624426301e+00
1.212899015053328311e+00
1.212899149482230765e+00
1.212899283911133219e+00
1.212899418340035673e+00
1.212899552768937905e+00
1.212899687197840359e+00
1.212899821626742813e+00
1.212899956055645045e+00
1.212900090484547500e+00
1.212900224913449954e+00
1.212900359342351964e+00
1.212900493771254418e+00
1.212900628200156872e+00
1.212900762629059326e+00
1.212900897057961558e+00
1.212901031486864012e+00
1.212901165915766466e+00
1.212901300344668698e+00
1.212901434773571152e+00
1.212901569202473384e+00
1.212901703631375838e+00
1.212901838060278070e+00
1.212901972489180524e+00
1.212902106918082978e+00
1.212902241346985210e+00
1.212902375775887664e+00
1.212902510204790119e+00
1.212902644633692573e+00
1.212902779062594583e+00
1.212902913491497037e+00
1.212903047920399491e+00
1.212903182349301723e+00
1.212903316778204177e+00
1.212903451207106631e+00
1.212903585636008863e+00
1.212903720064911317e+00
1.212903854493813771e+00
1.212903988922716225e+00
1.212904123351618235e+00
1.212904257780520689e+00
1.212904392209423143e+00
1.212904526638325375e+00
1.212904661067227829e+00
1.212904795496130284e+00
1.212904929925032738e+00
1.212905064353934970e+00
1.212905198782837424e+00
1.212905333211739878e+00
1.212905467640641888e+00
1.212905602069544342e+00
1.212905736498446796e+00
1.212905870927349250e+00
1.212906005356251482e+00
1.212906139785153936e+00
1.212906274214056390e+00
1.212906408642958622e+00
1.212906543071861076e+00
1.212906677500763530e+00
1.212906811929665984e+00
1.212906946358567994e+00
1.212907080787470449e+00
1.212907215216372903e+00
1.212907349645275135e+00
1.212907484074177589e+00
1.212907618503080043e+00
1.212907752931982275e+00
1.212907887360884729e+00
1.212908021789786961e+00
1.212908156218689415e+00
1.212908290647591647e+00
1.212908425076494101e+00
1.212908559505396555e+00
1.212908693934298787e+00
1.212908828363201241e+00
1.212908962792103695e+00
1.212909097221006149e+00
1.212909231649908159e+00
1.212909366078810613e+00
1.212909500507713068e+00
1.212909634936615300e+00
1.212909769365517754e+00
1.212909903794420208e+00
1.212910038223322662e+00
1.212910172652224894e+00
1.212910307081127348e+00
1.212910441510029802e+00
1.212910575938931812e+00
1.212910710367834266e+00
1.212910844796736720e+00
1.212910979225638952e+00
1.212911113654541406e+00
1.212911248083443860e+00
1.212911382512346314e+00
1.212911516941248546e+00
1.212911651370151001e+00
1.212911785799053455e+00
1.212911920227955465e+00
1.212912054656857919e+00
1.212912189085760373e+00
1.212912323514662827e+00
1.212912457943565059e+00
1.212912592372467513e+00
1.212912726801369967e+00
1.212912861230272199e+00
1.212912995659174653e+00
1.212913130088077107e+00
1.212913264516979561e+00
1.212913398945881571e+00
1.212913533374784025e+00
1.212913667803686479e+00
1.212913802232588711e+00
1.212913936661491165e+00
1.212914071090393620e+00
1.212914205519296074e+00
1.212914339948198306e+00
1.212914474377100538e+00
1.212914608806002992e+00
1.212914743234905224e+00
1.212914877663807678e+00
1.212915012092710132e+00
1.212915146521612364e+00
1.212915280950514818e+00
1.212915415379417272e+00
1.212915549808319726e+00
1.212915684237221736e+00
1.212915818666124190e+00
1.212915953095026644e+00
1.212916087523928876e+00
1.212916221952831330e+00
1.212916356381733785e+00
1.212916490810636239e+00
1.212916625239538471e+00
1.212916759668440925e+00
1.212916894097343379e+00
1.212917028526245389e+00
1.212917162955147843e+00
1.212917297384050297e+00
1.212917431812952751e+00
1.212917566241854983e+00
1.212917700670757437e+00
1.212917835099659891e+00
1.212917969528562123e+00
1.212918103957464577e+00
1.212918238386367031e+00
1.212918372815269041e+00
1.212918507244171495e+00
1.212918641673073950e+00
1.212918776101976404e+00
1.212918910530878636e+00
1.212919044959781090e+00
1.212919179388683544e+00
1.212919313817585776e+00
1.212919448246488230e+00
1.212919582675390684e+00
1.212919717104293138e+00
1.212919851533195148e+00
1.212919985962097602e+00
1.212920120391000056e+00
1.212920254819902288e+00
1.212920389248804742e+00
1.212920523677707196e+00
1.212920658106609650e+00
1.212920792535511882e+00
1.212920926964414114e+00
1.212921061393316569e+00
1.212921195822218801e+00
1.212921330251121255e+00
1.212921464680023709e+00
1.212921599108926163e+00
1.212921733537828395e+00
1.212921867966730849e+00
1.212922002395633303e+00
1.212922136824535313e+00
1.212922271253437767e+00
1.212922405682340221e+00
1.212922540111242453e+00
1.212922674540144907e+00
1.212922808969047361e+00
1.212922943397949815e+00
1.212923077826852047e+00
1.212923212255754501e+00
1.212923346684656956e+00
1.212923481113558966e+00
1.212923615542461420e+00
1.212923749971363874e+00
1.212923884400266328e+00
1.212924018829168560e+00
1.212924153258071014e+00
1.212924287686973468e+00
1.212924422115875700e+00
1.212924556544778154e+00
1.212924690973680608e+00
1.212924825402583062e+00
1.212924959831485072e+00
1.212925094260387526e+00
1.212925228689289980e+00
1.212925363118192212e+00
1.212925497547094666e+00
1.212925631975997121e+00
1.212925766404899353e+00
1.212925900833801807e+00
1.212926035262704261e+00
1.212926169691606715e+00
1.212926304120508725e+00
1.212926438549411179e+00
1.212926572978313633e+00
1.212926707407215865e+00
1.212926841836118319e+00
1.212926976265020773e+00
1.212927110693923227e+00
1.212927245122825459e+00
1.212927379551727691e+00
1.212927513980630145e+00
1.212927648409532377e+00
1.212927782838434831e+00
1.212927917267337286e+00
1.212928051696239740e+00
1.212928186125141972e+00
1.212928320554044426e+00
1.212928454982946880e+00
1.212928589411848890e+00
1.212928723840751344e+00
1.212928858269653798e+00
1.212928992698556252e+00
1.212929127127458484e+00
1.212929261556360938e+00
1.212929395985263392e+00
1.212929530414165624e+00
1.212929664843068078e+00
1.212929799271970532e+00
1.212929933700872542e+00
1.212930068129774996e+00
1.212930202558677450e+00
1.212930336987579905e+00
1.212930471416482137e+00
1.212930605845384591e+00
1.212930740274287045e+00
1.212930874703189277e+00
1.212931009132091731e+00
1.212931143560994185e+00
1.212931277989896639e+00
1.212931412418798649e+00
1.212931546847701103e+00
1.212931681276603557e+00
1.212931815705505789e+00
1.212931950134408243e+00
1.212932084563310697e+00
1.212932218992213151e+00
1.212932353421115383e+00
1.212932487850017838e+00
1.212932622278920292e+00
1.212932756707822302e+00
1.212932891136724756e+00
1.212933025565627210e+00
1.212933159994529442e+00
1.212933294423431896e+00
1.212933428852334350e+00
1.212933563281236804e+00
1.212933697710139036e+00
1.212933832139041268e+00
1.212933966567943722e+00
1.212934100996845954e+00
1.212934235425748408e+00
1.212934369854650862e+00
1.212934504283553316e+00
1.212934638712455548e+00
1.212934773141358002e+00
1.212934907570260457e+00
1.212935041999162467e+00
1.212935176428064921e+00
1.212935310856967375e+00
1.212935445285869829e+00
1.212935579714772061e+00
1.212935714143674515e+00
1.212935848572576969e+00
1.212935983001479201e+00
1.212936117430381655e+00
1.212936251859284109e+00
1.212936386288186119e+00
1.212936520717088573e+00
1.212936655145991027e+00
1.212936789574893481e+00
1.212936924003795713e+00
1.212937058432698167e+00
1.212937192861600622e+00
1.212937327290502854e+00
1.212937461719405308e+00
1.212937596148307762e+00
1.212937730577210216e+00
1.212937865006112226e+00
1.212937999435014680e+00
1.212938133863917134e+00
1.212938268292819366e+00
1.212938402721721820e+00
1.212938537150624274e+00
1.212938671579526728e+00
1.212938806008428960e+00
1.212938940437331414e+00
1.212939074866233868e+00
1.212939209295135878e+00
1.212939343724038332e+00
1.212939478152940787e+00
1.212939612581843241e+00
1.212939747010745473e+00
1.212939881439647927e+00
1.212940015868550381e+00
1.212940150297452613e+00
1.212940284726355067e+00
1.212940419155257299e+00
1.212940553584159531e+00
1.212940688013061985e+00
1.212940822441964439e+00
1.212940956870866893e+00
1.212941091299769125e+00
1.212941225728671579e+00
1.212941360157574033e+00
1.212941494586476043e+00
1.212941629015378497e+00
1.212941763444280951e+00
1.212941897873183406e+00
1.212942032302085638e+00
1.212942166730988092e+00
1.212942301159890546e+00
1.212942435588792778e+00
1.212942570017695232e+00
1.212942704446597686e+00
1.212942838875500140e+00
1.212942973304402150e+00
1.212943107733304604e+00
1.212943242162207058e+00
1.212943376591109290e+00
1.212943511020011744e+00
1.212943645448914198e+00
1.212943779877816430e+00
1.212943914306718884e+00
1.212944048735621339e+00
1.212944183164523793e+00
1.212944317593425803e+00
1.212944452022328257e+00
1.212944586451230711e+00
1.212944720880132943e+00
1.212944855309035397e+00
1.212944989737937851e+00
1.212945124166840305e+00
1.212945258595742537e+00
1.212945393024644991e+00
1.212945527453547445e+00
1.212945661882449455e+00
1.212945796311351909e+00
1.212945930740254363e+00
1.212946065169156817e+00
1.212946199598059049e+00
1.212946334026961503e+00
1.212946468455863958e+00
1.212946602884766190e+00
1.212946737313668644e+00
1.212946871742570876e+00
1.212947006171473330e+00
1.212947140600375562e+00
1.212947275029278016e+00
1.212947409458180470e+00
1.212947543887082702e+00
1.212947678315985156e+00
1.212947812744887610e+00
1.212947947173789620e+00
1.212948081602692074e+00
1.212948216031594528e+00
1.212948350460496982e+00
1.212948484889399214e+00
1.212948619318301668e+00
1.212948753747204123e+00
1.212948888176106355e+00
1.212949022605008809e+00
1.212949157033911263e+00
1.212949291462813717e+00
1.212949425891715727e+00
1.212949560320618181e+00
1.212949694749520635e+00
1.212949829178422867e+00
1.212949963607325321e+00
1.212950098036227775e+00
1.212950232465130229e+00
1.212950366894032461e+00
1.212950501322934915e+00
1.212950635751837369e+00
1.212950770180739379e+00
1.212950904609641833e+00
1.212951039038544288e+00
1.212951173467446520e+00
1.212951307896348974e+00
1.212951442325251428e+00
1.212951576754153882e+00
1.212951711183056114e+00
1.212951845611958568e+00
1.212951980040861022e+00
1.212952114469763032e+00
1.212952248898665486e+00
1.212952383327567940e+00
1.212952517756470394e+00
1.212952652185372626e+00
1.212952786614275080e+00
1.212952921043177534e+00
1.212953055472079766e+00
1.212953189900982220e+00
1.212953324329884452e+00
1.212953458758786907e+00
1.212953593187689139e+00
1.212953727616591593e+00
1.212953862045494047e+00
1.212953996474396279e+00
1.212954130903298733e+00
1.212954265332201187e+00
1.212954399761103641e+00
1.212954534190005651e+00
1.212954668618908105e+00
1.212954803047810559e+00
1.212954937476712791e+00
1.212955071905615245e+00
1.212955206334517699e+00
1.212955340763419931e+00
1.212955475192322385e+00
1.212955609621224840e+00
1.212955744050127294e+00
1.212955878479029304e+00
1.212956012907931758e+00
1.212956147336834212e+00
1.212956281765736444e+00
1.212956416194638898e+00
1.212956550623541352e+00
1.212956685052443806e+00
1.212956819481346038e+00
1.212956953910248492e+00
1.212957088339150946e+00
1.212957222768052956e+00
1.212957357196955410e+00
1.212957491625857864e+00
1.212957626054760318e+00
1.212957760483662550e+00
1.212957894912565004e+00
1.212958029341467459e+00
1.212958163770369691e+00
1.212958298199272145e+00
1.212958432628174599e+00
1.212958567057076609e+00
1.212958701485979063e+00
1.212958835914881517e+00
1.212958970343783971e+00
1.212959104772686203e+00
1.212959239201588657e+00
1.212959373630491111e+00
1.212959508059393343e+00
1.212959642488295797e+00
1.212959776917198029e+00
1.212959911346100483e+00
1.212960045775002715e+00
1.212960180203905169e+00
1.212960314632807624e+00
1.212960449061709856e+00
1.212960583490612310e+00
1.212960717919514764e+00
1.212960852348417218e+00
1.212960986777319228e+00
1.212961121206221682e+00
1.212961255635124136e+00
1.212961390064026368e+00
1.212961524492928822e+00
1.212961658921831276e+00
1.212961793350733730e+00
1.212961927779635962e+00
1.212962062208538416e+00
1.212962196637440870e+00
1.212962331066342880e+00
1.212962465495245334e+00
1.212962599924147788e+00
1.212962734353050021e+00
1.212962868781952475e+00
1.212963003210854929e+00
1.212963137639757383e+00
1.212963272068659615e+00
1.212963406497562069e+00
1.212963540926464523e+00
1.212963675355366533e+00
1.212963809784268987e+00
1.212963944213171441e+00
1.212964078642073895e+00
1.212964213070976127e+00
1.212964347499878581e+00
1.212964481928781035e+00
1.212964616357683267e+00
1.212964750786585721e+00
1.212964885215488176e+00
1.212965019644390630e+00
1.212965154073292640e+00
1.212965288502195094e+00
1.212965422931097548e+00
1.212965557359999780e+00
1.212965691788902234e+00
1.212965826217804688e+00
1.212965960646706920e+00
1.212966095075609374e+00
1.212966229504511606e+00
1.212966363933414060e+00
1.212966498362316292e+00
1.212966632791218746e+00
1.212966767220121200e+00
1.212966901649023432e+00
1.212967036077925886e+00
1.212967170506828340e+00
1.212967304935730795e+00
1.212967439364632805e+00
1.212967573793535259e+00
1.212967708222437713e+00
1.212967842651339945e+00
1.212967977080242399e+00
1.212968111509144853e+00
1.212968245938047307e+00
1.212968380366949539e+00
1.212968514795851993e+00
1.212968649224754447e+00
1.212968783653656457e+00
1.212968918082558911e+00
1.212969052511461365e+00
1.212969186940363819e+00
1.212969321369266051e+00
1.212969455798168505e+00
1.212969590227070960e+00
1.212969724655973192e+00
1.212969859084875646e+00
1.212969993513778100e+00
1.212970127942680110e+00
1.212970262371582564e+00
1.212970396800485018e+00
1.212970531229387472e+00
1.212970665658289704e+00
1.212970800087192158e+00
1.212970934516094612e+00
1.212971068944996844e+00
1.212971203373899298e+00
1.212971337802801752e+00
1.212971472231704206e+00
1.212971606660606216e+00
1.212971741089508670e+00
1.212971875518411125e+00
1.212972009947313357e+00
1.212972144376215811e+00
1.212972278805118265e+00
1.212972413234020719e+00
1.212972547662922951e+00
1.212972682091825183e+00
1.212972816520727637e+00
1.212972950949629869e+00
1.212973085378532323e+00
1.212973219807434777e+00
1.212973354236337009e+00
1.212973488665239463e+00
1.212973623094141917e+00
1.212973757523044371e+00
1.212973891951946381e+00
1.212974026380848835e+00
1.212974160809751289e+00
1.212974295238653522e+00
1.212974429667555976e+00
1.212974564096458430e+00
1.212974698525360884e+00
1.212974832954263116e+00
1.212974967383165570e+00
1.212975101812068024e+00
1.212975236240970034e+00
1.212975370669872488e+00
1.212975505098774942e+00
1.212975639527677396e+00
1.212975773956579628e+00
1.212975908385482082e+00
1.212976042814384536e+00
1.212976177243286768e+00
1.212976311672189222e+00
1.212976446101091677e+00
1.212976580529994131e+00
1.212976714958896141e+00
1.212976849387798595e+00
1.212976983816701049e+00
1.212977118245603281e+00
1.212977252674505735e+00
1.212977387103408189e+00
1.212977521532310421e+00
1.212977655961212875e+00
1.212977790390115329e+00
1.212977924819017783e+00
1.212978059247919793e+00
1.212978193676822247e+00
1.212978328105724701e+00
1.212978462534626933e+00
1.212978596963529387e+00
1.212978731392431841e+00
1.212978865821334296e+00
1.212979000250236528e+00
1.212979134679138760e+00
1.212979269108041214e+00
1.212979403536943446e+00
1.212979537965845900e+00
1.212979672394748354e+00
1.212979806823650808e+00
1.212979941252553040e+00
1.212980075681455494e+00
1.212980210110357948e+00
1.212980344539259958e+00
1.212980478968162412e+00
1.212980613397064866e+00
1.212980747825967098e+00
1.212980882254869552e+00
1.212981016683772006e+00
1.212981151112674461e+00
1.212981285541576693e+00
1.212981419970479147e+00
1.212981554399381601e+00
1.212981688828283611e+00
1.212981823257186065e+00
1.212981957686088519e+00
1.212982092114990973e+00
1.212982226543893205e+00
1.212982360972795659e+00
