1.000000000000000000e+00
1.000000782957351841e+00
1.000001565914702351e+00
1.000002348872054192e+00
1.000003131829406033e+00
1.000003914786757875e+00
1.000004697744108384e+00
1.000005480701460225e+00
1.000006263658812067e+00
1.000007046616163908e+00
1.000007829573514417e+00
1.000008612530866259e+00
1.000009395488218100e+00
1.000010178445569942e+00
1.000010961402920451e+00
1.000011744360272292e+00
1.000012527317624134e+00
1.000013310274975975e+00
1.000014093232326484e+00
1.000014876189678326e+00
1.000015659147030167e+00
1.000016442104382008e+00
1.000017225061732518e+00
1.000018008019084359e+00
1.000018790976436200e+00
1.000019573933788042e+00
1.000020356891138551e+00
1.000021139848490392e+00
1.000021922805842234e+00
1.000022705763193853e+00
1.000023488720544584e+00
1.000024271677896426e+00
1.000025054635248267e+00
1.000025837592599887e+00
1.000026620549950618e+00
1.000027403507302459e+00
1.000028186464654301e+00
1.000028969422005920e+00
1.000029752379356651e+00
1.000030535336708493e+00
1.000031318294060112e+00
1.000032101251411953e+00
1.000032884208762685e+00
1.000033667166114526e+00
1.000034450123466145e+00
1.000035233080817987e+00
1.000036016038168718e+00
1.000036798995520559e+00
1.000037581952872179e+00
1.000038364910224020e+00
1.000039147867574751e+00
1.000039930824926371e+00
1.000040713782278212e+00
1.000041496739630054e+00
1.000042279696980785e+00
1.000043062654332404e+00
1.000043845611684246e+00
1.000044628569036087e+00
1.000045411526386596e+00
1.000046194483738438e+00
1.000046977441090279e+00
1.000047760398442120e+00
1.000048543355792630e+00
1.000049326313144471e+00
1.000050109270496312e+00
1.000050892227848154e+00
1.000051675185198663e+00
1.000052458142550504e+00
1.000053241099902346e+00
1.000054024057254187e+00
1.000054807014604696e+00
1.000055589971956538e+00
1.000056372929308379e+00
1.000057155886660221e+00
1.000057938844010730e+00
1.000058721801362571e+00
1.000059504758714413e+00
1.000060287716066254e+00
1.000061070673416763e+00
1.000061853630768605e+00
1.000062636588120446e+00
1.000063419545472287e+00
1.000064202502822797e+00
1.000064985460174638e+00
1.000065768417526479e+00
1.000066551374878321e+00
1.000067334332228830e+00
1.000068117289580671e+00
1.000068900246932513e+00
1.000069683204284354e+00
1.000070466161634863e+00
1.000071249118986705e+00
1.000072032076338546e+00
1.000072815033690388e+00
1.000073597991040897e+00
1.000074380948392738e+00
1.000075163905744580e+00
1.000075946863096421e+00
1.000076729820446930e+00
1.000077512777798772e+00
1.000078295735150613e+00
1.000079078692502454e+00
1.000079861649852964e+00
1.000080644607204805e+00
1.000081427564556646e+00
1.000082210521908266e+00
1.000082993479258997e+00
1.000083776436610838e+00
1.000084559393962680e+00
1.000085342351314299e+00
1.000086125308665030e+00
1.000086908266016872e+00
1.000087691223368713e+00
1.000088474180720333e+00
1.000089257138071064e+00
1.000090040095422905e+00
1.000090823052774525e+00
1.000091606010126366e+00
1.000092388967477097e+00
1.000093171924828939e+00
1.000093954882180558e+00
1.000094737839532399e+00
1.000095520796883131e+00
1.000096303754234972e+00
1.000097086711586591e+00
1.000097869668938433e+00
1.000098652626289164e+00
1.000099435583640783e+00
1.000100218540992625e+00
1.000101001498344466e+00
1.000101784455695197e+00
1.000102567413046817e+00
1.000103350370398658e+00
1.000104133327750500e+00
1.000104916285101009e+00
1.000105699242452850e+00
1.000106482199804692e+00
1.000107265157156533e+00
1.000108048114507042e+00
1.000108831071858884e+00
1.000109614029210725e+00
1.000110396986562566e+00
1.000111179943913076e+00
1.000111962901264917e+00
1.000112745858616758e+00
1.000113528815968600e+00
1.000114311773319109e+00
1.000115094730670950e+00
1.000115877688022792e+00
1.000116660645374633e+00
1.000117443602725142e+00
1.000118226560076984e+00
1.000119009517428825e+00
1.000119792474780667e+00
1.000120575432131176e+00
1.000121358389483017e+00
1.000122141346834859e+00
1.000122924304186700e+00
1.000123707261537209e+00
1.000124490218889051e+00
1.000125273176240892e+00
1.000126056133592733e+00
1.000126839090943243e+00
1.000127622048295084e+00
1.000128405005646925e+00
1.000129187962998767e+00
1.000129970920349276e+00
1.000130753877701117e+00
1.000131536835052959e+00
1.000132319792404800e+00
1.000133102749755309e+00
1.000133885707107151e+00
1.000134668664458992e+00
1.000135451621810834e+00
1.000136234579161343e+00
1.000137017536513184e+00
1.000137800493865026e+00
1.000138583451216867e+00
1.000139366408567376e+00
1.000140149365919218e+00
1.000140932323271059e+00
1.000141715280622678e+00
1.000142498237973410e+00
1.000143281195325251e+00
1.000144064152677092e+00
1.000144847110028712e+00
1.000145630067379443e+00
1.000146413024731284e+00
1.000147195982083126e+00
1.000147978939434745e+00
1.000148761896785476e+00
1.000149544854137318e+00
1.000150327811488937e+00
1.000151110768840779e+00
1.000151893726191510e+00
1.000152676683543351e+00
1.000153459640894971e+00
1.000154242598246812e+00
1.000155025555597543e+00
1.000155808512949385e+00
1.000156591470301004e+00
1.000157374427651735e+00
1.000158157385003577e+00
1.000158940342355196e+00
1.000159723299707037e+00
1.000160506257057769e+00
1.000161289214409610e+00
1.000162072171761229e+00
1.000162855129113071e+00
1.000163638086463802e+00
1.000164421043815421e+00
1.000165204001167263e+00
1.000165986958519104e+00
1.000166769915869835e+00
1.000167552873221455e+00
1.000168335830573296e+00
1.000169118787925138e+00
1.000169901745275869e+00
1.000170684702627488e+00
1.000171467659979330e+00
1.000172250617331171e+00
1.000173033574681680e+00
1.000173816532033522e+00
1.000174599489385363e+00
1.000175382446737204e+00
1.000176165404087714e+00
1.000176948361439555e+00
1.000177731318791396e+00
1.000178514276143238e+00
1.000179297233493747e+00
1.000180080190845588e+00
1.000180863148197430e+00
1.000181646105549271e+00
1.000182429062899780e+00
1.000183212020251622e+00
1.000183994977603463e+00
1.000184777934955305e+00
1.000185560892305814e+00
1.000186343849657655e+00
1.000187126807009497e+00
1.000187909764361338e+00
1.000188692721711847e+00
1.000189475679063689e+00
1.000190258636415530e+00
1.000191041593767372e+00
1.000191824551117881e+00
1.000192607508469722e+00
1.000193390465821563e+00
1.000194173423173405e+00
1.000194956380523914e+00
1.000195739337875755e+00
1.000196522295227597e+00
1.000197305252579438e+00
1.000198088209929947e+00
1.000198871167281789e+00
1.000199654124633630e+00
1.000200437081985472e+00
1.000201220039335981e+00
1.000202002996687822e+00
1.000202785954039664e+00
1.000203568911391505e+00
1.000204351868742014e+00
1.000205134826093856e+00
1.000205917783445697e+00
1.000206700740797539e+00
1.000207483698148048e+00
1.000208266655499889e+00
1.000209049612851731e+00
1.000209832570203350e+00
1.000210615527554081e+00
1.000211398484905923e+00
1.000212181442257764e+00
1.000212964399609383e+00
1.000213747356960114e+00
1.000214530314311956e+00
1.000215313271663797e+00
1.000216096229015417e+00
1.000216879186366148e+00
1.000217662143717989e+00
1.000218445101069609e+00
1.000219228058421450e+00
1.000220011015772181e+00
1.000220793973124023e+00
1.000221576930475642e+00
1.000222359887827484e+00
1.000223142845178215e+00
1.000223925802529834e+00
1.000224708759881675e+00
1.000225491717233517e+00
1.000226274674584248e+00
1.000227057631935867e+00
1.000227840589287709e+00
1.000228623546639550e+00
1.000229406503990282e+00
1.000230189461341901e+00
1.000230972418693742e+00
1.000231755376045584e+00
1.000232538333396093e+00
1.000233321290747934e+00
1.000234104248099776e+00
1.000234887205451617e+00
1.000235670162802126e+00
1.000236453120153968e+00
1.000237236077505809e+00
1.000238019034857651e+00
1.000238801992208160e+00
1.000239584949560001e+00
1.000240367906911843e+00
1.000241150864263684e+00
1.000241933821614193e+00
1.000242716778966034e+00
1.000243499736317876e+00
1.000244282693669717e+00
1.000245065651020226e+00
1.000245848608372068e+00
1.000246631565723909e+00
1.000247414523075751e+00
1.000248197480426260e+00
1.000248980437778101e+00
1.000249763395129943e+00
1.000250546352481784e+00
1.000251329309832293e+00
1.000252112267184135e+00
1.000252895224535976e+00
1.000253678181887818e+00
1.000254461139238327e+00
1.000255244096590168e+00
1.000256027053942010e+00
1.000256810011293851e+00
1.000257592968644360e+00
1.000258375925996202e+00
1.000259158883348043e+00
1.000259941840699884e+00
1.000260724798050394e+00
1.000261507755402235e+00
1.000262290712754076e+00
1.000263073670105918e+00
1.000263856627456427e+00
1.000264639584808268e+00
1.000265422542160110e+00
1.000266205499511951e+00
1.000266988456862460e+00
1.000267771414214302e+00
1.000268554371566143e+00
1.000269337328917763e+00
1.000270120286268494e+00
1.000270903243620335e+00
1.000271686200972177e+00
1.000272469158323796e+00
1.000273252115674527e+00
1.000274035073026369e+00
1.000274818030378210e+00
1.000275600987729829e+00
1.000276383945080561e+00
1.000277166902432402e+00
1.000277949859784021e+00
1.000278732817135863e+00
1.000279515774486594e+00
1.000280298731838435e+00
1.000281081689190055e+00
1.000281864646541896e+00
1.000282647603892627e+00
1.000283430561244247e+00
1.000284213518596088e+00
1.000284996475947930e+00
1.000285779433298661e+00
1.000286562390650280e+00
1.000287345348002122e+00
1.000288128305353963e+00
1.000288911262704694e+00
1.000289694220056314e+00
1.000290477177408155e+00
1.000291260134759996e+00
1.000292043092110505e+00
1.000292826049462347e+00
1.000293609006814188e+00
1.000294391964166030e+00
1.000295174921516539e+00
1.000295957878868380e+00
1.000296740836220222e+00
1.000297523793572063e+00
1.000298306750922572e+00
1.000299089708274414e+00
1.000299872665626255e+00
1.000300655622978097e+00
1.000301438580328606e+00
1.000302221537680447e+00
1.000303004495032289e+00
1.000303787452384130e+00
1.000304570409734639e+00
1.000305353367086481e+00
1.000306136324438322e+00
1.000306919281790163e+00
1.000307702239140673e+00
1.000308485196492514e+00
1.000309268153844355e+00
1.000310051111196197e+00
1.000310834068546706e+00
1.000311617025898547e+00
1.000312399983250389e+00
1.000313182940600898e+00
1.000313965897952739e+00
1.000314748855304581e+00
1.000315531812656422e+00
1.000316314770006931e+00
1.000317097727358773e+00
1.000317880684710614e+00
1.000318663642062456e+00
1.000319446599412965e+00
1.000320229556764806e+00
1.000321012514116648e+00
1.000321795471468489e+00
1.000322578428818998e+00
1.000323361386170840e+00
1.000324144343522681e+00
1.000324927300874522e+00
1.000325710258225032e+00
1.000326493215576873e+00
1.000327276172928714e+00
1.000328059130280556e+00
1.000328842087631065e+00
1.000329625044982906e+00
1.000330408002334748e+00
1.000331190959686589e+00
1.000331973917037098e+00
1.000332756874388940e+00
1.000333539831740781e+00
1.000334322789092623e+00
1.000335105746443132e+00
1.000335888703794973e+00
1.000336671661146815e+00
1.000337454618498434e+00
1.000338237575849165e+00
1.000339020533201007e+00
1.000339803490552848e+00
1.000340586447904467e+00
1.000341369405255199e+00
1.000342152362607040e+00
1.000342935319958659e+00
1.000343718277310501e+00
1.000344501234661232e+00
1.000345284192013073e+00
1.000346067149364693e+00
1.000346850106716534e+00
1.000347633064067265e+00
1.000348416021419107e+00
1.000349198978770726e+00
1.000349981936122568e+00
1.000350764893473299e+00
1.000351547850824918e+00
1.000352330808176760e+00
1.000353113765528601e+00
1.000353896722879332e+00
1.000354679680230952e+00
1.000355462637582793e+00
1.000356245594934634e+00
1.000357028552285366e+00
1.000357811509636985e+00
1.000358594466988826e+00
1.000359377424340668e+00
1.000360160381691177e+00
1.000360943339043018e+00
1.000361726296394860e+00
1.000362509253746701e+00
1.000363292211097210e+00
1.000364075168449052e+00
1.000364858125800893e+00
1.000365641083152735e+00
1.000366424040503244e+00
1.000367206997855085e+00
1.000367989955206927e+00
1.000368772912558768e+00
1.000369555869909277e+00
1.000370338827261119e+00
1.000371121784612960e+00
1.000371904741964801e+00
1.000372687699315311e+00
1.000373470656667152e+00
1.000374253614018993e+00
1.000375036571370835e+00
1.000375819528721344e+00
1.000376602486073185e+00
1.000377385443425027e+00
1.000378168400776868e+00
1.000378951358127377e+00
1.000379734315479219e+00
1.000380517272831060e+00
1.000381300230182902e+00
1.000382083187533411e+00
1.000382866144885252e+00
1.000383649102237094e+00
1.000384432059588935e+00
1.000385215016939444e+00
1.000385997974291286e+00
1.000386780931643127e+00
1.000387563888994968e+00
1.000388346846345478e+00
1.000389129803697319e+00
1.000389912761049160e+00
1.000390695718401002e+00
1.000391478675751511e+00
1.000392261633103352e+00
1.000393044590455194e+00
1.000393827547807035e+00
1.000394610505157544e+00
1.000395393462509386e+00
1.000396176419861227e+00
1.000396959377212847e+00
1.000397742334563578e+00
1.000398525291915419e+00
1.000399308249267261e+00
1.000400091206618880e+00
1.000400874163969611e+00
1.000401657121321453e+00
1.000402440078673072e+00
1.000403223036024913e+00
1.000404005993375645e+00
1.000404788950727486e+00
1.000405571908079105e+00
1.000406354865430947e+00
1.000407137822781678e+00
1.000407920780133519e+00
1.000408703737485139e+00
1.000409486694836980e+00
1.000410269652187711e+00
1.000411052609539331e+00
1.000411835566891172e+00
1.000412618524243014e+00
1.000413401481593745e+00
1.000414184438945364e+00
1.000414967396297206e+00
1.000415750353649047e+00
1.000416533310999778e+00
1.000417316268351398e+00
1.000418099225703239e+00
1.000418882183055080e+00
1.000419665140405590e+00
1.000420448097757431e+00
1.000421231055109272e+00
1.000422014012461114e+00
1.000422796969811623e+00
1.000423579927163464e+00
1.000424362884515306e+00
1.000425145841867147e+00
1.000425928799217656e+00
1.000426711756569498e+00
1.000427494713921339e+00
1.000428277671273181e+00
1.000429060628623690e+00
1.000429843585975531e+00
1.000430626543327373e+00
1.000431409500679214e+00
1.000432192458029723e+00
1.000432975415381565e+00
1.000433758372733406e+00
1.000434541330085247e+00
1.000435324287435757e+00
1.000436107244787598e+00
1.000436890202139439e+00
1.000437673159491281e+00
1.000438456116841790e+00
1.000439239074193631e+00
1.000440022031545473e+00
1.000440804988897314e+00
1.000441587946247823e+00
1.000442370903599665e+00
1.000443153860951506e+00
1.000443936818303348e+00
1.000444719775653857e+00
1.000445502733005698e+00
1.000446285690357540e+00
1.000447068647709381e+00
1.000447851605059890e+00
1.000448634562411732e+00
1.000449417519763573e+00
1.000450200477115414e+00
1.000450983434465924e+00
1.000451766391817765e+00
1.000452549349169606e+00
1.000453332306521448e+00
1.000454115263871957e+00
1.000454898221223798e+00
1.000455681178575640e+00
1.000456464135927259e+00
1.000457247093277990e+00
1.000458030050629832e+00
1.000458813007981673e+00
1.000459595965333293e+00
1.000460378922684024e+00
1.000461161880035865e+00
1.000461944837387485e+00
1.000462727794739326e+00
1.000463510752090057e+00
1.000464293709441899e+00
1.000465076666793518e+00
1.000465859624144249e+00
1.000466642581496091e+00
1.000467425538847932e+00
1.000468208496199551e+00
1.000468991453550283e+00
1.000469774410902124e+00
1.000470557368253743e+00
1.000471340325605585e+00
1.000472123282956316e+00
1.000472906240308157e+00
1.000473689197659777e+00
1.000474472155011618e+00
1.000475255112362349e+00
1.000476038069714191e+00
1.000476821027065810e+00
1.000477603984417652e+00
1.000478386941768383e+00
1.000479169899120002e+00
1.000479952856471844e+00
1.000480735813823685e+00
1.000481518771174416e+00
1.000482301728526036e+00
1.000483084685877877e+00
1.000483867643229718e+00
1.000484650600580228e+00
1.000485433557932069e+00
1.000486216515283910e+00
1.000486999472635752e+00
1.000487782429986261e+00
1.000488565387338102e+00
1.000489348344689944e+00
1.000490131302041785e+00
1.000490914259392294e+00
1.000491697216744136e+00
1.000492480174095977e+00
1.000493263131447819e+00
1.000494046088798328e+00
1.000494829046150169e+00
1.000495612003502011e+00
1.000496394960853852e+00
1.000497177918204361e+00
1.000497960875556203e+00
1.000498743832908044e+00
1.000499526790259885e+00
1.000500309747610395e+00
1.000501092704962236e+00
1.000501875662314077e+00
1.000502658619665919e+00
1.000503441577016428e+00
1.000504224534368269e+00
1.000505007491720111e+00
1.000505790449071952e+00
1.000506573406422461e+00
1.000507356363774303e+00
1.000508139321126144e+00
1.000508922278477986e+00
1.000509705235828495e+00
1.000510488193180336e+00
1.000511271150532178e+00
1.000512054107884019e+00
1.000512837065234528e+00
1.000513620022586370e+00
1.000514402979938211e+00
1.000515185937290052e+00
1.000515968894640562e+00
1.000516751851992403e+00
1.000517534809344244e+00
1.000518317766696086e+00
1.000519100724046595e+00
1.000519883681398436e+00
1.000520666638750278e+00
1.000521449596101897e+00
1.000522232553452628e+00
1.000523015510804470e+00
1.000523798468156311e+00
1.000524581425507931e+00
1.000525364382858662e+00
1.000526147340210503e+00
1.000526930297562345e+00
1.000527713254913964e+00
1.000528496212264695e+00
1.000529279169616537e+00
1.000530062126968156e+00
1.000530845084319997e+00
1.000531628041670729e+00
1.000532410999022570e+00
1.000533193956374189e+00
1.000533976913726031e+00
1.000534759871076762e+00
1.000535542828428603e+00
1.000536325785780223e+00
1.000537108743132064e+00
1.000537891700482795e+00
1.000538674657834415e+00
1.000539457615186256e+00
1.000540240572538098e+00
1.000541023529888829e+00
1.000541806487240448e+00
1.000542589444592290e+00
1.000543372401944131e+00
1.000544155359294640e+00
1.000544938316646482e+00
1.000545721273998323e+00
1.000546504231350164e+00
1.000547287188700674e+00
1.000548070146052515e+00
1.000548853103404356e+00
1.000549636060756198e+00
1.000550419018106707e+00
1.000551201975458548e+00
1.000551984932810390e+00
1.000552767890162231e+00
1.000553550847512740e+00
1.000554333804864582e+00
1.000555116762216423e+00
1.000555899719568265e+00
1.000556682676918774e+00
1.000557465634270615e+00
1.000558248591622457e+00
1.000559031548974298e+00
1.000559814506324807e+00
1.000560597463676649e+00
1.000561380421028490e+00
1.000562163378380331e+00
1.000562946335730841e+00
1.000563729293082682e+00
1.000564512250434523e+00
1.000565295207786365e+00
1.000566078165136874e+00
1.000566861122488715e+00
1.000567644079840557e+00
1.000568427037192398e+00
1.000569209994542907e+00
1.000569992951894749e+00
1.000570775909246590e+00
1.000571558866598432e+00
1.000572341823948941e+00
1.000573124781300782e+00
1.000573907738652624e+00
1.000574690696004465e+00
1.000575473653354974e+00
1.000576256610706816e+00
1.000577039568058657e+00
1.000577822525410498e+00
1.000578605482761008e+00
1.000579388440112849e+00
1.000580171397464690e+00
1.000580954354816310e+00
1.000581737312167041e+00
1.000582520269518882e+00
1.000583303226870724e+00
1.000584086184222343e+00
1.000584869141573074e+00
1.000585652098924916e+00
1.000586435056276757e+00
1.000587218013628377e+00
1.000588000970979108e+00
1.000588783928330949e+00
1.000589566885682569e+00
1.000590349843034410e+00
1.000591132800385141e+00
1.000591915757736983e+00
1.000592698715088602e+00
1.000593481672440443e+00
1.000594264629791175e+00
1.000595047587143016e+00
1.000595830544494635e+00
1.000596613501846477e+00
1.000597396459197208e+00
1.000598179416548827e+00
1.000598962373900669e+00
1.000599745331252510e+00
1.000600528288603241e+00
1.000601311245954861e+00
1.000602094203306702e+00
1.000602877160658544e+00
1.000603660118009053e+00
1.000604443075360894e+00
1.000605226032712736e+00
1.000606008990064577e+00
1.000606791947415086e+00
1.000607574904766928e+00
1.000608357862118769e+00
1.000609140819470610e+00
1.000609923776821120e+00
1.000610706734172961e+00
1.000611489691524802e+00
1.000612272648876644e+00
1.000613055606227153e+00
1.000613838563578994e+00
1.000614621520930836e+00
1.000615404478282677e+00
1.000616187435633186e+00
1.000616970392985028e+00
1.000617753350336869e+00
1.000618536307688711e+00
1.000619319265039220e+00
1.000620102222391061e+00
1.000620885179742903e+00
1.000621668137093412e+00
1.000622451094445253e+00
1.000623234051797095e+00
1.000624017009148936e+00
1.000624799966499445e+00
1.000625582923851287e+00
1.000626365881203128e+00
1.000627148838554970e+00
1.000627931795905479e+00
1.000628714753257320e+00
1.000629497710609161e+00
1.000630280667961003e+00
1.000631063625311512e+00
1.000631846582663353e+00
1.000632629540015195e+00
1.000633412497367036e+00
1.000634195454717545e+00
1.000634978412069387e+00
1.000635761369421228e+00
1.000636544326773070e+00
1.000637327284123579e+00
1.000638110241475420e+00
1.000638893198827262e+00
1.000639676156179103e+00
1.000640459113529612e+00
1.000641242070881454e+00
1.000642025028233295e+00
1.000642807985585137e+00
1.000643590942935646e+00
1.000644373900287487e+00
1.000645156857639329e+00
1.000645939814991170e+00
1.000646722772341679e+00
1.000647505729693520e+00
1.000648288687045362e+00
1.000649071644396981e+00
1.000649854601747712e+00
1.000650637559099554e+00
1.000651420516451395e+00
1.000652203473803015e+00
1.000652986431153746e+00
1.000653769388505587e+00
1.000654552345857429e+00
1.000655335303209048e+00
1.000656118260559779e+00
1.000656901217911621e+00
1.000657684175263240e+00
1.000658467132615081e+00
1.000659250089965813e+00
1.000660033047317654e+00
1.000660816004669273e+00
1.000661598962021115e+00
1.000662381919371846e+00
1.000663164876723688e+00
1.000663947834075307e+00
1.000664730791427148e+00
1.000665513748777879e+00
1.000666296706129499e+00
1.000667079663481340e+00
1.000667862620833182e+00
1.000668645578183913e+00
1.000669428535535532e+00
1.000670211492887374e+00
1.000670994450239215e+00
1.000671777407589724e+00
1.000672560364941566e+00
1.000673343322293407e+00
1.000674126279645249e+00
1.000683875855191918e+00
1.000699293603324547e+00
1.000714711351455843e+00
1.000730129099588472e+00
1.000745546847719769e+00
1.000760964595852398e+00
1.000776382343983695e+00
1.000791800092116324e+00
1.000807217840247842e+00
1.000822635588380249e+00
1.000838053336511768e+00
1.000853471084644397e+00
1.000868888832775694e+00
1.000884306580908323e+00
1.000899724329039620e+00
1.000915142077172248e+00
1.000930559825303545e+00
1.000945977573436174e+00
1.000961395321567471e+00
1.000976813069700100e+00
1.000992230817832729e+00
1.001007648565964026e+00
1.001023066314096654e+00
1.001038484062227951e+00
1.001053901810360580e+00
1.001069319558491877e+00
1.001084737306624506e+00
1.001100155054756025e+00
1.001115572802888432e+00
1.001130990551019950e+00
1.001146408299152357e+00
1.001161826047283876e+00
1.001177243795416505e+00
1.001192661543547802e+00
1.001208079291680431e+00
1.001223497039811727e+00
1.001238914787944356e+00
1.001254332536075653e+00
1.001269750284208282e+00
1.001285168032339579e+00
1.001300585780472208e+00
1.001316003528604837e+00
1.001331421276736133e+00
1.001346839024868762e+00
1.001371934058572055e+00
1.001398285997907589e+00
1.001424637937242901e+00
1.001450989876579767e+00
1.001477341815915079e+00
1.001503693755250612e+00
1.001530045694586146e+00
1.001556397633922790e+00
1.001582749573258324e+00
1.001609101512593636e+00
1.001635453451929170e+00
1.001661805391265814e+00
1.001688157330601348e+00
1.001714509269936881e+00
1.001740861209273525e+00
1.001767213148609059e+00
1.001793565087944371e+00
1.001819917027279905e+00
1.001846268966616549e+00
1.001872620905952083e+00
1.001898972845287616e+00
1.001925324784622928e+00
1.001951676723959572e+00
1.001978028663295106e+00
1.002004380602630640e+00
1.002034018964928830e+00
1.002071153751195709e+00
1.002108288537462588e+00
1.002145423323728135e+00
1.002182558109995014e+00
1.002219692896261671e+00
1.002256827682528550e+00
1.002293962468795430e+00
1.002331097255062309e+00
1.002368232041327856e+00
1.002405366827594735e+00
1.002442501613861392e+00
1.002479636400128271e+00
1.002516771186395150e+00
1.002553905972662029e+00
1.002591040758927576e+00
1.002628175545194456e+00
1.002665310331461113e+00
1.002704115936051910e+00
1.002751982961897159e+00
1.002799849987741299e+00
1.002847717013586548e+00
1.002895584039431798e+00
1.002943451065277047e+00
1.002991318091121187e+00
1.003039185116966436e+00
1.003087052142811686e+00
1.003134919168655825e+00
1.003182786194501075e+00
1.003230653220346325e+00
1.003278520246191574e+00
1.003326387272035713e+00
1.003375095047514654e+00
1.003433669654284710e+00
1.003492244261054767e+00
1.003550818867824823e+00
1.003609393474594880e+00
1.003667968081364936e+00
1.003726542688134771e+00
1.003785117294904827e+00
1.003843691901674884e+00
1.003902266508446051e+00
1.003960841115216107e+00
1.004019415721986164e+00
1.004084159578326751e+00
1.004153426974486951e+00
1.004222694370648039e+00
1.004291961766808017e+00
1.004361229162969327e+00
1.004430496559129304e+00
1.004499763955289282e+00
1.004569031351450592e+00
1.004638298747610570e+00
1.004707566143771880e+00
1.004785943484123534e+00
1.004865893281751354e+00
1.004945843079378953e+00
1.005025792877005442e+00
1.005105742674633262e+00
1.005185692472260861e+00
1.005265642269888682e+00
1.005345592067516280e+00
1.005430127477281887e+00
1.005520751650085920e+00
1.005611375822891063e+00
1.005701999995696205e+00
1.005792624168501348e+00
1.005883248341305380e+00
1.005973872514110523e+00
1.006064496686915666e+00
1.006737663747213851e+00
1.007410697144758727e+00
1.008083596791828906e+00
1.008756362385481831e+00
1.009428993954757381e+00
1.010101491264154605e+00
1.010773854107596126e+00
1.011446082346251218e+00
1.012118175845527546e+00
1.012790134454333968e+00
1.013461958025283938e+00
1.014133646409703937e+00
1.014805199455758755e+00
1.015476617008092663e+00
1.016147898913654535e+00
1.016819045020581180e+00
1.017490055176809571e+00
1.018160929229925404e+00
1.018831667027515264e+00
1.019502268417097346e+00
1.020172733246137886e+00
1.020843061362159521e+00
1.021513252612687550e+00
1.022183306845011908e+00
1.022853223905501929e+00
1.023523003641066520e+00
1.024192645898699183e+00
1.024862150525346349e+00
1.025531517367094025e+00
1.026200746270205633e+00
1.026869837081185510e+00
1.027538789646538220e+00
1.028207603811846393e+00
1.028876279422232809e+00
1.029544816323719747e+00
1.030213214362332153e+00
1.030881473384093638e+00
1.031549593235032036e+00
1.032217573761170515e+00
1.032885414808404345e+00
1.033553116219892543e+00
1.034220677839769786e+00
1.034888099513103787e+00
1.035555381084963145e+00
1.036222522400416679e+00
1.036889523304531879e+00
1.037556383642380009e+00
1.038223103258425262e+00
1.038889681994541458e+00
1.039556119694534209e+00
1.040222416202540190e+00
1.040888571362692305e+00
1.041554585019124790e+00
1.042220457015970769e+00
1.042886187197366477e+00
1.043551775405986870e+00
1.044217221483045854e+00
1.044882525271712437e+00
1.045547686615184046e+00
1.046212705356662775e+00
1.046877581339346719e+00
1.047542314406435304e+00
1.048206904401037587e+00
1.048871351162229404e+00
1.049535654530307172e+00
1.050199814347562155e+00
1.050863830456284065e+00
1.051527702698766609e+00
1.052191430917299719e+00
1.052855014954174218e+00
1.053518454651681591e+00
1.054181749852111771e+00
1.054844900397758023e+00
1.055507906130910500e+00
1.056170766893860469e+00
1.056833482528897417e+00
1.057496052874036696e+00
1.058158477762929817e+00
1.058820757035982885e+00
1.059482890533746113e+00
1.060144878096772603e+00
1.060806719565612344e+00
1.061468414780816660e+00
1.062129963582935988e+00
1.062791365812520539e+00
1.063452621310124080e+00
1.064113729916295492e+00
1.064774691471586765e+00
1.065435505816547224e+00
1.066096172790213625e+00
1.066756692223806979e+00
1.067417063954872125e+00
1.068077287822265298e+00
1.068737363664845619e+00
1.069397291321468657e+00
1.070057070630991758e+00
1.070716701432271600e+00
1.071376183564164197e+00
1.072035516865528892e+00
1.072694701175221477e+00
1.073353736332099073e+00
1.074012622175017029e+00
1.074671358383419983e+00
1.075329945149964495e+00
1.075988382096296325e+00
1.076646669061056105e+00
1.077304805882760119e+00
1.077962792399793202e+00
1.078620628450413399e+00
1.079278313872751083e+00
1.079935848504806950e+00
1.080593232184458241e+00
1.081250464749450080e+00
1.081907546037401247e+00
1.082564475885801070e+00
1.083221254132014533e+00
1.083877880610139677e+00
1.084534355151117069e+00
1.085190677590438524e+00
1.085846847763491718e+00
1.086502865505464488e+00
1.087158730651349048e+00
1.087814443035941103e+00
1.088470002493838296e+00
1.089125408859445754e+00
1.089780661966967656e+00
1.090435761650413893e+00
1.091090707743595178e+00
1.091745500080129938e+00
1.092400138493436756e+00
1.093054622816737931e+00
1.093708952883058583e+00
1.094363128525230655e+00
1.095017149575885362e+00
1.095671015867459630e+00
1.096324727234013308e+00
1.096978283510919194e+00
1.097631684530830487e+00
1.098284930126203429e+00
1.098938020129336390e+00
1.099590954372368534e+00
1.100243732687282483e+00
1.100896354905899432e+00
1.101548820859883149e+00
1.102201130380736638e+00
1.102853283299808140e+00
1.103505279448283583e+00
1.104157118657191239e+00
1.104808800757400400e+00
1.105460325579620262e+00
1.106111692954405257e+00
1.106762902712147056e+00
1.107413954683080126e+00
1.108064848697278615e+00
1.108715584585928671e+00
1.109366162180941862e+00
1.110016581312441630e+00
1.110666841810401095e+00
1.111316943504662813e+00
1.111966886224932782e+00
1.112616669800783331e+00
1.113266294061653783e+00
1.113915758836848013e+00
1.114565063955540225e+00
1.115214209246766508e+00
1.115863194539430614e+00
1.116512019662301736e+00
1.117160684444018059e+00
1.117809188713080992e+00
1.118457532297859158e+00
1.119105715026585957e+00
1.119753736727364446e+00
1.120401597228161128e+00
1.121049296356383840e+00
1.121696833939060278e+00
1.122344209803593396e+00
1.122991423777243147e+00
1.123638475687129601e+00
1.124285365360230715e+00
1.124932092623381008e+00
1.125578657303277996e+00
1.126225059226473091e+00
1.126871298219376705e+00
1.127517374108257142e+00
1.128163286719244152e+00
1.128809035878321820e+00
1.129454621411334347e+00
1.130100043143983823e+00
1.130745300901829120e+00
1.131390394510290998e+00
1.132035323794645221e+00
1.132680088580026334e+00
1.133324688691335069e+00
1.133969123953290747e+00
1.134613394190568281e+00
1.135257499227700029e+00
1.135901438889074688e+00
1.136545212998940624e+00
1.137188821381398984e+00
1.137832263860409254e+00
1.138475540259785923e+00
1.139118650403203592e+00
1.139761594114190757e+00
1.140404371216132029e+00
1.141046981532270133e+00
1.141689424885702797e+00
1.142331701099387642e+00
1.142973809996135071e+00
1.143615751398614044e+00
1.144257525129348529e+00
1.144899131010722160e+00
1.145540568864636732e+00
1.146181838512761564e+00
1.146822939776979133e+00
1.147463872479025593e+00
1.148104636440495208e+00
1.148745231482833473e+00
1.149385657427341112e+00
1.150025914095173185e+00
1.150666001307341757e+00
1.151305918884710344e+00
1.151945666647998356e+00
1.152585244417778210e+00
1.153224652014480656e+00
1.153863889258387232e+00
1.154502955969635591e+00
1.155141851968216393e+00
1.155780577073977966e+00
1.156419131106620757e+00
1.157057513885699995e+00
1.157695725230625916e+00
1.158333764960661760e+00
1.158971632894928883e+00
1.159609328852400090e+00
1.160246852651903637e+00
1.160884204112120788e+00
1.161521383051591361e+00
1.162158389288705962e+00
1.162795222641711090e+00
1.163431882928706251e+00
1.164068369967649508e+00
1.164704683576349487e+00
1.165340823572466267e+00
1.165976789772323885e+00
1.166612581992203745e+00
1.167248200049131324e+00
1.167883643759976886e+00
1.168518912941460153e+00
1.169154007410148521e+00
1.169788926982461064e+00
1.170423671474661642e+00
1.171058240702863795e+00
1.171692634483028073e+00
1.172326852630967586e+00
1.172960894962339573e+00
1.173594761292651389e+00
1.174228451437258514e+00
1.174861965211363879e+00
1.175495302430021871e+00
1.176128462908132555e+00
1.176761446460445004e+00
1.177394252901555749e+00
1.178026882045912993e+00
1.178659333707810175e+00
1.179291607701389966e+00
1.179923703840644045e+00
1.180555621939410438e+00
1.181187361811379954e+00
1.181818923270087529e+00
1.182450306128918438e+00
1.183081510201104969e+00
1.183712535299730417e+00
1.184343381237724646e+00
1.184974047827865418e+00
1.185604534882752636e+00
1.186234842213425678e+00
1.186864969631230338e+00
1.187494916948121704e+00
1.188124683975894991e+00
1.188754270526191537e+00
1.189383676410490587e+00
1.190012901440114623e+00
1.190641945426228254e+00
1.191270808179836882e+00
1.191899489511790700e+00
1.192527989232779140e+00
1.193156307153334428e+00
1.193784443083829361e+00
1.194412396834482637e+00
1.195040168215350862e+00
1.195667757036333878e+00
1.196295163107172543e+00
1.196922386237453173e+00
1.197549426236599990e+00
1.198176282913880897e+00
1.198802956078405257e+00
1.199429445539123673e+00
1.200055751104831758e+00
1.200681872584163923e+00
1.201307809785597591e+00
1.201933562517450538e+00
1.202559130587886438e+00
1.203184513804907319e+00
1.203809711976358221e+00
1.204434724909924981e+00
1.205059552413138668e+00
1.205684194293295652e+00
1.206308650355919942e+00
1.206932920407188137e+00
1.207557004253762001e+00
1.208180901702141652e+00
1.208804612558658453e+00
1.209428136629480566e+00
1.210051473720609394e+00
1.210674623637884917e+00
1.211297586186979025e+00
1.211920361173399296e+00
1.212542948402487220e+00
1.213165347679422634e+00
1.213787558809217293e+00
1.214409581596718857e+00
1.215031415846609786e+00
1.215653061363406895e+00
1.216274517951464684e+00
1.216895785414970010e+00
1.217516863557945195e+00
1.218137752184246692e+00
1.218758451097569306e+00
1.219378960101439535e+00
1.219999278999220005e+00
1.220619407594106809e+00
1.221239345689134836e+00
1.221859093087170667e+00
1.222478649590916344e+00
1.223098015002909600e+00
1.223717189125521632e+00
1.224336171760961989e+00
1.224954962711272133e+00
1.225573561840918035e+00
1.226191968814815958e+00
1.226810183506928498e+00
1.227428205718269050e+00
1.228046035249687584e+00
1.228663671901865762e+00
1.229281115475323816e+00
1.229898365770411894e+00
1.230515422587314278e+00
1.231132285726048936e+00
1.231748954986465749e+00
1.232365430168250509e+00
1.232981711070918251e+00
1.233597797493816817e+00
1.234213689236125955e+00
1.234829386096860215e+00
1.235444887874861619e+00
1.236060194368805210e+00
1.236675305377196388e+00
1.237290220698373799e+00
1.237904940130503784e+00
1.238519463471584370e+00
1.239133790519443057e+00
1.239747921071736814e+00
1.240361854925954965e+00
1.240975591879413198e+00
1.241589131729257112e+00
1.242202474272460888e+00
1.242815619305829733e+00
1.243428566625994325e+00
1.244041316029414590e+00
1.244653867312377482e+00
1.245266220270750290e+00
1.245878374698422109e+00
1.246490330390510159e+00
1.247102087142354376e+00
1.247713644749111728e+00
1.248325003005757772e+00
1.248936161707081105e+00
1.249547120647687137e+00
1.250157879621994317e+00
1.250768438424240125e+00
1.251378796848472197e+00
1.251988954688553868e+00
1.252598911738160625e+00
1.253208667790783659e+00
1.253818222639724311e+00
1.254427576078097406e+00
1.255036727898828808e+00
1.255645677894655643e+00
1.256254425858128965e+00
1.256862971581607091e+00
1.257471314857259825e+00
1.258079455477066233e+00
1.258687393232817309e+00
1.259295127916110424e+00
1.259902659318352658e+00
1.260509987230757911e+00
1.261117111444351346e+00
1.261724031749962949e+00
1.262330747938229747e+00
1.262937259799596701e+00
1.263543567124312705e+00
1.264149669702436807e+00
1.264755567323829544e+00
1.265361259778158054e+00
1.265966746854892966e+00
1.266572028343312173e+00
1.267177104032494617e+00
1.267781973711323396e+00
1.268386637168483766e+00
1.268991094192466917e+00
1.269595344571557094e+00
1.270199388093663728e+00
1.270803224546577903e+00
1.271406853717968133e+00
1.272010275395305978e+00
1.272613489365859385e+00
1.273216495416695793e+00
1.273819293334680358e+00
1.274421882906479064e+00
1.275024263918552725e+00
1.275626436157159649e+00
1.276228399408354530e+00
1.276830153457991113e+00
1.277431698091716195e+00
1.278033033094972737e+00
1.278634158252998976e+00
1.279235073350826868e+00
1.279835778173285643e+00
1.280436272504995143e+00
1.281036556130369597e+00
1.281636628833615177e+00
1.282236490398734219e+00
1.282836140609517450e+00
1.283435579249548875e+00
1.284034806102202220e+00
1.284633820950645822e+00
1.285232623577834854e+00
1.285831213766515990e+00
1.286429591299225628e+00
1.287027755958287889e+00
1.287625707525819063e+00
1.288223445783720944e+00
1.288820970513684161e+00
1.289418281497185736e+00
1.290015378515492861e+00
1.290612261349657341e+00
1.291208929780516712e+00
1.291805383588694900e+00
1.292401622554603335e+00
1.292997646458435845e+00
1.293593455080172427e+00
1.294189048200367953e+00
1.294784425599486033e+00
1.295379587057011284e+00
1.295974532352214048e+00
1.296569261264154393e+00
1.297163773571679224e+00
1.297758069053427166e+00
1.298352147487821240e+00
1.298946008653072637e+00
1.299539652327178718e+00
1.300133078287926791e+00
1.300726286312887670e+00
1.301319276179418560e+00
1.301912047664663064e+00
1.302504600545548952e+00
1.303096934598792833e+00
1.303689049600891936e+00
1.304280945328129881e+00
1.304872621556572687e+00
1.305464078062074318e+00
1.306055314620268470e+00
1.306646331006573014e+00
1.307237126996187992e+00
1.307827702364099176e+00
1.308418056885071179e+00
1.309008190333651678e+00
1.309598102484169857e+00
1.310187793110735521e+00
1.310777261987242204e+00
1.311366508887361171e+00
1.311955533584544975e+00
1.312544335852025013e+00
1.313132915462815520e+00
1.313721272189707134e+00
1.314309405805270448e+00
1.314897316081853784e+00
1.315485002791587199e+00
1.316072465706374928e+00
1.316659704597901159e+00
1.317246719237626706e+00
1.317833509396589609e+00
1.318420074845319201e+00
1.319006415354525119e+00
1.319592530694709609e+00
1.320178420636146432e+00
1.320764084948886197e+00
1.321349523402748805e+00
1.321934735767327007e+00
1.322519721811984850e+00
1.323104481305860558e+00
1.323689014017860544e+00
1.324273319716663178e+00
1.324857398170715683e+00
1.325441249148239020e+00
1.326024872417220557e+00
1.326608267745418068e+00
1.327191434900357514e+00
1.327774373649333706e+00
1.328357083759411861e+00
1.328939564997422274e+00
1.329521817129963868e+00
1.330103839923401310e+00
1.330685633143869895e+00
1.331267196557267329e+00
1.331848529929259062e+00
1.332429633025276061e+00
1.333010505610513707e+00
1.333591147449935344e+00
1.334171558308265615e+00
1.334751737949994688e+00
1.335331686139376028e+00
1.335911402640429291e+00
1.336490887216933876e+00
1.337070139632433818e+00
1.337649159650233788e+00
1.338227947033404641e+00
1.338806501544774763e+00
1.339384822946935616e+00
1.339962911002238632e+00
1.340540765472798990e+00
1.341118386120378592e+00
1.341695772706032797e+00
1.342272924991011918e+00
1.342849842736394850e+00
1.343426525703020458e+00
1.344002973651479582e+00
1.344579186342119259e+00
1.345155163535040721e+00
1.345730904990102728e+00
1.346306410466914238e+00
1.346881679724839964e+00
1.347456712522997035e+00
1.348031508620254559e+00
1.348606067775237172e+00
1.349180389746318376e+00
1.349754474291624540e+00
1.350328321169031787e+00
1.350901930136169993e+00
1.351475300950417235e+00
1.352048433368901570e+00
1.352621327148500141e+00
1.353193982045841848e+00
1.353766397817301792e+00
1.354338574219004387e+00
1.354910511006820917e+00
1.355482207936372641e+00
1.356053664763025912e+00
1.356624881241893954e+00
1.357195857127836858e+00
1.357766592175459586e+00
1.358337086139115080e+00
1.358907338772898932e+00
1.359477349830652715e+00
1.360047119065960208e+00
1.360616646232153171e+00
1.361185931082303124e+00
1.361754973369226018e+00
1.362323772845480230e+00
1.362892329263365898e+00
1.363460642374927367e+00
1.364028711924553772e+00
1.364596537678859356e+00
1.365164119380324115e+00
1.365731456779883723e+00
1.366298549628207626e+00
1.366865397675700811e+00
1.367432000672501591e+00
1.367998358368486489e+00
1.368564470513262465e+00
1.369130336856171359e+00
1.369695957146286558e+00
1.370261331132417881e+00
1.370826458563103811e+00
1.371391339186615710e+00
1.371955972750956709e+00
1.372520359003859935e+00
1.373084497692791617e+00
1.373648388564945977e+00
1.374212031367247011e+00
1.374775425846347821e+00
1.375338571748632832e+00
1.375901468820212470e+00
1.376464116806925375e+00
1.377026515454338629e+00
1.377588664507745086e+00
1.378150563712167154e+00
1.378712212812350790e+00
1.379273611552768619e+00
1.379834759677617928e+00
1.380395656930823556e+00
1.380956303056032120e+00
1.381516697796615345e+00
1.382076840895667624e+00
1.382636732096009125e+00
1.383196371140180236e+00
1.383755757770444683e+00
1.384314891728786190e+00
1.384873772756914034e+00
1.385432400596254610e+00
1.385990774987956309e+00
1.386548895672881754e+00
1.387106762390927672e+00
1.387664374881858453e+00
1.388221732885593473e+00
1.388778836141766115e+00
1.389335684389722658e+00
1.389892277368524054e+00
1.390448614816941042e+00
1.391004696473456370e+00
1.391560522076263462e+00
1.392116091363265085e+00
1.392671404072076680e+00
1.393226459940019701e+00
1.393781258704124948e+00
1.394335800101130340e+00
1.394890083867484032e+00
1.395444109739337524e+00
1.395997877452549885e+00
1.396551386742684420e+00
1.397104637345012446e+00
1.397657628994506407e+00
1.398210361425843651e+00
1.398762834373403319e+00
1.399315047571270121e+00
1.399867000753228119e+00
1.400418693652762947e+00
1.400970126003060923e+00
1.401521297537007937e+00
1.402072207987191454e+00
1.402622857085895403e+00
1.403173244565102173e+00
1.403723370156491290e+00
1.404273233591442072e+00
1.404822834601026527e+00
1.405372172916013795e+00
1.405921248266867707e+00
1.406470060383745446e+00
1.407018608996500664e+00
1.407566893834677701e+00
1.408114914627513814e+00
1.408662671103936725e+00
1.409210162992568627e+00
1.409757390021718848e+00
1.410304351919388077e+00
1.410851048413264364e+00
1.411397479230727114e+00
1.411943644098841544e+00
1.412489542744360005e+00
1.413035174893694901e+00
1.413580540272444841e+00
1.414125638606159585e+00
1.414670469620264548e+00
1.415215033039866954e+00
1.415759328589751620e+00
1.416303355994386282e+00
1.416847114977914712e+00
1.417390605264158498e+00
1.417933826576615930e+00
1.418476778638463998e+00
1.419019461172552399e+00
1.419561873901406868e+00
1.420104016547226511e+00
1.420645888831882697e+00
1.421187490476922388e+00
1.421728821203560811e+00
1.422269880732685010e+00
1.422810668784851185e+00
1.423351185080287573e+00
1.423891429338888015e+00
1.424431401280214615e+00
1.424971100623495746e+00
1.425510527087628265e+00
1.426049680391171526e+00
1.426588560252350035e+00
1.427127166389051016e+00
1.427665498518827292e+00
1.428203556358890625e+00
1.428741339626114826e+00
1.429278848037034422e+00
1.429816081307841769e+00
1.430353039154390826e+00
1.430889721292190719e+00
1.431426127436407958e+00
1.431962257301864883e+00
1.432498110603041219e+00
1.433033687054068528e+00
1.433568986368732867e+00
1.434104008260472796e+00
1.434638752442377596e+00
1.435173218627191272e+00
1.435707406527303664e+00
1.436241315854755785e+00
1.436774946321235591e+00
1.437308297638081545e+00
1.437841369516275725e+00
1.438374161666447160e+00
1.438906673798908020e+00
1.439438905623914300e+00
1.439970856851134462e+00
1.440502527189811310e+00
1.441033916348830823e+00
1.441565024036723486e+00
1.442095849961657628e+00
1.442626393831444087e+00
1.443156655353532214e+00
1.443686634235009647e+00
1.444216330182604757e+00
1.444745742902679542e+00
1.445274872101233399e+00
1.445803717483899797e+00
1.446332278755949385e+00
1.446860555622283107e+00
1.447388547787435753e+00
1.447916254955573745e+00
1.448443676830492910e+00
1.448970813115622258e+00
1.449497663514016210e+00
1.450024227728359039e+00
1.450550505460960649e+00
1.451076496413759909e+00
1.451602200288318434e+00
1.452127616785823472e+00
1.452652745607083906e+00
1.453177586452535142e+00
1.453702139022230444e+00
1.454226403015845825e+00
1.454750378132674715e+00
1.455274064071633511e+00
1.455797460531253140e+00
1.456320567209682837e+00
1.456843383804687253e+00
1.457365910013646237e+00
1.457888145533555502e+00
1.458410090061022180e+00
1.458931743292266159e+00
1.459453104923117861e+00
1.459974174649020906e+00
1.460494952165025673e+00
1.461015437165791520e+00
1.461535629345586118e+00
1.462055528398281901e+00
1.462575134017360501e+00
1.463094445895904760e+00
1.463613463726602282e+00
1.464132187201660829e+00
1.464650616012605155e+00
1.465168749850846774e+00
1.465686588407433488e+00
1.466204131373009867e+00
1.466721378437818579e+00
1.467238329291694843e+00
1.467754983624067755e+00
1.468271341123959184e+00
1.468787401479984878e+00
1.469303164380348470e+00
1.469818629512844810e+00
1.470333796564855966e+00
1.470848665223351892e+00
1.471363235174890871e+00
1.471877506105614630e+00
1.472391477701249007e+00
1.472905149647103062e+00
1.473418521628070410e+00
1.473931593328623224e+00
1.474444364432814236e+00
1.474956834624274515e+00
1.475469003586215688e+00
1.475980871001423500e+00
1.476492436552259591e+00
1.477003699920661051e+00
1.477514660788137313e+00
1.478025318835772595e+00
1.478535673744220125e+00
1.479045725193703698e+00
1.479555472864015453e+00
1.480064916434518763e+00
1.480574055584140458e+00
1.481082889991373941e+00
1.481591419334276738e+00
1.482099643290472502e+00
1.482607561537144347e+00
1.483115173751037297e+00
1.483622479608457168e+00
1.484129478785267020e+00
1.484636170956890933e+00
1.485142555798306896e+00
1.485648632984048811e+00
1.486154402188205159e+00
1.486659863084418998e+00
1.487165015345883745e+00
1.487669858645343846e+00
1.488174392655093436e+00
1.488678617046729213e+00
1.489182531491000105e+00
1.489686135658738753e+00
1.490189429220344808e+00
1.490692411845757182e+00
1.491195083204456928e+00
1.491697442965460141e+00
1.492199490797320172e+00
1.492701226368125855e+00
1.493202649345501065e+00
1.493703759396600939e+00
1.494204556188112987e+00
1.494705039386253320e+00
1.495205208656770202e+00
1.495705063664936496e+00
1.496204604075552336e+00
1.496703829552943121e+00
1.497202739760956414e+00
1.497701334362965708e+00
1.498199613021862220e+00
1.498697575400057769e+00
1.499195221159481894e+00
1.499692549961583854e+00
1.500189561467326183e+00
1.500686255337186470e+00
1.501182631231154030e+00
1.501678688808733897e+00
1.502174427728937722e+00
1.502669847650287105e+00
1.503164948230811593e+00
1.503659729128046241e+00
1.504154189999033386e+00
1.504648330500316655e+00
1.505142150287942737e+00
1.505635649017457833e+00
1.506128826343910987e+00
1.506621681921845646e+00
1.507114215405303437e+00
1.507606426447820835e+00
1.508098314702429610e+00
1.508589879821653046e+00
1.509081121457504837e+00
1.509572039261489085e+00
1.510062632884597411e+00
1.510552901977310292e+00
1.511042846189592170e+00
1.511532465170891015e+00
1.512021758570137431e+00
1.512510726035238395e+00
1.512999367213324176e+00
1.513487681751651825e+00
1.513975669296954596e+00
1.514463329495437938e+00
1.514950661992774394e+00
1.515437666434104047e+00
1.515924342464033181e+00
1.516410689726633843e+00
1.516896707865438954e+00
1.517382396523442978e+00
1.517867755343100589e+00
1.518352783966322228e+00
1.518837482034478770e+00
1.519321849188392415e+00
1.519805885068339579e+00
1.520289589314046452e+00
1.520772961564693659e+00
1.521256001458905605e+00
1.521738708634754911e+00
1.522221082729759312e+00
1.522703123380878765e+00
1.523184830224517672e+00
1.523666202896517996e+00
1.524147241032160149e+00
1.524627944266161661e+00
1.525108312232677177e+00
1.525588344565291132e+00
1.526068040897022193e+00
1.526547400860317039e+00
1.527026424087053469e+00
1.527505110208533967e+00
1.527983458855486143e+00
1.528461469658059846e+00
1.528939142245830052e+00
1.529416476247787537e+00
1.529893471292342877e+00
1.530370127007323111e+00
1.530846443019969083e+00
1.531322418956936549e+00
1.531798054444289736e+00
1.532273349107504679e+00
1.532748302571462107e+00
1.533222914460452779e+00
1.533697184398168600e+00
1.534171112007704618e+00
1.534644696911556583e+00
1.535117938731612952e+00
1.535590837088186555e+00
1.536063391601130368e+00
1.536535601890370861e+00
1.537007467575217223e+00
1.537478988274365799e+00
1.537950163605890763e+00
1.538420993187246122e+00
1.538891476635262157e+00
1.539361613566147424e+00
1.539831403595480985e+00
1.540300846338213736e+00
1.540769941408665300e+00
1.541238688420524028e+00
1.541707086986842778e+00
1.542175136720036921e+00
1.542642837231883002e+00
1.543110188133517191e+00
1.543577189035433284e+00
1.544043839547479369e+00
1.544510139278856053e+00
1.544976087838114909e+00
1.545441684833158247e+00
1.545906929871232904e+00
1.546371822558931131e+00
1.546836362502188145e+00
1.547300549306277917e+00
1.547764382575816500e+00
1.548227861914752701e+00
1.548690986926370972e+00
1.549153757213286520e+00
1.549616172377447532e+00
1.550078232020126956e+00
1.550539935741924280e+00
1.551001283142762199e+00
1.551462273821886839e+00
1.551922907377860650e+00
1.552383183408564848e+00
1.552843101511193646e+00
1.553302661282257136e+00
1.553761862317573073e+00
1.554220704212267989e+00
1.554679186560775861e+00
1.555137308956831887e+00
1.555595070993476714e+00
1.556052472263047104e+00
1.556509512357178382e+00
1.556966190866799993e+00
1.557422507382070220e+00
1.557878461490899147e+00
1.558334052781254142e+00
1.558789280841010871e+00
1.559244145257319580e+00
1.559698645616604429e+00
1.560152781504556829e+00
1.560606552506137001e+00
1.561059958205568199e+00
1.561512998186337819e+00
1.561965672031191632e+00
1.562417979322132222e+00
1.562869919640416327e+00
1.563321492566554838e+00
1.563772697680305912e+00
1.564223534560674977e+00
1.564674002785911178e+00
1.565124101933506928e+00
1.565573831580192143e+00
1.566023191301933348e+00
1.566472180673931902e+00
1.566920799270617781e+00
1.567369046665654020e+00
1.567816922431924942e+00
1.568264426141540602e+00
1.568711557365829901e+00
1.569158315675342363e+00
1.569604700639840367e+00
1.570050711828299583e+00
1.570496348808905873e+00
1.570941611149050621e+00
1.571386498415332511e+00
1.571831010173549759e+00
1.572275145988699663e+00
1.572718905424975944e+00
1.573162288045767188e+00
1.573605293413651074e+00
1.574047921090393487e+00
1.574490170636944741e+00
1.574932041613440026e+00
1.575373533579192520e+00
1.575814646092691396e+00
1.576255378711600041e+00
1.576695730992755839e+00
1.577083798299117934e+00
1.577083798299117934e+00
1.577471865605480028e+00
1.577769688909501644e+00
1.578067826855452660e+00
1.578366279449554765e+00
1.578665046698196406e+00
1.578964128607935669e+00
1.579263525185499839e+00
1.579563236437782736e+00
1.579863262371846266e+00
1.580163602994919092e+00
1.580464258314397963e+00
1.580765228337844608e+00
1.581066513072987512e+00
1.581368112527529624e+00
1.581670026708274834e+00
1.581972255623322665e+00
1.582274799281185640e+00
1.582577657690535711e+00
1.582880830860205812e+00
1.583184318799186308e+00
1.583488121516627656e+00
1.583792239021837744e+00
1.584096671324284333e+00
1.584401418433592390e+00
1.584706480359543646e+00
1.585011857112078593e+00
1.585317548701293822e+00
1.585623555137442908e+00
1.585929876430935526e+00
1.586236512592337222e+00
1.586543463632370310e+00
1.586850729561911644e+00
1.587158310391993066e+00
1.587466206133802071e+00
1.587774416798679589e+00
1.588082942398121311e+00
1.588391782943776587e+00
1.588700938447448641e+00
1.589010408921093687e+00
1.589320194376820261e+00
1.589630294826889667e+00
1.589940710283716641e+00
1.590251440759866242e+00
1.590562486268056297e+00
1.590873846821154736e+00
1.591185522432182475e+00
1.591497513114309204e+00
1.591809818880855376e+00
1.592122439745291773e+00
1.592435375721239499e+00
1.592748626822467761e+00
1.593062193062895870e+00
1.593376074456591684e+00
1.593690271017770943e+00
1.594004782760798378e+00
1.594319609700186380e+00
1.594634751850593446e+00
1.594950209226828175e+00
1.595265981843842829e+00
1.595582069716738438e+00
1.595898472860761474e+00
1.596215191291304736e+00
1.596532225023492346e+00
1.596849574072116029e+00
1.597167238453069293e+00
1.597485218182423727e+00
1.597803513276392140e+00
1.598122123751328116e+00
1.598441049623726684e+00
1.598760290910221871e+00
1.599079847627586259e+00
1.599399719792735430e+00
1.599719907422720633e+00
1.600040410534734114e+00
1.600361229146106234e+00
1.600682363274306130e+00
1.601003812936941495e+00
1.601325578151756801e+00
1.601647658936634633e+00
1.601970055309596130e+00
1.602292767288798547e+00
1.602615794892535694e+00
1.602939138139237940e+00
1.603262797047473764e+00
1.603586771635945540e+00
1.603911061923492865e+00
1.604235667929089448e+00
1.604560589671846227e+00
1.604885827171007806e+00
1.605211380445953351e+00
1.605537249516197029e+00
1.605863434401387346e+00
1.606189935121307144e+00
1.606516751695871381e+00
1.606843884145129353e+00
1.607171332489264248e+00
1.607499096748590928e+00
1.607827176943557035e+00
1.608155573094743440e+00
1.608484285222862242e+00
1.608813313348757212e+00
1.609142657493404238e+00
1.609472317677909770e+00
1.609802293923512817e+00
1.610132586251580955e+00
1.610463194683613652e+00
1.610794119241240496e+00
1.611125359946220525e+00
1.611456916820442453e+00
1.611788789885924444e+00
1.612120979164811674e+00
1.612453484678737503e+00
1.612786306449675910e+00
1.613119444500242583e+00
1.613452898853180661e+00
1.613786669531356299e+00
1.614120756557761105e+00
1.614455159955510588e+00
1.614789879747846157e+00
1.615124915958131346e+00
1.615460268609854477e+00
1.615795937726627329e+00
1.616131923332185361e+00
1.616468225450386376e+00
1.616804844105212080e+00
1.617141779320766526e+00
1.617479031121275668e+00
1.617816599531088695e+00
1.618154484574676255e+00
1.618492686276629788e+00
1.618831204661664636e+00
1.619170039754615598e+00
1.619509191580438934e+00
1.619848660164212584e+00
1.620188445531134391e+00
1.620528547706522771e+00
1.620868966715816040e+00
1.621209702584573531e+00
1.621550755338473149e+00
1.621892125003313145e+00
1.622233811605010123e+00
1.622575815169601254e+00
1.622918135723240951e+00
1.623260773292203529e+00
1.623603727902880545e+00
1.623946999581783235e+00
1.624290588355539189e+00
1.624634494250894567e+00
1.624978717294712549e+00
1.625323257513974218e+00
1.625668114935777675e+00
1.626013289587336486e+00
1.626358781495982786e+00
1.626704590689163954e+00
1.627050717194443274e+00
1.627397161039500384e+00
1.627743922252130382e+00
1.628091000860244275e+00
1.628438396891867646e+00
1.628786110375076257e+00
1.629134141337456709e+00
1.629482489807256407e+00
1.629831155813027177e+00
1.630180139383432758e+00
1.630529440547248354e+00
1.630879059333360637e+00
1.631228995770767298e+00
1.631579249888576166e+00
1.631929821716007423e+00
1.632280711282391383e+00
1.632631918617167832e+00
1.632983443749887797e+00
1.633335286710211776e+00
1.633687447527910841e+00
1.634039926232864426e+00
1.634392722855061653e+00
1.634745837424602888e+00
1.635099269971694635e+00
1.635453020526653978e+00
1.635807089119906577e+00
1.636161475781986008e+00
1.636516180543534649e+00
1.636871203435301902e+00
1.637226544488147084e+00
1.637582203733035202e+00
1.637938181201039622e+00
1.638294476923340515e+00
1.638651090931226406e+00
1.639008023256091517e+00
1.639365273929437539e+00
1.639722842982871187e+00
1.640080730448108204e+00
1.640438936356968247e+00
1.640797460741377556e+00
1.641156303633367841e+00
1.641515465065077617e+00
1.641874945068749314e+00
1.642234743676731057e+00
1.642594860921476663e+00
1.642955296835543422e+00
1.643316051451594539e+00
1.643677124802396028e+00
1.644038516920819593e+00
1.644400227839840856e+00
1.644762257592538468e+00
1.645124606212094331e+00
1.645487273731795819e+00
1.645850260185031777e+00
1.646213565605121554e+00
1.646577190025138249e+00
1.646941133478794672e+00
1.647305395999943967e+00
1.647669977622542081e+00
1.648034878380643109e+00
1.648400098308403505e+00
1.648765637440077869e+00
1.649131495810020720e+00
1.649497673452686497e+00
1.649864170402629560e+00
1.650230986694502855e+00
1.650598122363057918e+00
1.650965577443145094e+00
1.651333351969715757e+00
1.651701445977816762e+00
1.652069859502595106e+00
1.652438592579295484e+00
1.652807645243261403e+00
1.653177017529932513e+00
1.653546709474848164e+00
1.653916721113643185e+00
1.654287052482052545e+00
1.654657703615905806e+00
1.655028674551130452e+00
1.655399965323752332e+00
1.655771575969891662e+00
1.656143506525766140e+00
1.656515757027690050e+00
1.656888327512074488e+00
1.657261218015425586e+00
1.657634428574345398e+00
1.658007959225531902e+00
1.658381810005779444e+00
1.658755980951976516e+00
1.659130472101107534e+00
1.659505283490251060e+00
1.659880415156582689e+00
1.660255867137370389e+00
1.660631639469977605e+00
1.661007732191862152e+00
1.661384145340576213e+00
1.661760878953766118e+00
1.662137933069171014e+00
1.662515307724625746e+00
1.662893002958056865e+00
1.663271018807485513e+00
1.663649355311025202e+00
1.664028012506881815e+00
1.664406990433082267e+00
1.664786289127742736e+00
1.665165908629389069e+00
1.665545848976641041e+00
1.665926110208207689e+00
1.666306692362888642e+00
1.666687595479573902e+00
1.667068819597245177e+00
1.667450364754973213e+00
1.667832230991918685e+00
1.668214418347331973e+00
1.668596926860554497e+00
1.668979756571016715e+00
1.669362907518237682e+00
1.669746379741826381e+00
1.670130173281481722e+00
1.670514288176990547e+00
1.670898724468228735e+00
1.671283482195160985e+00
1.671668561397841479e+00
1.672053962116411663e+00
1.672439684391101355e+00
1.672825728262229639e+00
1.673212093770202191e+00
1.673598780955513510e+00
1.673985789858745132e+00
1.674373120520566971e+00
1.674760772981735535e+00
1.675148747283095263e+00
1.675537043465576303e+00
1.675925661570198733e+00
1.676314601638066559e+00
1.676703863710371500e+00
1.677093447828391648e+00
1.677483354033492580e+00
1.677873582367124916e+00
1.678264132870824987e+00
1.678655005586216165e+00
1.679046200555007973e+00
1.679437717818994313e+00
1.679829557420054797e+00
1.680221719400155633e+00
1.680614203801347184e+00
1.681007010665764634e+00
1.681400140035629098e+00
1.681793591953245404e+00
1.682187366461004308e+00
1.682581463601380278e+00
1.682975883416965246e+00
1.683370625951019273e+00
1.683765691246446705e+00
1.684161079345993350e+00
1.684556790292492057e+00
1.684952824128861382e+00
1.685349180898104926e+00
1.685745860643311778e+00
1.686142863407656511e+00
1.686540189234399190e+00
1.686937838166884918e+00
1.687335810248542289e+00
1.687734105522885164e+00
1.688132724033512888e+00
1.688531665824107852e+00
1.688930930938436159e+00
1.689330519420348509e+00
1.689730431313779979e+00
1.690130666662748027e+00
1.690531225511352709e+00
1.690932107903779791e+00
1.691333313884295420e+00
1.691734843497250784e+00
1.692136696787077010e+00
1.692538873798290489e+00
1.692941374575488878e+00
1.693344199163350661e+00
1.693747347606637144e+00
1.694150819950192677e+00
1.694554616238941325e+00
1.694958736517889086e+00
1.695363180832123007e+00
1.695767949226812288e+00
1.696173041747205623e+00
1.696578458438632975e+00
1.696984199346504463e+00
1.697390264516311031e+00
1.697796653993623339e+00
1.698203367824092425e+00
1.698610406053448152e+00
1.699017768727501876e+00
1.699425455892142223e+00
1.699833467593338421e+00
1.700241803877137858e+00
1.700650464789668304e+00
1.701059450377134796e+00
1.701468760685820758e+00
1.701878395762089768e+00
1.702288355652382235e+00
1.702698640403207619e+00
1.703109250061125346e+00
1.703520184672809190e+00
1.703931444285013752e+00
1.704343028944572014e+00
1.704754938698392452e+00
1.705167173593462371e+00
1.705579733676844789e+00
1.705992618995678223e+00
1.706405829597178681e+00
1.706819365528638333e+00
1.707233226837424400e+00
1.707647413570980488e+00
1.708061925776825252e+00
1.708476763502553952e+00
1.708891926795836236e+00
1.709307415704416133e+00
1.709723230276113393e+00
1.710139370558823035e+00
1.710555836600513357e+00
1.710972628449228150e+00
1.711389746153083591e+00
1.711807189760272907e+00
1.712224959319059936e+00
1.712643054877783344e+00
1.713061476484857071e+00
1.713480224188765222e+00
1.713899298038067620e+00
1.714318698081394921e+00
1.714738424367452607e+00
1.715158476945017663e+00
1.715578855862939012e+00
1.715999561170138188e+00
1.716420592915610221e+00
1.716841951148420309e+00
1.717263635917705367e+00
1.717685647272674476e+00
1.718107985262608439e+00
1.718530649936858890e+00
1.718953641344847627e+00
1.719376959536068172e+00
1.719800604560085100e+00
1.720224576466532707e+00
1.720648875305114789e+00
1.721073501125608196e+00
1.721498453977857057e+00
1.721923733911775445e+00
1.722349340977348486e+00
1.722775275224628366e+00
1.723201536702895442e+00
1.723628125461099891e+00
1.724055041549646505e+00
1.724482285019021566e+00
1.724909855919773527e+00
1.725337754302514570e+00
1.725765980217918827e+00
1.726194533716724155e+00
1.726623414849730587e+00
1.727052623667800990e+00
1.727482160221860186e+00
1.727912024562896720e+00
1.728342216741959758e+00
1.728772736810161748e+00
1.729203584818676420e+00
1.729634760818740791e+00
1.730066264861652936e+00
1.730498096998772439e+00
1.730930257281520834e+00
1.731362745761382271e+00
1.731795562489901075e+00
1.732228707518683297e+00
1.732662180899397164e+00
1.733095982683771075e+00
1.733530112923594935e+00
1.733964571670719046e+00
1.734399358977056549e+00
1.734834474894579648e+00
1.735269919475321387e+00
1.735705692771375652e+00
1.736141794834898278e+00
1.736578225718103496e+00
1.737014985473266826e+00
1.737452074152723513e+00
1.737889491808869868e+00
1.738327238494161708e+00
1.738765314261115025e+00
1.739203719162304207e+00
1.739642453250366039e+00
1.740081516577995036e+00
1.740520909197945887e+00
1.740960631267949088e+00
1.741400682642091358e+00
1.741841063466379902e+00
1.742281773794059907e+00
1.742722813678433402e+00
1.743164183172864812e+00
1.743605882330775625e+00
1.744047911205647283e+00
1.744490269851021624e+00
1.744932958320497551e+00
1.745375976667735252e+00
1.745819324946452422e+00
1.746263003210428710e+00
1.746707011513500385e+00
1.747151349909564333e+00
1.747596018452576061e+00
1.748041017196551916e+00
1.748486346195565977e+00
1.748932005503751830e+00
1.749377995175302569e+00
1.749824315264471686e+00
1.750270965825570402e+00
1.750717946912969447e+00
1.751165258581099726e+00
1.751612900884450985e+00
1.752060873877572256e+00
1.752509177615071856e+00
1.752957812151616723e+00
1.753406777541935080e+00
1.753856073840812657e+00
1.754305701103095361e+00
1.754755659383687050e+00
1.755205948737553090e+00
1.755656569219716356e+00
1.756107520885259676e+00
1.756558803789325607e+00
1.757010417987115769e+00
1.757462363533889960e+00
1.757914640484968594e+00
1.758367248895731594e+00
1.758820188821617281e+00
1.759273460318123039e+00
1.759727063439748385e+00
1.760180998241245520e+00
1.760635264778434683e+00
1.761089863107191400e+00
1.761544793283448040e+00
1.762000055363192486e+00
1.762455649402467905e+00
1.762911575457373647e+00
1.763367833584063460e+00
1.763824423838749045e+00
1.764281346277696061e+00
1.764738600957225234e+00
1.765196187933715466e+00
1.765654107263599393e+00
1.766112359003365384e+00
1.766570943209558653e+00
1.767029859938777925e+00
1.767489109247680545e+00
1.767948691192977817e+00
1.768408605831435887e+00
1.768868853219879078e+00
1.769329433415185227e+00
1.769790346474288789e+00
1.770251592454178846e+00
1.770713171411901987e+00
1.771175083404559647e+00
1.771637328489308105e+00
1.772099906723359597e+00
1.772562818163983867e+00
1.773026062868503949e+00
1.773489640894299946e+00
1.773953552298806358e+00
1.774417797139515196e+00
1.774882375473973539e+00
1.775347287359782644e+00
1.775812532854600390e+00
1.776278112016142163e+00
1.776744024902176644e+00
1.777210271570528244e+00
1.777676852079078662e+00
1.778143766485764665e+00
1.778611014848239469e+00
1.779078597223200164e+00
1.779546513668727625e+00
1.780014764243113667e+00
1.780483349004702509e+00
1.780952268011890105e+00
1.781421521323126367e+00
1.781891108996911832e+00
1.782361031091800552e+00
1.782831287666396980e+00
1.783301878779360861e+00
1.783772804489401897e+00
1.784244064855283085e+00
1.784715659935818044e+00
1.785187589789876128e+00
1.785659854476375763e+00
1.786132454054289109e+00
1.786605388582640286e+00
1.787078658120506036e+00
1.787552262727015728e+00
1.788026202461349579e+00
1.788500477382740872e+00
1.788975087550476850e+00
1.789450033023894493e+00
1.789925313862383627e+00
1.790400930125388479e+00
1.790876881872403015e+00
1.791353169162974934e+00
1.791829792056703230e+00
1.792306750613240629e+00
1.792784044892291151e+00
1.793261674953610996e+00
1.793739640857008322e+00
1.794217942662345910e+00
1.794696580429536059e+00
1.795175554218545022e+00
1.795654864089390124e+00
1.796134510102142423e+00
1.796614492316924494e+00
1.797094810793911535e+00
1.797575465593329591e+00
1.798056456775440237e+00
1.798537784399719452e+00
1.799019448526165244e+00
1.799501449215308746e+00
1.799983786527733498e+00
1.800466460524070778e+00
1.800949471265002044e+00
1.801432818811258718e+00
1.801916503223623733e+00
1.802400524562927764e+00
1.802884882890051443e+00
1.803369578265927808e+00
1.803854610751537191e+00
1.804339980407910771e+00
1.804825687296129022e+00
1.805311731477323711e+00
1.805798113012675232e+00
1.806284831963414828e+00
1.806771888390821701e+00
1.807259282356228125e+00
1.807747013921014112e+00
1.808235083146609190e+00
1.808723490094493513e+00
1.809212234826198085e+00
1.809701317403302978e+00
1.810190737887437562e+00
1.810680496340281165e+00
1.811170592823565073e+00
1.811661027399067869e+00
1.812151800128618540e+00
1.812642911074098029e+00
1.813134360297434577e+00
1.813626147860607940e+00
1.814118273825646721e+00
1.814610738254629929e+00
1.815103541209687199e+00
1.815596682752997237e+00
1.816090162946787601e+00
1.816583981853338692e+00
1.817078139534978209e+00
1.817572636054084478e+00
1.818067471473085561e+00
1.818562645853887272e+00
1.819058159257654683e+00
1.819554011747044120e+00
1.820050203384827370e+00
1.820546734233825514e+00
1.821043604356903600e+00
1.821540813816973081e+00
1.822038362676990930e+00
1.822536250999962970e+00
1.823034478848938988e+00
1.823533046287014958e+00
1.824031953377333037e+00
1.824531200183083790e+00
1.825030786767501301e+00
1.825530713193866061e+00
1.826030979525506970e+00
1.826531585825797332e+00
1.827032532158156641e+00
1.827533818586050574e+00
1.828035445172992546e+00
1.828537411982540384e+00
1.829039719078298543e+00
1.829542366523917440e+00
1.830045354383095235e+00
1.830548682719574938e+00
1.831052351597145300e+00
1.831556361079641926e+00
1.832060711230947270e+00
1.832565402114989528e+00
1.833070433795742193e+00
1.833575806337225389e+00
1.834081519803506755e+00
1.834587574258699005e+00
1.835093969766960598e+00
1.835600706392495951e+00
1.836107784199558335e+00
1.836615203252444317e+00
1.837122963615497762e+00
1.837631065353107829e+00
1.838139508529712307e+00
1.838648293209792506e+00
1.839157419457876808e+00
1.839666887338540890e+00
1.840176696916405064e+00
1.840686848256137154e+00
1.841197341422448952e+00
1.841708176480101766e+00
1.842219353493900869e+00
1.842730872528697494e+00
1.843242733649389731e+00
1.843754936920906307e+00
1.844267482406958258e+00
1.844780370171876127e+00
1.845293600280864421e+00
1.845807172799174944e+00
1.846321087792099469e+00
1.846835345324975286e+00
1.847349945463182319e+00
1.847864888272146455e+00
1.848380173817334438e+00
1.848895802164258528e+00
1.849411773378472956e+00
1.849928087525578135e+00
1.850444744671216668e+00
1.850961744881074456e+00
1.851479088220880920e+00
1.851996774756411446e+00
1.852514804553482941e+00
1.853033177677955390e+00
1.853551894195735406e+00
1.854070954172770902e+00
1.854590357675053758e+00
1.855110104768619372e+00
1.855630195519548886e+00
1.856150629993964518e+00
1.856671408258033784e+00
1.857192530377966166e+00
1.857713996420017333e+00
1.858235806450484917e+00
1.858757960535710740e+00
1.859280458742079034e+00
1.859803301136020881e+00
1.860326487784007776e+00
1.860850018752556512e+00
1.861373894108226512e+00
1.861898113917622943e+00
1.862422678247392716e+00
1.862947587164226926e+00
1.863472840734859526e+00
1.863998439026071097e+00
1.864524382104682854e+00
1.865050670037559977e+00
1.865577302891613387e+00
1.866104280733796195e+00
1.866631603631105030e+00
1.867159271650580266e+00
1.867687284859306907e+00
1.868215643324413033e+00
1.868744347113070248e+00
1.869273396292493450e+00
1.869802790929942393e+00
1.870332531092550044e+00
1.870862616846714177e+00
1.871393048259740954e+00
1.871923825399141039e+00
1.872454948332464175e+00
1.872986417127303627e+00
1.873518231851294624e+00
1.874050392572115697e+00
1.874582899357485344e+00
1.875115752275165582e+00
1.875648951392959507e+00
1.876182496778714848e+00
1.876716388500318633e+00
1.877250626625700747e+00
1.877785211222834816e+00
1.878320142359735101e+00
1.878855420104457830e+00
1.879391044525101639e+00
1.879927015689808689e+00
1.880463333666761550e+00
1.880999998524185646e+00
1.881537010330347481e+00
1.882074369153557969e+00
1.882612075062168433e+00
1.883150128124572387e+00
1.883688528409205754e+00
1.884227275984547756e+00
1.884766370919118028e+00
1.885305813281478837e+00
1.885845603140234195e+00
1.886385740564032520e+00
1.886926225621561537e+00
1.887467058381552709e+00
1.888008238912778358e+00
1.888549767284054992e+00
1.889091643564239531e+00
1.889633867822231750e+00
1.890176440126972279e+00
1.890719360547446826e+00
1.891262629152680619e+00
1.891806246011740633e+00
1.892350211193739584e+00
1.892894524767828379e+00
1.893439186803201668e+00
1.893984197369096067e+00
1.894529556534791492e+00
1.895075264369608270e+00
1.895621320942909582e+00
1.896167726324100355e+00
1.896714480582629037e+00
1.897261583787984707e+00
1.897809036009606709e+00
1.898356837316938162e+00
1.898904987779609144e+00
1.899453487467290369e+00
1.900002336449695406e+00
1.900551534796578457e+00
1.901101082577738355e+00
1.901650979863012791e+00
1.902201226722283423e+00
1.902751823225471650e+00
1.903302769442543951e+00
1.903854065443505439e+00
1.904405711298404746e+00
1.904957707077331364e+00
1.905510052850418745e+00
1.906062748687840092e+00
1.906615794659810348e+00
1.907169190836588646e+00
1.907722937288572673e+00
1.908277034085896551e+00
1.908831481299005706e+00
1.909386278998338460e+00
1.909941427254372437e+00
1.910496926137627227e+00
1.911052775718661723e+00
1.911608976068078780e+00
1.912165527256520114e+00
1.912722429354669185e+00
1.913279682433249862e+00
1.913837286563029982e+00
1.914395241814815574e+00
1.914953548259455296e+00
1.915512205967838444e+00
1.916071215010898277e+00
1.916630575459606245e+00
1.917190287384977543e+00
1.917750350858066666e+00
1.918310765949959862e+00
1.918871532731671214e+00
1.919432651274376456e+00
1.919994121649330587e+00
1.920555943927825915e+00
1.921118118181193601e+00
1.921680644480804112e+00
1.922243522898068990e+00
1.922806753504437083e+00
1.923370336371397649e+00
1.923934271570478804e+00
1.924498559173250634e+00
1.925063199251322077e+00
1.925628191876342266e+00
1.926193537119999855e+00
1.926759235054026798e+00
1.927325285750193684e+00
1.927891689280311738e+00
1.928458445716234149e+00
1.929025555129786795e+00
1.929593017592665438e+00
1.930160833176884472e+00
1.930729001954524238e+00
1.931297523997701937e+00
1.931866399378569854e+00
1.932435628169316910e+00
1.933005210442170441e+00
1.933575146269393974e+00
1.934145435723289674e+00
1.934716078876197010e+00
1.935287075800496082e+00
1.935858426568604518e+00
1.936430131252979692e+00
1.937002189926117612e+00
1.937574602660558032e+00
1.938147369528878228e+00
1.938720490603697222e+00
1.939293965957675114e+00
1.939867795663157368e+00
1.940441979792376870e+00
1.941016518418291037e+00
1.941591411613893037e+00
1.942166659452207123e+00
1.942742262006283083e+00
1.943318219349200904e+00
1.943894531554070104e+00
1.944471198694033509e+00
1.945048220842265474e+00
1.945625598071973439e+00
1.946203330456398595e+00
1.946781418068820324e+00
1.947359860982552870e+00
1.947938659270946893e+00
1.948517813007394350e+00
1.949097322265325616e+00
1.949677187118210586e+00
1.950257407639553575e+00
1.950837983901853256e+00
1.951418915978211155e+00
1.952000203942602319e+00
1.952581847869016229e+00
1.953163847831461242e+00
1.953746203903963474e+00
1.954328916160570362e+00
1.954911984675353320e+00
1.955495409522411521e+00
1.956079190775869892e+00
1.956663328509885114e+00
1.957247822798645176e+00
1.957832673716375149e+00
1.958417881337334965e+00
1.959003445735825188e+00
1.959589366986185910e+00
1.960175645162804070e+00
1.960762280340109687e+00
1.961349272592549875e+00
1.961936621994264662e+00
1.962524328619804193e+00
1.963112392543903795e+00
1.963700813841346315e+00
1.964289592586966116e+00
1.964878728855649515e+00
1.965468222722337233e+00
1.966058074262027944e+00
1.966648283549782938e+00
1.967238850660548932e+00
1.967829775669448500e+00
1.968421058651849354e+00
1.969012699683169831e+00
1.969604698838878676e+00
1.970197056194501473e+00
1.970789771825626646e+00
1.971382845807909234e+00
1.971976278217073109e+00
1.972570069128684489e+00
1.973164218618190136e+00
1.973758726761817961e+00
1.974353593635859605e+00
1.974948819316646897e+00
1.975544403880559852e+00
1.976140347404038433e+00
1.976736649963587888e+00
1.977333311635789848e+00
1.977930332497143340e+00
1.978527712623313173e+00
1.979125452091473392e+00
1.979723550979115121e+00
1.980322009363745916e+00
1.980920827322904421e+00
1.981520004934179457e+00
1.982119542275231572e+00
1.982719439423810126e+00
1.983319696457725323e+00
1.983920313452501860e+00
1.984521290485979916e+00
1.985122627637788684e+00
1.985724324987464762e+00
1.986326382614494124e+00
1.986928800598355860e+00
1.987531579018564809e+00
1.988134717954708419e+00
1.988738217486493598e+00
1.989342077691026667e+00
1.989946298645187683e+00
1.990550880431837033e+00
1.991155823133706759e+00
1.991761126833376805e+00
1.992366791613356947e+00
1.992972817556173171e+00
1.993579204744453159e+00
1.994185953261012889e+00
1.994793063188542881e+00
1.995400534608913867e+00
1.996008367606623368e+00
1.996616562266833705e+00
1.997225118675155064e+00
1.997834036917370160e+00
1.998443317079684700e+00
1.999052959250484207e+00
1.999662963518727299e+00
2.000273329974009862e+00
2.000884058705561852e+00
2.001495149803912188e+00
2.002106603363444925e+00
2.002718419479100564e+00
2.003330598246615413e+00
2.003943139759891690e+00
2.004556044116777347e+00
2.005169311420828659e+00
2.005782941776130368e+00
2.006396935287817485e+00
2.007011292054772245e+00
2.007626012188138187e+00
2.008241095807523635e+00
2.008856543032726538e+00
2.009472353984137705e+00
2.010088528769481631e+00
2.010705067524330314e+00
2.011321970394534198e+00
2.011939237526322977e+00
2.012556869068022447e+00
2.013174865168400274e+00
2.013793225993278480e+00
2.014411951717502980e+00
2.015031042527410499e+00
2.015650498627493903e+00
2.016270320229299529e+00
2.016890507571481805e+00
2.017511060913747656e+00
2.018131980526990166e+00
2.018753266734631957e+00
2.019374919874533880e+00
2.019996940324682910e+00
2.020619328548033167e+00
2.021242085002545430e+00
2.021865210279159886e+00
2.022488705065426995e+00
2.023112570105781494e+00
2.023736806297079749e+00
2.024361414713315543e+00
2.024986396635158226e+00
2.025611753626919143e+00
2.026237487614558574e+00
2.026863600960591594e+00
2.027490096687521781e+00
2.028116978689657568e+00
2.028744252016115635e+00
2.029371923332905059e+00
2.030000001728857306e+00
2.030628499854641333e+00
2.031257435831706815e+00
2.031886836684066111e+00
2.031971027024050969e+00
2.032055217364035382e+00
2.032139407704020240e+00
2.032223598044005097e+00
2.032307788383989955e+00
2.032391978723974368e+00
2.032476169063959226e+00
2.032555229272449360e+00
2.032629516988566643e+00
2.032703804704685258e+00
2.032778092420802984e+00
2.032852380136920267e+00
2.032926667853038882e+00
2.033000955569156165e+00
2.033075243285273892e+00
2.033149223290839913e+00
2.033213597180433929e+00
2.033277971070027945e+00
2.033342344959621517e+00
2.033406718849214645e+00
2.033471092738808661e+00
2.033535466628402233e+00
2.033599840517996249e+00
2.033664214407590265e+00
2.033728588297183837e+00
2.033790716032045420e+00
2.033845162010825103e+00
2.033899607989603453e+00
2.033954053968382247e+00
2.034008499947160598e+00
2.034062945925938948e+00
2.034117391904717742e+00
2.034171837883496092e+00
2.034226283862274887e+00
2.034280729841053237e+00
2.034335175819832475e+00
2.034389621798611270e+00
2.034437932192330933e+00
2.034482431434351035e+00
2.034526930676371581e+00
2.034571429918392571e+00
2.034615929160412673e+00
2.034660428402433663e+00
2.034704927644453321e+00
2.034749426886474311e+00
2.034793926128494412e+00
2.034838425370515402e+00
2.034882924612535948e+00
2.034927423854556050e+00
2.034971923096577040e+00
2.035016422338597142e+00
2.035057116293093493e+00
2.035091638204398201e+00
2.035126160115702909e+00
2.035160682027008061e+00
2.035195203938313657e+00
2.035229725849618365e+00
2.035264247760923517e+00
2.035298769672228225e+00
2.035333291583533821e+00
2.035367813494838973e+00
2.035402335406143681e+00
2.035436857317448389e+00
2.035471379228753985e+00
2.035505901140059137e+00
2.035540423051363845e+00
2.035574944962668553e+00
2.035609466873974593e+00
2.035643988785279301e+00
2.035678510696584009e+00
2.035703415022513507e+00
2.035727892157743302e+00
2.035752369292972652e+00
2.035776846428202003e+00
2.035801323563430909e+00
2.035825800698660260e+00
2.035850277833889166e+00
2.035874754969119405e+00
2.035899232104348755e+00
2.035923709239577661e+00
2.035948186374807012e+00
2.035972663510035918e+00
2.035997140645265269e+00
2.036021617780494619e+00
2.036046094915724414e+00
2.036070572050953764e+00
2.036095049186183115e+00
2.036119526321412021e+00
2.036144003456641371e+00
2.036168480591870278e+00
2.036192957727100517e+00
2.036217434862329867e+00
2.036241911997558773e+00
2.036266389132788124e+00
2.036290866268017474e+00
2.036315343403246381e+00
2.036332496916677393e+00
2.036346596200708348e+00
2.036360695484737970e+00
2.036374794768768481e+00
2.036388894052798548e+00
2.036402993336829059e+00
2.036417092620859570e+00
2.036431191904889193e+00
2.036445291188920148e+00
2.036459390472950659e+00
2.036473489756980282e+00
2.036487589041011237e+00
2.036501688325041748e+00
2.036515787609071371e+00
2.036529886893101882e+00
2.036543986177132837e+00
2.036558085461162459e+00
2.036572184745192970e+00
2.036586284029223037e+00
2.036600383313253548e+00
2.036614482597284059e+00
2.036628581881314126e+00
2.036642681165344637e+00
2.036656780449375148e+00
2.036670879733404771e+00
2.036684979017435726e+00
2.036699078301466237e+00
2.036713177585495860e+00
2.036727276869526815e+00
2.036741376153557326e+00
2.036755475437586949e+00
2.036769574721617460e+00
2.036783674005647526e+00
2.036797773289678037e+00
2.036811872573708548e+00
2.036825971857738615e+00
2.036840071141769126e+00
2.036854170425799637e+00
2.036868269709829704e+00
2.036882368993860215e+00
2.036896468277890726e+00
2.036910567561920349e+00
2.036924666845951304e+00
2.036938766129980927e+00
2.036952865414011438e+00
2.036966964698042393e+00
2.036981063982072016e+00
2.036995163266102526e+00
2.036998457393783823e+00
2.036999113960941798e+00
2.036999770528100662e+00
2.037000427095258637e+00
2.037001083662417500e+00
2.037001740229576363e+00
2.037002396796734338e+00
2.037003053363893201e+00
2.037003709931051176e+00
2.037004366498210040e+00
2.037005023065368903e+00
2.037005679632526878e+00
2.037006336199685741e+00
2.037006992766843716e+00
2.037007649334002579e+00
2.037008305901160554e+00
2.037008962468318973e+00
2.037009619035477836e+00
2.037010275602635812e+00
2.037010932169794675e+00
2.037011588736952650e+00
2.037012245304111513e+00
2.037012901871270376e+00
2.037013558438428351e+00
2.037014215005587214e+00
2.037014871572745189e+00
2.037015528139904053e+00
2.037016184707062916e+00
2.037016841274220891e+00
2.037017497841379754e+00
2.037018154408537729e+00
2.037018810975696592e+00
2.037019467542854567e+00
2.037020124110013430e+00
2.037020780677171850e+00
2.037021437244330269e+00
2.037022093811488688e+00
2.037022750378646663e+00
2.037023406945805526e+00
2.037024063512964389e+00
2.037024720080122364e+00
2.037025376647281227e+00
2.037026033214439202e+00
2.037026689781598066e+00
2.037027346348756929e+00
2.037028002915914904e+00
2.037028659483073767e+00
2.037029316050231742e+00
2.037029972617390605e+00
2.037030629184549468e+00
2.037031285751707443e+00
2.037031942318865863e+00
2.037032598886024282e+00
2.037033255453182701e+00
2.037033912020341120e+00
2.037034568587499539e+00
2.037035225154658402e+00
2.037035881721816377e+00
2.037036538288975240e+00
2.037037194856133215e+00
2.037037851423292079e+00
2.037038507990450942e+00
2.037039164557608917e+00
2.037039821124767780e+00
2.037040477691925755e+00
2.037041134259084618e+00
2.037041790826243481e+00
2.037042447393401456e+00
2.037043103960560320e+00
2.037043760527718295e+00
2.037044417094877158e+00
2.037045073662035133e+00
2.037045730229193552e+00
2.037046386796352415e+00
2.037047043363510390e+00
2.037047699930669253e+00
2.037048356497827228e+00
2.037049013064986092e+00
2.037049669632144955e+00
2.037050326199302930e+00
2.037050982766461793e+00
2.037051639333619768e+00
2.037052295900778631e+00
2.037052952467937494e+00
2.037053609035095469e+00
2.037054265602254333e+00
2.037054922169412308e+00
2.037055578736571171e+00
2.037056235303729146e+00
2.037056891870888009e+00
2.037057548438046428e+00
2.037058205005204847e+00
2.037058861572363266e+00
2.037059518139521241e+00
2.037060174706680105e+00
2.037060831273838968e+00
2.037061487840996943e+00
2.037062144408155806e+00
2.037062800975313781e+00
2.037063457542472644e+00
2.037064114109631507e+00
2.037064770676789482e+00
2.037065427243948346e+00
2.037066083811106321e+00
2.037066740378265184e+00
2.037067396945423159e+00
2.037068053512582022e+00
2.037068710079740441e+00
2.037069366646898860e+00
2.037070023214057279e+00
2.037070679781215699e+00
2.037071336348374118e+00
2.037071992915532981e+00
2.037072649482690956e+00
2.037073306049849819e+00
2.037073962617007794e+00
2.037074619184166657e+00
2.037075275751325520e+00
2.037075932318483495e+00
2.037076588885642359e+00
2.037077245452800334e+00
2.037077902019959197e+00
2.037078558587117172e+00
2.037079215154276035e+00
2.037079871721434898e+00
2.037080528288592873e+00
2.037081184855751737e+00
2.037081841422909712e+00
2.037082497990068575e+00
2.037083154557226994e+00
2.037083811124384969e+00
2.037084467691543832e+00
2.037085124258701807e+00
2.037085780825860670e+00
2.037086437393019533e+00
2.037087093960177508e+00
2.037087750527336372e+00
2.037088407094494347e+00
2.037089063661653210e+00
2.037089720228811185e+00
2.037090376795970048e+00
2.037091033363128911e+00
2.037091689930286886e+00
2.037092346497445750e+00
2.037093003064603725e+00
2.037093659631762588e+00
2.037094316198921007e+00
2.037094972766079426e+00
2.037095629333237845e+00
2.037096285900396264e+00
2.037096942467554683e+00
2.037097599034713546e+00
2.037098255601871521e+00
2.037098912169030385e+00
2.037099568736188360e+00
2.037100225303347223e+00
2.037100881870505198e+00
2.037101538437664061e+00
2.037102195004822924e+00
2.037102851571980899e+00
2.037103508139139763e+00
2.037104164706297738e+00
2.037104821273456601e+00
2.037105477840615464e+00
2.037106134407773439e+00
2.037106790974931858e+00
2.037107447542090277e+00
2.037108104109248696e+00
2.037108760676407559e+00
2.037109417243565535e+00
2.037110073810724398e+00
2.037110730377882373e+00
2.037111386945041236e+00
2.037112043512200099e+00
2.037112700079358074e+00
2.037113356646516937e+00
2.037114013213674912e+00
2.037114669780833776e+00
2.037115326347991751e+00
2.037115982915150614e+00
2.037116639482309477e+00
2.037117296049467452e+00
2.037117952616626315e+00
2.037118609183784290e+00
2.037119265750943153e+00
2.037119922318101573e+00
2.037120578885259548e+00
2.037121235452418411e+00
2.037121892019576386e+00
2.037122548586735249e+00
2.037123205153894112e+00
2.037123861721052087e+00
2.037124518288210950e+00
2.037125174855368925e+00
2.037125831422527789e+00
2.037126487989685764e+00
2.037127144556844627e+00
2.037127801124003490e+00
2.037128457691161465e+00
2.037129114258320328e+00
2.037129770825478303e+00
2.037130427392637166e+00
2.037131083959795586e+00
2.037131740526954005e+00
2.037132397094112424e+00
2.037133053661270843e+00
2.037133710228429262e+00
2.037134366795588125e+00
2.037135023362746100e+00
2.037135679929904963e+00
2.037136336497062938e+00
2.037136993064221802e+00
2.037137649631379777e+00
2.037138306198538640e+00
2.037138962765697503e+00
2.037139619332855478e+00
2.037140275900014341e+00
2.037140932467172316e+00
2.037141589034331179e+00
2.037142245601490043e+00
2.037142902168648018e+00
2.037143558735806437e+00
2.037144215302964856e+00
2.037144871870123275e+00
2.037145528437282138e+00
2.037146185004440113e+00
2.037146841571598976e+00
2.037147498138756951e+00
2.037148154705915815e+00
2.037148811273073790e+00
2.037149467840232653e+00
2.037150124407391516e+00
2.037150780974549491e+00
2.037151437541708354e+00
2.037152094108866329e+00
2.037152750676025192e+00
2.037153407243184056e+00
2.037154063810342031e+00
2.037154720377500894e+00
2.037155376944658869e+00
2.037156033511817732e+00
2.037156690078976151e+00
2.037157346646134570e+00
2.037158003213292989e+00
2.037158659780450964e+00
2.037159316347609828e+00
2.037159972914767803e+00
2.037160629481926666e+00
2.037161286049085529e+00
2.037161942616243504e+00
2.037162599183402367e+00
2.037163255750560342e+00
2.037163912317719205e+00
2.037164568884878069e+00
2.037165225452036044e+00
2.037165882019194907e+00
2.037166538586352882e+00
2.037167195153511745e+00
2.037167851720670164e+00
2.037168508287828583e+00
2.037169164854987002e+00
2.037169821422145422e+00
2.037170477989303841e+00
2.037171134556462260e+00
2.037171791123620679e+00
2.037172447690779542e+00
2.037173104257937517e+00
2.037173760825096380e+00
2.037174417392254355e+00
2.037175073959413218e+00
2.037175730526572082e+00
2.037176387093730057e+00
2.037177043660888920e+00
2.037177700228046895e+00
2.037178356795205758e+00
2.037179013362364621e+00
2.037179669929522596e+00
2.037180326496681460e+00
2.037180983063839435e+00
2.037181639630997854e+00
2.037182296198156273e+00
2.037182952765314692e+00
2.037183609332473555e+00
2.037184265899631530e+00
2.037184922466790393e+00
2.037185579033948368e+00
2.037186235601107231e+00
2.037186892168266095e+00
2.037187548735424070e+00
2.037188205302582933e+00
2.037188861869740908e+00
2.037189518436899771e+00
2.037190175004058634e+00
2.037190831571216609e+00
2.037191488138375473e+00
2.037192144705533448e+00
2.037192801272692311e+00
2.037193457839850730e+00
2.037194114407009149e+00
2.037194770974167568e+00
2.037195427541325543e+00
2.037196084108484406e+00
2.037196740675642381e+00
2.037197397242801244e+00
2.037198053809960108e+00
2.037198710377118083e+00
2.037199366944276946e+00
2.037200023511434921e+00
2.037200680078593784e+00
2.037201336645752647e+00
2.037201993212910622e+00
2.037202649780069486e+00
2.037203306347227461e+00
2.037203962914386324e+00
2.037204619481544743e+00
2.037205276048703162e+00
2.037205932615861581e+00
2.037206589183020000e+00
2.037207245750178419e+00
2.037207902317336838e+00
2.037208558884495258e+00
2.037209215451654121e+00
2.037209872018812096e+00
2.037210528585970959e+00
2.037211185153128934e+00
2.037211841720287797e+00
2.037212498287446660e+00
2.037213154854604635e+00
2.037213811421763499e+00
2.037214467988921474e+00
2.037215124556080337e+00
2.037215781123239200e+00
2.037216437690397175e+00
2.037217094257556038e+00
2.037217750824714013e+00
2.037218407391872432e+00
2.037219063959030851e+00
2.037219720526189271e+00
2.037220377093348134e+00
2.037221033660506109e+00
2.037221690227664972e+00
2.037222346794822947e+00
2.037223003361981810e+00
2.037223659929140673e+00
2.037224316496298648e+00
2.037224973063457512e+00
2.037225629630615487e+00
2.037226286197774350e+00
2.037226942764933213e+00
2.037227599332091188e+00
2.037228255899250051e+00
2.037228912466408026e+00
2.037229569033566889e+00
2.037230225600724864e+00
2.037230882167883728e+00
2.037231538735042147e+00
2.037232195302200566e+00
2.037232851869358985e+00
2.037233508436516960e+00
2.037234165003675823e+00
2.037234821570834686e+00
2.037235478137992661e+00
2.037236134705151525e+00
2.037236791272309500e+00
2.037237447839468363e+00
2.037238104406627226e+00
2.037238760973785201e+00
2.037239417540944064e+00
2.037240074108102039e+00
2.037240730675260902e+00
2.037241387242418877e+00
2.037242043809577741e+00
2.037242700376736160e+00
2.037243356943894579e+00
2.037244013511052998e+00
2.037244670078211417e+00
2.037245326645369836e+00
2.037245983212528699e+00
2.037246639779686674e+00
2.037247296346845538e+00
2.037247952914003513e+00
2.037248609481162376e+00
2.037249266048321239e+00
2.037249922615479214e+00
2.037250579182638077e+00
2.037251235749796052e+00
2.037251892316954915e+00
2.037252548884112890e+00
2.037253205451271754e+00
2.037253862018430617e+00
2.037254518585588592e+00
2.037255175152747455e+00
2.037255831719905430e+00
2.037256488287063849e+00
2.037257144854222712e+00
2.037257801421380687e+00
2.037258457988539551e+00
2.037259114555697526e+00
2.037259771122856389e+00
2.037260427690015252e+00
2.037261084257173227e+00
2.037261740824332090e+00
2.037262397391490065e+00
2.037263053958648928e+00
2.037263710525806903e+00
2.037264367092965767e+00
2.037265023660124630e+00
2.037265680227282605e+00
2.037266336794441468e+00
2.037266993361599443e+00
2.037267649928758306e+00
2.037268306495916725e+00
2.037268963063075145e+00
2.037269619630233564e+00
2.037270276197391539e+00
2.037270932764550402e+00
2.037271589331709265e+00
2.037272245898867240e+00
2.037272902466026103e+00
2.037273559033184078e+00
2.037274215600342941e+00
2.037274872167501805e+00
2.037275528734659780e+00
2.037276185301818643e+00
2.037276841868976618e+00
2.037277498436135481e+00
2.037278155003293456e+00
2.037278811570452319e+00
2.037279468137610738e+00
2.037280124704769158e+00
2.037280781271927577e+00
2.037281437839085996e+00
2.037282094406244415e+00
2.037282750973403278e+00
2.037283407540561253e+00
2.037284064107720116e+00
2.037284720674878091e+00
2.037285377242036954e+00
2.037286033809195818e+00
2.037286690376353793e+00
2.037287346943512656e+00
2.037288003510670631e+00
2.037288660077829494e+00
2.037289316644987469e+00
2.037289973212146332e+00
2.037290629779305196e+00
2.037291286346463171e+00
2.037291942913622034e+00
2.037292599480780009e+00
2.037293256047938428e+00
2.037293912615097291e+00
2.037294569182255266e+00
2.037295225749414129e+00
2.037295882316572104e+00
2.037296538883730967e+00
2.037297195450889831e+00
2.037297852018047806e+00
2.037298508585206669e+00
2.037299165152364644e+00
2.037299821719523507e+00
2.037300478286681482e+00
2.037301134853840345e+00
2.037301791420999209e+00
2.037302447988157184e+00
2.037303104555316047e+00
2.037303761122474022e+00
2.037304417689632885e+00
2.037305074256791304e+00
2.037305730823949723e+00
2.037306387391108142e+00
2.037307043958266561e+00
2.037307700525424980e+00
2.037308357092583844e+00
2.037309013659741819e+00
2.037309670226900682e+00
2.037310326794058657e+00
2.037310983361217520e+00
2.037311639928375495e+00
2.037312296495534358e+00
2.037312953062693222e+00
2.037313609629851197e+00
2.037314266197010060e+00
2.037314922764168035e+00
2.037315579331326898e+00
2.037316235898485761e+00
2.037316892465643736e+00
2.037317549032802155e+00
2.037318205599960574e+00
2.037318862167118994e+00
2.037319518734277857e+00
2.037320175301435832e+00
2.037320831868594695e+00
2.037321488435752670e+00
2.037322145002911533e+00
2.037322801570069508e+00
2.037323458137228371e+00
2.037324114704387235e+00
2.037324771271545210e+00
2.037325427838704073e+00
2.037326084405862048e+00
2.037326740973020911e+00
2.037327397540179774e+00
2.037328054107337749e+00
2.037328710674496612e+00
2.037329367241654587e+00
2.037330023808813451e+00
2.037330680375971870e+00
2.037331336943129845e+00
2.037331993510288708e+00
2.037332650077446683e+00
2.037333306644605546e+00
2.037333963211763521e+00
2.037334619778922384e+00
2.037335276346081248e+00
2.037335932913239223e+00
2.037336589480398086e+00
2.037337246047556061e+00
2.037337902614714924e+00
2.037338559181873787e+00
2.037339215749031762e+00
2.037339872316190625e+00
2.037340528883348600e+00
2.037341185450507464e+00
2.037341842017665883e+00
2.037342498584824302e+00
2.037343155151982721e+00
2.037343811719141140e+00
2.037344468286299559e+00
2.037345124853457534e+00
2.037345781420616397e+00
2.037346437987775261e+00
2.037347094554933236e+00
2.037347751122092099e+00
2.037348407689250074e+00
2.037349064256408937e+00
2.037349720823567800e+00
2.037350377390725775e+00
2.037351033957884638e+00
2.037351690525042613e+00
2.037352347092201477e+00
2.037353003659360340e+00
2.037353660226518315e+00
2.037354316793676734e+00
2.037354973360835153e+00
2.037355629927993572e+00
2.037356286495152435e+00
2.037356943062310410e+00
2.037357599629469274e+00
2.037358256196627249e+00
2.037358912763786112e+00
2.037359569330944087e+00
2.037360225898102950e+00
2.037360882465261813e+00
2.037361539032419788e+00
2.037362195599578651e+00
2.037362852166736626e+00
2.037363508733895490e+00
2.037364165301054353e+00
2.037364821868212328e+00
2.037365478435371191e+00
2.037366135002529166e+00
2.037366791569688029e+00
2.037367448136846448e+00
2.037368104704004423e+00
2.037368761271163287e+00
2.037369417838321262e+00
2.037370074405480125e+00
2.037370730972638100e+00
2.037371387539796963e+00
2.037372044106955826e+00
2.037372700674113801e+00
2.037373357241272664e+00
2.037374013808430639e+00
2.037374670375589503e+00
2.037375326942748366e+00
2.037375983509906341e+00
2.037376640077065204e+00
2.037377296644223179e+00
2.037377953211382042e+00
2.037378609778540461e+00
2.037379266345698881e+00
2.037379922912857300e+00
2.037380579480015719e+00
2.037381236047174138e+00
2.037381892614332557e+00
2.037382549181490976e+00
2.037383205748649839e+00
2.037383862315807814e+00
2.037384518882966677e+00
2.037385175450124652e+00
2.037385832017283516e+00
2.037386488584442379e+00
2.037387145151600354e+00
2.037387801718759217e+00
2.037388458285917192e+00
2.037389114853076055e+00
2.037389771420234919e+00
2.037390427987392894e+00
2.037391084554551757e+00
2.037391741121709732e+00
2.037392397688868151e+00
2.037393054256026570e+00
2.037393710823184989e+00
2.037394367390343852e+00
2.037395023957501827e+00
2.037395680524660690e+00
2.037396337091818665e+00
2.037396993658977529e+00
2.037397650226136392e+00
2.037398306793294367e+00
2.037398963360453230e+00
2.037399619927611205e+00
2.037400276494770068e+00
2.037400933061928932e+00
2.037401589629086907e+00
2.037402246196245770e+00
2.037402902763403745e+00
2.037403559330562608e+00
2.037404215897720583e+00
2.037404872464879446e+00
2.037405529032037865e+00
2.037406185599195840e+00
2.037406842166354703e+00
2.037407498733512679e+00
2.037408155300671542e+00
2.037408811867830405e+00
2.037409468434988380e+00
2.037410125002147243e+00
2.037410781569305218e+00
2.037411438136464081e+00
2.037412094703622945e+00
2.037412751270780920e+00
2.037413407837939783e+00
2.037414064405097758e+00
2.037414720972256621e+00
2.037415377539414596e+00
2.037416034106573459e+00
2.037416690673731878e+00
2.037417347240890297e+00
2.037418003808048717e+00
2.037418660375207136e+00
2.037419316942365555e+00
2.037419973509524418e+00
2.037420630076682393e+00
2.037421286643841256e+00
2.037421943210999231e+00
2.037422599778158094e+00
2.037423256345316958e+00
2.037423912912474933e+00
2.037424569479633796e+00
2.037425226046791771e+00
2.037425882613950634e+00
2.037426539181108609e+00
2.037427195748267472e+00
2.037427852315426335e+00
2.037428508882584310e+00
2.037429165449742730e+00
2.037429822016901149e+00
2.037430478584059568e+00
2.037431135151218431e+00
2.037431791718376406e+00
2.037432448285535269e+00
2.037433104852693244e+00
2.037433761419852107e+00
2.037434417987010971e+00
2.037435074554168946e+00
2.037435731121327809e+00
2.037436387688485784e+00
2.037437044255644647e+00
2.037437700822803510e+00
2.037438357389961485e+00
2.037439013957120348e+00
2.037439670524278323e+00
2.037440327091437187e+00
2.037440983658595162e+00
2.037441640225754025e+00
2.037442296792912444e+00
2.037442953360070419e+00
2.037443609927229282e+00
2.037444266494387257e+00
2.037444923061546120e+00
2.037445579628704984e+00
2.037446236195862959e+00
2.037446892763021822e+00
2.037447549330179797e+00
2.037448205897338660e+00
2.037448862464497523e+00
2.037449519031655498e+00
2.037450175598814361e+00
2.037450832165972336e+00
2.037451488733131200e+00
2.037452145300289175e+00
2.037452801867448038e+00
2.037453458434606457e+00
2.037454115001764876e+00
2.037454771568923295e+00
2.037455428136081714e+00
2.037456084703240133e+00
2.037456741270398997e+00
2.037457397837556972e+00
2.037458054404715835e+00
2.037458710971873810e+00
2.037459367539032673e+00
2.037460024106191536e+00
2.037460680673349511e+00
2.037461337240508374e+00
2.037461993807666349e+00
2.037462650374825213e+00
2.037463306941983188e+00
2.037463963509142051e+00
2.037464620076300914e+00
2.037465276643458889e+00
2.037465933210617752e+00
2.037466589777775727e+00
2.037467246344934146e+00
2.037467902912093010e+00
2.037468559479250985e+00
2.037469216046409848e+00
2.037469872613567823e+00
2.037470529180726686e+00
2.037471185747885549e+00
2.037471842315043524e+00
2.037472498882202387e+00
2.037473155449360362e+00
2.037473812016519226e+00
2.037474468583677201e+00
2.037475125150836064e+00
2.037475781717994927e+00
2.037476438285152902e+00
2.037477094852311765e+00
2.037477751419469740e+00
2.037478407986628604e+00
2.037479064553787023e+00
2.037479721120945442e+00
2.037480377688103861e+00
2.037481034255261836e+00
2.037481690822420699e+00
2.037482347389579562e+00
2.037483003956737537e+00
2.037483660523896400e+00
2.037484317091054375e+00
2.037484973658213239e+00
2.037485630225371214e+00
2.037486286792530077e+00
2.037486943359688940e+00
2.037487599926846915e+00
2.037488256494005778e+00
2.037488913061163753e+00
2.037489569628322617e+00
2.037490226195481036e+00
2.037490882762639455e+00
2.037491539329797874e+00
2.037492195896956293e+00
2.037492852464114712e+00
2.037493509031273575e+00
2.037494165598431550e+00
2.037494822165590413e+00
2.037495478732748388e+00
2.037496135299907252e+00
2.037496791867065227e+00
2.037497448434224090e+00
2.037498105001382953e+00
2.037498761568540928e+00
2.037499418135699791e+00
2.037500074702857766e+00
2.037500731270016630e+00
2.037501387837175493e+00
2.037502044404333468e+00
2.037502700971492331e+00
2.037503357538650306e+00
2.037504014105808725e+00
2.037504670672967588e+00
2.037505327240125563e+00
2.037505983807284426e+00
2.037506640374442402e+00
2.037507296941601265e+00
2.037507953508759240e+00
2.037508610075918103e+00
2.037509266643076966e+00
2.037509923210234941e+00
2.037510579777393804e+00
2.037511236344551779e+00
2.037511892911710643e+00
2.037512549478869506e+00
2.037513206046027481e+00
2.037513862613186344e+00
2.037514519180344319e+00
2.037515175747503182e+00
2.037515832314661601e+00
2.037516488881820020e+00
2.037517145448978440e+00
2.037517802016136415e+00
2.037518458583295278e+00
2.037519115150454141e+00
2.037519771717612116e+00
2.037520428284770979e+00
2.037521084851928954e+00
2.037521741419087817e+00
2.037522397986245792e+00
2.037523054553404656e+00
2.037523711120563519e+00
2.037524367687721494e+00
2.037525024254880357e+00
2.037525680822038332e+00
2.037526337389197195e+00
2.037526993956356058e+00
2.037527650523514033e+00
2.037528307090672453e+00
2.037528963657830872e+00
2.037529620224989291e+00
2.037530276792148154e+00
2.037530933359306129e+00
2.037531589926464992e+00
2.037532246493622967e+00
2.037532903060781830e+00
2.037533559627939805e+00
2.037534216195098669e+00
2.037534872762257532e+00
2.037535529329415507e+00
2.037536185896574370e+00
2.037536842463732345e+00
2.037537499030891208e+00
2.037538155598050071e+00
2.037538812165208046e+00
2.037539468732366910e+00
2.037540125299524885e+00
2.037540781866683748e+00
2.037541438433842167e+00
2.037542095001000142e+00
2.037542751568159005e+00
2.037543408135316980e+00
2.037544064702475843e+00
2.037544721269633818e+00
2.037545377836792682e+00
2.037546034403951545e+00
2.037546690971109520e+00
2.037547347538268383e+00
2.037548004105426358e+00
2.037548660672585221e+00
2.037549317239744084e+00
2.037549973806902059e+00
2.037550630374060923e+00
2.037551286941218898e+00
2.037551943508377761e+00
2.037552600075536180e+00
2.037553256642694599e+00
2.037553913209853018e+00
2.037554569777011437e+00
2.037555226344169856e+00
2.037555882911327831e+00
2.037556539478486695e+00
2.037557196045645558e+00
2.037557852612803533e+00
2.037558509179962396e+00
2.037559165747120371e+00
2.037559822314279234e+00
