1.000000000000000000e+00
1.000032522079529418e+00
1.000065044159051730e+00
1.000097566238581148e+00
1.000130088318103239e+00
1.000162610397632657e+00
1.000195132477154969e+00
1.000227654556684387e+00
1.000260176636213805e+00
1.000292698715735895e+00
1.000325220795265313e+00
1.000357742874787625e+00
1.000390264954317043e+00
1.000422787033846461e+00
1.000455309113368552e+00
1.000487831192897970e+00
1.000520353272420282e+00
1.000552875351949700e+00
1.000585397431471790e+00
1.000617919511001208e+00
1.000650441590530626e+00
1.000682963670052938e+00
1.000715485749582356e+00
1.000748007829104669e+00
1.000780529908634087e+00
1.000813051988163505e+00
1.000845574067685595e+00
1.000878096147215013e+00
1.000910618226737325e+00
1.000943140306266743e+00
1.000975662385788834e+00
1.001008184465318251e+00
1.001040706544847669e+00
1.001073228624369982e+00
1.001105750703899400e+00
1.001138272783421490e+00
1.001170794862950908e+00
1.001203316942473220e+00
1.001235839022002638e+00
1.001268361101532056e+00
1.001300883181054147e+00
1.001333405260583564e+00
1.001365927340105877e+00
1.001398449419635295e+00
1.001430971499164713e+00
1.001463493578687025e+00
1.001496015658216443e+00
1.001528537737738533e+00
1.001561059817267951e+00
1.001593581896790264e+00
1.001626103976319682e+00
1.001658626055849100e+00
1.001691148135371190e+00
1.001723670214900608e+00
1.001756192294422920e+00
1.001788714373952338e+00
1.001821236453481756e+00
1.001853758533003846e+00
1.001886280612533264e+00
1.001918802692055577e+00
1.001951324771584995e+00
1.001983846851107085e+00
1.002016368930636503e+00
1.002048891010165921e+00
1.002081413089688233e+00
1.002113935169217651e+00
1.002146457248739964e+00
1.002178979328269381e+00
1.002211501407791472e+00
1.002244023487320890e+00
1.002276545566850308e+00
1.002309067646372620e+00
1.002341589725902038e+00
1.002374111805424128e+00
1.002406633884953546e+00
1.002439155964482964e+00
1.002471678044005277e+00
1.002504200123534694e+00
1.002536722203056785e+00
1.002569244282586203e+00
1.002601766362108515e+00
1.002634288441637933e+00
1.002666810521167351e+00
1.002699332600689441e+00
1.002731854680218859e+00
1.002764376759741172e+00
1.002796898839270590e+00
1.002829420918800007e+00
1.002861942998322320e+00
1.002894465077851738e+00
1.002926987157373828e+00
1.002959509236903246e+00
1.002992031316425559e+00
1.003024553395954976e+00
1.003057075475484394e+00
1.003089597555006485e+00
1.003122119634535903e+00
1.003154641714058215e+00
1.003187163793587633e+00
1.003219685873109723e+00
1.003252207952639141e+00
1.003284730032168559e+00
1.003317252111690872e+00
1.003349774191220289e+00
1.003382296270742380e+00
1.003414818350271798e+00
1.003447340429801216e+00
1.003479862509323528e+00
1.003512384588852946e+00
1.003544906668375258e+00
1.003577428747904454e+00
1.003609950827426767e+00
1.003642472906956185e+00
1.003674994986485602e+00
1.003707517066007915e+00
1.003740039145537333e+00
1.003772561225059423e+00
1.003805083304588841e+00
1.003837605384118259e+00
1.003870127463640571e+00
1.003902649543169989e+00
1.003935171622692080e+00
1.003967693702221498e+00
1.004000215781743810e+00
1.004032737861273228e+00
1.004065259940802646e+00
1.004097782020324736e+00
1.004130304099854154e+00
1.004162826179376466e+00
1.004195348258905884e+00
1.004227870338427975e+00
1.004260392417957393e+00
1.004292914497486811e+00
1.004325436577009123e+00
1.004357958656538541e+00
1.004390480736060853e+00
1.004423002815590271e+00
1.004455524895119689e+00
1.004488046974641779e+00
1.004520569054171197e+00
1.004553091133693510e+00
1.004585613213222928e+00
1.004618135292745018e+00
1.004650657372274436e+00
1.004683179451803854e+00
1.004715701531326166e+00
1.004748223610855584e+00
1.004780745690377675e+00
1.004813267769907092e+00
1.004845789849436510e+00
1.004878311928958823e+00
1.004910834008488241e+00
1.004943356088010331e+00
1.004975878167539749e+00
1.005008400247062061e+00
1.005040922326591479e+00
1.005073444406120897e+00
1.005105966485643210e+00
1.005138488565172628e+00
1.005171010644694718e+00
1.005203532724224136e+00
1.005236054803753554e+00
1.005268576883275866e+00
1.005301098962805284e+00
1.005333621042327374e+00
1.005366143121856792e+00
1.005398665201379105e+00
1.005431187280908523e+00
1.005463709360437941e+00
1.005496231439960031e+00
1.005528753519489449e+00
1.005561275599011761e+00
1.005593797678541179e+00
1.005626319758063270e+00
1.005658841837592687e+00
1.005691363917122105e+00
1.005723885996644418e+00
1.005756408076173836e+00
1.005788930155696148e+00
1.005821452235225566e+00
1.005853974314754984e+00
1.005886496394277074e+00
1.005919018473806492e+00
1.005951540553328805e+00
1.005984062632858222e+00
1.006016584712380313e+00
1.006049106791909731e+00
1.006081628871439149e+00
1.006114150950961461e+00
1.006146673030490879e+00
1.006179195110012969e+00
1.006211717189542387e+00
1.006244239269071805e+00
1.006276761348594118e+00
1.006309283428123535e+00
1.006341805507645626e+00
1.006374327587175044e+00
1.006406849666697356e+00
1.006439371746226774e+00
1.006471893825756192e+00
1.006504415905278504e+00
1.006536937984807922e+00
1.006569460064330013e+00
1.006601982143859431e+00
1.006634504223381743e+00
1.006667026302911161e+00
1.006699548382440579e+00
1.006732070461962669e+00
1.006764592541492087e+00
1.006797114621014400e+00
1.006829636700543817e+00
1.006862158780073235e+00
1.006894680859595326e+00
1.006927202939124744e+00
1.006959725018647056e+00
1.006992247098176474e+00
1.007024769177698564e+00
1.007057291257227982e+00
1.007089813336757400e+00
1.007122335416279713e+00
1.007154857495809130e+00
1.007187379575331443e+00
1.007219901654860861e+00
1.007252423734390279e+00
1.007284945813912369e+00
1.007317467893441787e+00
1.007349989972964099e+00
1.007382512052493517e+00
1.007415034132015608e+00
1.007447556211545026e+00
1.007480078291074443e+00
1.007512600370596756e+00
1.007545122450126174e+00
1.007577644529648264e+00
1.007610166609177682e+00
1.007642688688699995e+00
1.007675210768229412e+00
1.007707732847758830e+00
1.007740254927280921e+00
1.007772777006810339e+00
1.007805299086332651e+00
1.007837821165862069e+00
1.007870343245391487e+00
1.007902865324913799e+00
1.007935387404443217e+00
1.007967909483965308e+00
1.008000431563494725e+00
1.008032953643017038e+00
1.008065475722546456e+00
1.008097997802075874e+00
1.008130519881597964e+00
1.008163041961127382e+00
1.008195564040649694e+00
1.008228086120179112e+00
1.008260608199708530e+00
1.008293130279230621e+00
1.008325652358760038e+00
1.008358174438282351e+00
1.008390696517811769e+00
1.008423218597333859e+00
1.008455740676863277e+00
1.008488262756392695e+00
1.008520784835915007e+00
1.008553306915444425e+00
1.008585828994966738e+00
1.008618351074496156e+00
1.008650873154018246e+00
1.008683395233547664e+00
1.008715917313077082e+00
1.008748439392599394e+00
1.008780961472128812e+00
1.008813483551650902e+00
1.008846005631180320e+00
1.008878527710709738e+00
1.008911049790232051e+00
1.008943571869761469e+00
1.008976093949283559e+00
1.009008616028812977e+00
1.009041138108335289e+00
1.009073660187864707e+00
1.009106182267394125e+00
1.009138704346916215e+00
1.009171226426445633e+00
1.009203748505967946e+00
1.009236270585497364e+00
1.009268792665026782e+00
1.009301314744549094e+00
1.009333836824078290e+00
1.009366358903600602e+00
1.009398880983130020e+00
1.009431403062652333e+00
1.009463925142181751e+00
1.009496447221711168e+00
1.009528969301233259e+00
1.009561491380762677e+00
1.009594013460284989e+00
1.009626535539814407e+00
1.009659057619336497e+00
1.009691579698865915e+00
1.009724101778395333e+00
1.009756623857917646e+00
1.009789145937447064e+00
1.009821668016969154e+00
1.009854190096498572e+00
1.009886712176027990e+00
1.009919234255550302e+00
1.009951756335079720e+00
1.009984278414602032e+00
1.010016800494131228e+00
1.010049322573653541e+00
1.010081844653182959e+00
1.010114366732712377e+00
1.010146888812234689e+00
1.010179410891764107e+00
1.010211932971286197e+00
1.010244455050815615e+00
1.010276977130345033e+00
1.010309499209867345e+00
1.010342021289396763e+00
1.010374543368918854e+00
1.010407065448448272e+00
1.010439587527970584e+00
1.010472109607500002e+00
1.010504631687029420e+00
1.010537153766551510e+00
1.010569675846080928e+00
1.010602197925603241e+00
1.010634720005132658e+00
1.010667242084654749e+00
1.010699764164184167e+00
1.010732286243713585e+00
1.010764808323235897e+00
1.010797330402765315e+00
1.010829852482287627e+00
1.010862374561817045e+00
1.010894896641346463e+00
1.010927418720868554e+00
1.010959940800397971e+00
1.010992462879920284e+00
1.011024984959449702e+00
1.011057507038971792e+00
1.011090029118501210e+00
1.011122551198030628e+00
1.011155073277552940e+00
1.011187595357082358e+00
1.011220117436604449e+00
1.011252639516133867e+00
1.011285161595663284e+00
1.011317683675185597e+00
1.011350205754715015e+00
1.011382727834237105e+00
1.011415249913766523e+00
1.011447771993288836e+00
1.011480294072818253e+00
1.011512816152347671e+00
1.011545338231869984e+00
1.011577860311399402e+00
1.011610382390921492e+00
1.011642904470450910e+00
1.011675426549973222e+00
1.011707948629502640e+00
1.011740470709032058e+00
1.011772992788554149e+00
1.011805514868083566e+00
1.011838036947605879e+00
1.011870559027135297e+00
1.011903081106664715e+00
1.011935603186186805e+00
1.011968125265716223e+00
1.012000647345238535e+00
1.012033169424767953e+00
1.012065691504290044e+00
1.012098213583819462e+00
1.012130735663348879e+00
1.012163257742871192e+00
1.012195779822400610e+00
1.012228301901922922e+00
1.012260823981452340e+00
1.012293346060981758e+00
1.012325868140503848e+00
1.012358390220033266e+00
1.012390912299555579e+00
1.012423434379084997e+00
1.012455956458607087e+00
1.012488478538136505e+00
1.012521000617665923e+00
1.012553522697188235e+00
1.012586044776717653e+00
1.012618566856239744e+00
1.012651088935769161e+00
1.012683611015291474e+00
1.012716133094820892e+00
1.012748655174350310e+00
1.012781177253872400e+00
1.012813699333401818e+00
1.012846221412924130e+00
1.012878743492453548e+00
1.012911265571982966e+00
1.012943787651505279e+00
1.012976309731034696e+00
1.013008831810556787e+00
1.013041353890086205e+00
1.013073875969608517e+00
1.013106398049137935e+00
1.013138920128667353e+00
1.013171442208189443e+00
1.013203964287718861e+00
1.013236486367241174e+00
1.013269008446770592e+00
1.013301530526300009e+00
1.013334052605822100e+00
1.013366574685351518e+00
1.013399096764873830e+00
1.013431618844403248e+00
1.013464140923925338e+00
1.013496663003454756e+00
1.013529185082984174e+00
1.013561707162506487e+00
1.013594229242035905e+00
1.013626751321558217e+00
1.013659273401087635e+00
1.013691795480617053e+00
1.013724317560139143e+00
1.013756839639668561e+00
1.013789361719190874e+00
1.013821883798720291e+00
1.013854405878242382e+00
1.013886927957771800e+00
1.013919450037301218e+00
1.013951972116823530e+00
1.013984494196352948e+00
1.014017016275875038e+00
1.014049538355404456e+00
1.014082060434926769e+00
1.014114582514456187e+00
1.014147104593985604e+00
1.014179626673507695e+00
1.014212148753037113e+00
1.014244670832559425e+00
1.014277192912088843e+00
1.014309714991618261e+00
1.014342237071140573e+00
1.014374759150669991e+00
1.014407281230192082e+00
1.014439803309721500e+00
1.014472325389243812e+00
1.014504847468773230e+00
1.014537369548302648e+00
1.014569891627824738e+00
1.014602413707354156e+00
1.014634935786876468e+00
1.014667457866405886e+00
1.014699979945935304e+00
1.014732502025457395e+00
1.014765024104986813e+00
1.014797546184509125e+00
1.014830068264038543e+00
1.014862590343560633e+00
1.014895112423090051e+00
1.014927634502619469e+00
1.014960156582141781e+00
1.014992678661671199e+00
1.015025200741193512e+00
1.015057722820722930e+00
1.015090244900245020e+00
1.015122766979774438e+00
1.015155289059303856e+00
1.015187811138826168e+00
1.015220333218355586e+00
1.015252855297877677e+00
1.015285377377407094e+00
1.015317899456936512e+00
1.015350421536458825e+00
1.015382943615988243e+00
1.015415465695510333e+00
1.015447987775039751e+00
1.015480509854562063e+00
1.015513031934091481e+00
1.015545554013620899e+00
1.015578076093142990e+00
1.015610598172672407e+00
1.015643120252194720e+00
1.015675642331724138e+00
1.015708164411253556e+00
1.015740686490775868e+00
1.015773208570305064e+00
1.015805730649827376e+00
1.015838252729356794e+00
1.015870774808879107e+00
1.015903296888408525e+00
1.015935818967937943e+00
1.015968341047460033e+00
1.016000863126989451e+00
1.016033385206511763e+00
1.016065907286041181e+00
1.016098429365563272e+00
1.016130951445092689e+00
1.016163473524622107e+00
1.016195995604144420e+00
1.016228517683673838e+00
1.016261039763195928e+00
1.016293561842725346e+00
1.016326083922254764e+00
1.016358606001777076e+00
1.016391128081306494e+00
1.016423650160828807e+00
1.016456172240358002e+00
1.016488694319880315e+00
1.016521216399409733e+00
1.016553738478939151e+00
1.016586260558461463e+00
1.016618782637990881e+00
1.016651304717512971e+00
1.016683826797042389e+00
1.016716348876571807e+00
1.016748870956094120e+00
1.016781393035623537e+00
1.016813915115145628e+00
1.016846437194675046e+00
1.016878959274197358e+00
1.016911481353726776e+00
1.016944003433256194e+00
1.016976525512778284e+00
1.017009047592307702e+00
1.017041569671830015e+00
1.017074091751359433e+00
1.017106613830881523e+00
1.017139135910410941e+00
1.017171657989940359e+00
1.017204180069462671e+00
1.017236702148992089e+00
1.017269224228514402e+00
1.017301746308043819e+00
1.017334268387573237e+00
1.017366790467095328e+00
1.017399312546624746e+00
1.017431834626147058e+00
1.017464356705676476e+00
1.017496878785198566e+00
1.017529400864727984e+00
1.017561922944257402e+00
1.017594445023779715e+00
1.017626967103309132e+00
1.017659489182831223e+00
1.017692011262360641e+00
1.017724533341890059e+00
1.017757055421412371e+00
1.017789577500941789e+00
1.017822099580463879e+00
1.017854621659993297e+00
1.017887143739515610e+00
1.017919665819045028e+00
1.017952187898574445e+00
1.017984709978096758e+00
1.018017232057626176e+00
1.018049754137148266e+00
1.018082276216677684e+00
1.018114798296199996e+00
1.018147320375729414e+00
1.018179842455258832e+00
1.018212364534780923e+00
1.018244886614310341e+00
1.018277408693832653e+00
1.018309930773362071e+00
1.018342452852891489e+00
1.018374974932413579e+00
1.018407497011942997e+00
1.018440019091465309e+00
1.018472541170994727e+00
1.018505063250516818e+00
1.018537585330046236e+00
1.018570107409575654e+00
1.018602629489097966e+00
1.018635151568627384e+00
1.018667673648149696e+00
1.018700195727679114e+00
1.018732717807208532e+00
1.018765239886730622e+00
1.018797761966260040e+00
1.018830284045782353e+00
1.018862806125311771e+00
1.018895328204833861e+00
1.018927850284363279e+00
1.018960372363892697e+00
1.018992894443415009e+00
1.019025416522944427e+00
1.019057938602466518e+00
1.019090460681995935e+00
1.019122982761518248e+00
1.019155504841047666e+00
1.019188026920577084e+00
1.019220549000099174e+00
1.019253071079628592e+00
1.019285593159150904e+00
1.019318115238680322e+00
1.019350637318209740e+00
1.019383159397732053e+00
1.019415681477261471e+00
1.019448203556783561e+00
1.019480725636312979e+00
1.019513247715835291e+00
1.019545769795364709e+00
1.019578291874894127e+00
1.019610813954416217e+00
1.019643336033945635e+00
1.019675858113467948e+00
1.019708380192997366e+00
1.019740902272526784e+00
1.019773424352048874e+00
1.019805946431578292e+00
1.019838468511100604e+00
1.019870990590630022e+00
1.019903512670152113e+00
1.019936034749681530e+00
1.019968556829210948e+00
1.020001078908733261e+00
1.020033600988262679e+00
1.020066123067784991e+00
1.020098645147314409e+00
1.020131167226836499e+00
1.020163689306365917e+00
1.020196211385895335e+00
1.020228733465417648e+00
1.020261255544947065e+00
1.020293777624469156e+00
1.020326299703998574e+00
1.020358821783527992e+00
1.020391343863050304e+00
1.020423865942579722e+00
1.020456388022101812e+00
1.020488910101631230e+00
1.020521432181153543e+00
1.020553954260682961e+00
1.020586476340212378e+00
1.020618998419734469e+00
1.020651520499263887e+00
1.020684042578786199e+00
1.020716564658315617e+00
1.020749086737845035e+00
1.020781608817367347e+00
1.020814130896896765e+00
1.020846652976418856e+00
1.020879175055948274e+00
1.020911697135470586e+00
1.020944219215000004e+00
1.020976741294529422e+00
1.021009263374051512e+00
1.021041785453580930e+00
1.021074307533103243e+00
1.021106829612632660e+00
1.021139351692162078e+00
1.021171873771684169e+00
1.021204395851213587e+00
1.021236917930735899e+00
1.021269440010265317e+00
1.021301962089787407e+00
1.021334484169316825e+00
1.021367006248846243e+00
1.021399528328368556e+00
1.021432050407897973e+00
1.021464572487420286e+00
1.021497094566949704e+00
1.021529616646471794e+00
1.021562138726001212e+00
1.021594660805530630e+00
1.021627182885052942e+00
1.021659704964582360e+00
1.021692227044104451e+00
1.021724749123633869e+00
1.021757271203163286e+00
1.021789793282685599e+00
1.021822315362215017e+00
1.021854837441737107e+00
1.021887359521266525e+00
1.021919881600788838e+00
1.021952403680318255e+00
1.021984925759847673e+00
1.022017447839369764e+00
1.022049969918899182e+00
1.022082491998421494e+00
1.022115014077950912e+00
1.022147536157480330e+00
1.022180058237002642e+00
1.022212580316531838e+00
1.022245102396054151e+00
1.022277624475583568e+00
1.022310146555105881e+00
1.022342668634635299e+00
1.022375190714164717e+00
1.022407712793686807e+00
1.022440234873216225e+00
1.022472756952738537e+00
1.022505279032267955e+00
1.022537801111790046e+00
1.022570323191319464e+00
1.022602845270848881e+00
1.022635367350371194e+00
1.022667889429900612e+00
1.022700411509422702e+00
1.022732933588952120e+00
1.022765455668481538e+00
1.022797977748003850e+00
1.022830499827533268e+00
1.022863021907055581e+00
1.022895543986584777e+00
1.022928066066107089e+00
1.022960588145636507e+00
1.022993110225165925e+00
1.023025632304688237e+00
1.023058154384217655e+00
1.023090676463739745e+00
1.023123198543269163e+00
1.023155720622798581e+00
1.023188242702320894e+00
1.023220764781850312e+00
1.023253286861372402e+00
1.023285808940901820e+00
1.023318331020424132e+00
1.023350853099953550e+00
1.023383375179482968e+00
1.023415897259005058e+00
1.023448419338534476e+00
1.023480941418056789e+00
1.023513463497586207e+00
1.023545985577108297e+00
1.023578507656637715e+00
1.023611029736167133e+00
1.023643551815689445e+00
1.023676073895218863e+00
1.023708595974741176e+00
1.023741118054270594e+00
1.023773640133800011e+00
1.023806162213322102e+00
1.023838684292851520e+00
1.023871206372373832e+00
1.023903728451903250e+00
1.023936250531425340e+00
1.023968772610954758e+00
1.024001294690484176e+00
1.024033816770006489e+00
1.024066338849535907e+00
1.024098860929057997e+00
1.024131383008587415e+00
1.024163905088116833e+00
1.024196427167639145e+00
1.024228949247168563e+00
1.024261471326690653e+00
1.024293993406220071e+00
1.024326515485742384e+00
1.024359037565271802e+00
1.024391559644801220e+00
1.024424081724323532e+00
1.024456603803852950e+00
1.024489125883375040e+00
1.024521647962904458e+00
1.024554170042426771e+00
1.024586692121956188e+00
1.024619214201485606e+00
1.024651736281007697e+00
1.024684258360537115e+00
1.024716780440059427e+00
1.024749302519588845e+00
1.024781824599118263e+00
1.024814346678640353e+00
1.024846868758169771e+00
1.024879390837692084e+00
1.024911912917221501e+00
1.024944434996743592e+00
1.024976957076273010e+00
1.025009479155802428e+00
1.025042001235324740e+00
1.025074523314854158e+00
1.025107045394376470e+00
1.025139567473905888e+00
1.025172089553435306e+00
1.025204611632957397e+00
1.025237133712486814e+00
1.025269655792009127e+00
1.025302177871538545e+00
1.025334699951060635e+00
1.025367222030590053e+00
1.025399744110119471e+00
1.025432266189641783e+00
1.025464788269171201e+00
1.025497310348693292e+00
1.025529832428222710e+00
1.025562354507745022e+00
1.025594876587274440e+00
1.025627398666803858e+00
1.025659920746325948e+00
1.025692442825855366e+00
1.025724964905377679e+00
1.025757486984907096e+00
1.025790009064436514e+00
1.025822531143958827e+00
1.025855053223488245e+00
1.025887575303010335e+00
1.025920097382539753e+00
1.025952619462062065e+00
1.025985141541591483e+00
1.026017663621120901e+00
1.026050185700642992e+00
1.026082707780172409e+00
1.026115229859694722e+00
1.026147751939224140e+00
1.026180274018753558e+00
1.026212796098275648e+00
1.026245318177805066e+00
1.026277840257327378e+00
1.026310362336856796e+00
1.026342884416378887e+00
1.026375406495908305e+00
1.026407928575437722e+00
1.026440450654960035e+00
1.026472972734489453e+00
1.026505494814011765e+00
1.026538016893541183e+00
1.026570538973063274e+00
1.026603061052592691e+00
1.026635583132122109e+00
1.026668105211644422e+00
1.026700627291173840e+00
1.026733149370695930e+00
1.026765671450225348e+00
1.026798193529754766e+00
1.026830715609277078e+00
1.026863237688806496e+00
1.026895759768328587e+00
1.026928281847858004e+00
1.026960803927380317e+00
1.026993326006909735e+00
1.027025848086439153e+00
1.027058370165961243e+00
1.027090892245490661e+00
1.027123414325012973e+00
1.027155936404542391e+00
1.027188458484071809e+00
1.027220980563594122e+00
1.027253502643123539e+00
1.027286024722645630e+00
1.027318546802175048e+00
1.027351068881697360e+00
1.027383590961226778e+00
1.027416113040756196e+00
1.027448635120278286e+00
1.027481157199807704e+00
1.027513679279330017e+00
1.027546201358859435e+00
1.027578723438381525e+00
1.027611245517910943e+00
1.027643767597440361e+00
1.027676289676962673e+00
1.027708811756492091e+00
1.027741333836014181e+00
1.027773855915543599e+00
1.027806377995073017e+00
1.027838900074595330e+00
1.027871422154124748e+00
1.027903944233647060e+00
1.027936466313176478e+00
1.027968988392698568e+00
1.028001510472227986e+00
1.028034032551757404e+00
1.028066554631279717e+00
1.028099076710809134e+00
1.028131598790331225e+00
1.028164120869860643e+00
1.028196642949390061e+00
1.028229165028912373e+00
1.028261687108441791e+00
1.028294209187963881e+00
1.028326731267493299e+00
1.028359253347015612e+00
1.028391775426545030e+00
1.028424297506074447e+00
1.028456819585596538e+00
1.028489341665125956e+00
1.028521863744648268e+00
1.028554385824177686e+00
1.028586907903699998e+00
1.028619429983229416e+00
1.028651952062758612e+00
1.028684474142280925e+00
1.028716996221810343e+00
1.028749518301332655e+00
1.028782040380862073e+00
1.028814562460391491e+00
1.028847084539913581e+00
1.028879606619442999e+00
1.028912128698965311e+00
1.028944650778494729e+00
1.028977172858016820e+00
1.029009694937546238e+00
1.029042217017075656e+00
1.029074739096597968e+00
1.029107261176127386e+00
1.029139783255649476e+00
1.029172305335178894e+00
1.029204827414708312e+00
1.029237349494230624e+00
1.029872856389116631e+00
1.030797948078211013e+00
1.031723039767298289e+00
1.032648131456392671e+00
1.033573223145487052e+00
1.034498314834574328e+00
1.035423406523668710e+00
1.036348498212755986e+00
1.037273589901850368e+00
1.038198681590937644e+00
1.039123773280032026e+00
1.040048864969119302e+00
1.040973956658213684e+00
1.041899048347300960e+00
1.042824140036395342e+00
1.043749231725489723e+00
1.044674323414577000e+00
1.045599415103671381e+00
1.046524506792758658e+00
1.047449598481853039e+00
1.048374690170940315e+00
1.049299781860034697e+00
1.050224873549121973e+00
1.051149965238216355e+00
1.052075056927303631e+00
1.053000148616398013e+00
1.053925240305485289e+00
1.054850331994579671e+00
1.055775423683674052e+00
1.056700515372761329e+00
1.057625607061855710e+00
1.058550698750942987e+00
1.060113038153873699e+00
1.061695642240980897e+00
1.063278246328080989e+00
1.064860850415188187e+00
1.066443454502288279e+00
1.068026058589395477e+00
1.069608662676495348e+00
1.071191266763602767e+00
1.072773870850702638e+00
1.074356474937810058e+00
1.075939079024917255e+00
1.077521683112017126e+00
1.079104287199124546e+00
1.080686891286224416e+00
1.082269495373331836e+00
1.083852099460431706e+00
1.085434703547539126e+00
1.087017307634646324e+00
1.088867297322600791e+00
1.091099405992489668e+00
1.093331514662378323e+00
1.095563623332274528e+00
1.097795732002163405e+00
1.100027840672052282e+00
1.102259949341948264e+00
1.104492058011837141e+00
1.106724166681726018e+00
1.108956275351622001e+00
1.111188384021510878e+00
1.113420492691406860e+00
1.115652601361295737e+00
1.118036199180645562e+00
1.120915907514427490e+00
1.123795615848216300e+00
1.126675324182005333e+00
1.129555032515794366e+00
1.132434740849583399e+00
1.135314449183365326e+00
1.138194157517154359e+00
1.141073865850943170e+00
1.143953574184732203e+00
1.146835563414930093e+00
1.150362536431456473e+00
1.153889509447982853e+00
1.157416482464509455e+00
1.160943455481035835e+00
1.164470428497562215e+00
1.167997401514088596e+00
1.171524374530615198e+00
1.175051347547141578e+00
1.178990975718995582e+00
1.183165463107823889e+00
1.187339950496659746e+00
1.191514437885488054e+00
1.195688925274316583e+00
1.199863412663152218e+00
1.204037900051980747e+00
1.208573640398714177e+00
1.213396160058704210e+00
1.218218679718694020e+00
1.223041199378684052e+00
1.227863719038673862e+00
1.232686238698671000e+00
1.237780680139701772e+00
1.243251914207210485e+00
1.248723148274718975e+00
1.254194382342235015e+00
1.259665616409743505e+00
1.265136850477252217e+00
1.294834050020364558e+00
1.324579022186216815e+00
1.354371883612415894e+00
1.384212747924615794e+00
1.414101726716212593e+00
1.444038930634650164e+00
1.474024469659576120e+00
1.504058453424748754e+00
1.534140991374630669e+00
1.564272193020459056e+00
1.594452167905385132e+00
1.624681025542285884e+00
1.654958875924954276e+00
1.685285828983772216e+00
1.715661995008915142e+00
1.746087484682714130e+00
1.776562408725345765e+00
1.807086878142187603e+00
1.837661004511456531e+00
1.868284899355737716e+00
1.898958674848205463e+00
1.929682443487404919e+00
1.960456317916849933e+00
1.991280411148807827e+00
2.022154836609336925e+00
2.053079707971111834e+00
2.084055139261143275e+00
2.115081244859961185e+00
2.146158139518274499e+00
2.177285938322191861e+00
2.208464756709595189e+00
2.239694710480933271e+00
2.270975915781928034e+00
2.302308489131919877e+00
2.333692547413842799e+00
2.365128207852774889e+00
2.396615588028867094e+00
2.428154805877340117e+00
2.459745979727870679e+00
2.491389228324385030e+00
2.523084670733502399e+00
2.554832426386138611e+00
2.586632615078277908e+00
2.618485356993500712e+00
2.650390772751151758e+00
2.682348983305502532e+00
2.714360109981455160e+00
2.746424274478299399e+00
2.778541598881428598e+00
2.810712205725293344e+00
2.842936217897021667e+00
2.875213758658491159e+00
2.907544951655014476e+00
2.939929920881319880e+00
2.972368790932018889e+00
3.004861686590382774e+00
3.037408733109336456e+00
3.070010056129356180e+00
3.102665781681498647e+00
3.135376036260649535e+00
3.168140946761067944e+00
3.200960640451080419e+00
3.233835245005868053e+00
3.266764888509948506e+00
3.299749699459661567e+00
3.332789806765695584e+00
3.365885339755576577e+00
3.399036428196398063e+00
3.432243202284686046e+00
3.465505792632306736e+00
3.498824330281253392e+00
3.532198946706413878e+00
3.565629773818247195e+00
3.599116943965545268e+00
3.632660589938152995e+00
3.666260844915258055e+00
3.699917842477023378e+00
3.733631716690735569e+00
3.767402602064719996e+00
3.801230633550153115e+00
3.835115946543010246e+00
3.869058676885996917e+00
3.903058960870534388e+00
3.937116935241403937e+00
3.971232737200035334e+00
4.005406504399579681e+00
4.039638374950284216e+00
4.073928487421595968e+00
4.108276980844102866e+00
4.142683994711568118e+00
4.177149668982913511e+00
4.211674144087957039e+00
4.246257560934378894e+00
4.280900060895877601e+00
4.315601785820152081e+00
4.350362878031402758e+00
4.385183480332408124e+00
4.420063736006603961e+00
4.455003788820201649e+00
4.490003783029724360e+00
4.525063863378735007e+00
4.560184175107009352e+00
4.595364863940374356e+00
4.630606076099370583e+00
4.665907958301408698e+00
4.701270657762844252e+00
4.736694322201165264e+00
4.772179099841846295e+00
4.807725139439205542e+00
4.843332590240279956e+00
4.879001602000063720e+00
4.914732324987044265e+00
4.950524909985502653e+00
4.986379508297846819e+00
5.022296271746949259e+00
5.058275352678538006e+00
5.094316903963522769e+00
5.130421079000411666e+00
5.166588031717710194e+00
5.202817916576329971e+00
5.239110888572052538e+00
5.275467103237924782e+00
5.311886716657088670e+00
5.348369885497239906e+00
5.384916766945681665e+00
5.421527518736489526e+00
5.458202299157783877e+00
5.494941267054580969e+00
5.531744581831750551e+00
5.568612403456970839e+00
5.605544892463698581e+00
5.642542209954221732e+00
5.679604517602642844e+00
5.716731977657985908e+00
5.753924752932399578e+00
5.791183006774995867e+00
5.828506903148721996e+00
5.865896606602845509e+00
5.903352282272471996e+00
5.940874095881399697e+00
5.978462213744957232e+00
6.016116802772840444e+00
6.053838030472016740e+00
6.091626064949547725e+00
6.129481074915512195e+00
6.167403229685911370e+00
6.205392699194023365e+00
6.243449654002918514e+00
6.281574265276821833e+00
6.319766704798731816e+00
6.358027144974474076e+00
6.396355758835868599e+00
6.434752720043897867e+00
6.473218202891962036e+00
6.511752382309039078e+00
6.550355433862979027e+00
6.589027533763753830e+00
6.627768858866748047e+00
6.666579586674998836e+00
6.705459895342044341e+00
6.744409963678127617e+00
6.783429971152092897e+00
6.822520097894701152e+00
6.861680524702005179e+00
6.900911433038792175e+00
6.940213005041954375e+00
6.979585423523968934e+00
7.019028871976344064e+00
7.058543534573114897e+00
7.098129596174318934e+00
7.137787242333256899e+00
7.177516659299923774e+00
7.217318034017302431e+00
7.257191554129146738e+00
7.297137407983670165e+00
7.337155784637245937e+00
7.377246873858050336e+00
7.417410866129803715e+00
7.457647952655503509e+00
7.497958325361175014e+00
7.538342176899639924e+00
7.578799700654348825e+00
7.619331090748711510e+00
7.659936542047651287e+00
7.700616250154076248e+00
7.741370411417658914e+00
7.782199222938844585e+00
7.823102882572784189e+00
7.864081588933397704e+00
7.905135541397401155e+00
7.946264940108378028e+00
7.987469985980851561e+00
8.028750880704444981e+00
8.070107826746776070e+00
8.111541027368337708e+00
8.153050686613710241e+00
8.194637009318377352e+00
8.236300201114467257e+00
8.278040468434989307e+00
8.319858018518239362e+00
8.361753059412146527e+00
8.403725799978669642e+00
8.445776449898206195e+00
8.487905219674077628e+00
8.530112320636927592e+00
8.572397964949377780e+00
8.614762365619377249e+00
8.657205736495773962e+00
8.699728292269169216e+00
8.742330248481067656e+00
8.785011821528613041e+00
8.827773228669325789e+00
8.870614688025856509e+00
8.913536418590782162e+00
8.956538640231478610e+00
8.999621573694918553e+00
9.042785440612609804e+00
9.086030463505512245e+00
9.129356865788986752e+00
9.172764871777838280e+00
9.216254706692891929e+00
9.259826596676903776e+00
9.303480768781113852e+00
9.347217450975167097e+00
9.391036872154632675e+00
9.434939262146334826e+00
9.478924851713632194e+00
9.522993872561848150e+00
9.567146557343681579e+00
9.611383139664660291e+00
9.655703854088693916e+00
9.700108936143564620e+00
9.744598622326565263e+00
9.789173150110126898e+00
9.833832757947504888e+00
9.878577685276134446e+00
9.923408172521316573e+00
9.968324461110238843e+00
1.001332679347386367e+01
1.005841541305256470e+01
1.010359056430203140e+01
1.014885249269926248e+01
1.019420144474850964e+01
1.023963766798735797e+01
1.028516141099281711e+01
1.033077292338745679e+01
1.037647245584557432e+01
1.042226026009948114e+01
1.046813658894571120e+01
1.051410169625138380e+01
1.056015583695953275e+01
1.060629926709640358e+01
1.065253224377867802e+01
1.069885502521927378e+01
1.074526787073395084e+01
1.079177104074791238e+01
1.083836479680246256e+01
1.088504940156170164e+01
1.093182511881934360e+01
1.097869221350544322e+01
1.102565095169331322e+01
1.107270160060642361e+01
1.111984442862536149e+01
1.116707970529488136e+01
1.121440770133122378e+01
1.126182868863204334e+01
1.130934294027917097e+01
1.135695073054674786e+01
1.140465233490917996e+01
1.145244803004854006e+01
1.150033809386192729e+01
1.154832280546897927e+01
1.159640244521939145e+01
1.164457729470049863e+01
1.169284763674496652e+01
1.174121375543841417e+01
1.178967593612723874e+01
1.183823446542641555e+01
1.188688963122737263e+01
1.193564172270780510e+01
1.198449103034240970e+01
1.203343784590277465e+01
1.208248246246921198e+01
1.213162517443926625e+01
1.218086627753597639e+01
1.223020606881628680e+01
1.227964484667938194e+01
1.232918291087522000e+01
1.237882056251305940e+01
1.242855810407008299e+01
1.247839583940004893e+01
1.252833407374209784e+01
1.257837311372948719e+01
1.262851326739851388e+01
1.267875484420260257e+01
1.272909815501780884e+01
1.277954351214702911e+01
1.283009122933293078e+01
1.288074162176727988e+01
1.293149500610028113e+01
1.298235170045000508e+01
1.303331202441188097e+01
1.308437629906832456e+01
1.313554484699831981e+01
1.318681799228718532e+01
1.323819606053638509e+01
1.328967937887339446e+01
1.334126827596170450e+01
1.339296308201164898e+01
1.344476412879664728e+01
1.349667174965465399e+01
1.354868627949838000e+01
1.360080805482814270e+01
1.365303741374244417e+01
1.370537469594845525e+01
1.375782024277275184e+01
1.381037439717205473e+01
1.386303750374405830e+01
1.391580990873842261e+01
1.396869196006770508e+01
1.402168400731852138e+01
1.407478640176274709e+01
1.412799949636877805e+01
1.418132364581623150e+01
1.423475920651398319e+01
1.428830653659422723e+01
1.434196599593163413e+01
1.439573794615601088e+01
1.444962275066423807e+01
1.450362077463222477e+01
1.455773238502705880e+01
1.461195795061922631e+01
1.466629784199490416e+01
1.472075243156839797e+01
1.477532209359463522e+01
1.483000720418184670e+01
1.488480814130421770e+01
1.493972528481477013e+01
1.499475901645828024e+01
1.504990971988438453e+01
1.510517778066065020e+01
1.516056358629333722e+01
1.521606752624859560e+01
1.527168999193718690e+01
1.532743137674200717e+01
1.538329207603275428e+01
1.543927248717992740e+01
1.549537300956884600e+01
1.555159404461389983e+01
1.560793599577285029e+01
1.566439926856135934e+01
1.572098427056747738e+01
1.577769141146643683e+01
1.583452110303546512e+01
1.589147375916878246e+01
1.594854979589271160e+01
1.600574963138091178e+01
1.606307368596982954e+01
1.612052238217412992e+01
1.617809614470191093e+01
1.623579540047030179e+01
1.629362057862287827e+01
1.635157211054490034e+01
1.640965042987959066e+01
1.646785597254448064e+01
1.652618917674794830e+01
1.658465048300589473e+01
1.664324033415855197e+01
1.670195917538751473e+01
1.676080745423280760e+01
1.681978562061020455e+01
1.687889412682867984e+01
1.693813342760804730e+01
1.699750398009664210e+01
1.705700624388932951e+01
1.711664068104555980e+01
1.717640775610764692e+01
1.723630793611994605e+01
1.729634169064734195e+01
1.735650949179255775e+01
1.741681181421595781e+01
1.747724913515471101e+01
1.753782193444205362e+01
1.759853069452685759e+01
1.765937590049316341e+01
1.772035804008010373e+01
1.778147760370190156e+01
1.784273508446807810e+01
1.790413097820385957e+01
1.796566578347073317e+01
1.802734000158730154e+01
1.808915413665014782e+01
1.815110869555507023e+01
1.821320418801841612e+01
1.827544112659870024e+01
1.833782002672216649e+01
1.840034140670251972e+01
1.846300578775847612e+01
1.852581369403952749e+01
1.858876565264855785e+01
1.865186219366466958e+01
1.871510385016629741e+01
1.877849115825437920e+01
1.884202465707591045e+01
1.890570488884763378e+01
1.896953239888002329e+01
1.903350773560136133e+01
1.909763145058217759e+01
1.916190409855989074e+01
1.922632623746360991e+01
1.929089842843928082e+01
1.935562123587494909e+01
1.942049522742648904e+01
1.948552097405504213e+01
1.955069905004249975e+01
1.961603003301010517e+01
1.968151450395255964e+01
1.974715304726479914e+01
1.981294625076925087e+01
1.987889470574320683e+01
1.994499900694653149e+01
2.001125975264961454e+01
2.007767754466156873e+01
2.014425298835881861e+01
2.021098669271375670e+01
2.027787927032387216e+01
2.034493133744107496e+01
2.041214351400135030e+01
2.047951642365460501e+01
2.054705069379490823e+01
2.061474695559132542e+01
2.068260584403626723e+01
2.075062799795664148e+01
2.081881406004007218e+01
2.088716467687521927e+01
2.095568049898377794e+01
2.102436218085303921e+01
2.109321038096859979e+01
2.116222576184756932e+01
2.123140899007186633e+01
2.130076073632208278e+01
2.137028167541155810e+01
2.143997248632082275e+01
2.150983385223238287e+01
2.157986646056583879e+01
2.165007100301344067e+01
2.172044817557581453e+01
2.179099867859823547e+01
2.186172321680809816e+01
2.193262249937452424e+01
2.200369723991557436e+01
2.207494815653545572e+01
2.214637597187113016e+01
2.221798141313087527e+01
2.228976521213327544e+01
2.236172810534655397e+01
2.243387083392840964e+01
2.250619414376610905e+01
2.257869878551711551e+01
2.265138551465006955e+01
2.272425509148626688e+01
2.279730828124140984e+01
2.287054585406793450e+01
2.294396858509769288e+01
2.301757725448510072e+01
2.309137264745070794e+01
2.316535555432751892e+01
2.323952677063532590e+01
2.331388709708071616e+01
2.338843733960845483e+01
2.346317830945628202e+01
2.353811082320153858e+01
2.361323570280805484e+01
2.368855377567376053e+01
2.376406587467865350e+01
2.383977283823331916e+01
2.391567551032795080e+01
2.399177474058186377e+01
2.406807138429362070e+01
2.414456630249149782e+01
2.422126036198465826e+01
2.429815443541476938e+01
2.437524940130824191e+01
2.445254614412885275e+01
2.453004555433578560e+01
2.460774852847374916e+01
2.468565596916589300e+01
2.476376878518322755e+01
2.484208789150902774e+01
2.492061420939532468e+01
2.499934866641976328e+01
2.507829219654330899e+01
2.515744574016845192e+01
2.523681024419813923e+01
2.531638666209514099e+01
2.539617595394227223e+01
2.547617908650313012e+01
2.555639703328352397e+01
2.563683077459358373e+01
2.571748129761045831e+01
2.579834959644183101e+01
2.587943667218991095e+01
2.596074353302498849e+01
2.604227119429364379e+01
2.612402067850292298e+01
2.620599301541295745e+01
2.628818924211306296e+01
2.637061040309041360e+01
2.645325755029949732e+01
2.653613174323232116e+01
2.661923404898933398e+01
2.670256554235130153e+01
2.678612730585167867e+01
2.686992042985007600e+01
2.695394601260631617e+01
2.703820516035551336e+01
2.712269898738368212e+01
2.720742861610446894e+01
2.729239517713655516e+01
2.737759980938198012e+01
2.746304366012030584e+01
2.754872788513522153e+01
2.763465364869160368e+01
2.772082212365653575e+01
2.780723449158959681e+01
2.789389194282687257e+01
2.798079567656598954e+01
2.806794690095193090e+01
2.815534683316399267e+01
2.824299669950364589e+01
2.833089773548337575e+01
2.841905118591651558e+01
2.850745830500809319e+01
2.859612035644678230e+01
2.868503861349766737e+01
2.877421435909628045e+01
2.886364888594355094e+01
2.895334349660192430e+01
2.904329950361691814e+01
2.913351822966084370e+01
2.922400100750736840e+01
2.931474918018624365e+01
2.940576410109104444e+01
2.949704713408234724e+01
2.958859965359227928e+01
2.968042304472993820e+01
2.977251870338830386e+01
2.986488803635229416e+01
2.995753246140794701e+01
3.005045340745299498e+01
3.014365231460864791e+01
3.023713063433260828e+01
3.033088982953340462e+01
3.042493137468613540e+01
3.051925675594931420e+01
3.061386747128322483e+01
3.070876503060716090e+01
3.080395095595638821e+01
3.089942678146498523e+01
3.099519405355804480e+01
3.109125433108133763e+01
3.118760918542859883e+01
3.128426020067023927e+01
3.138120897368359508e+01
3.147845711428474402e+01
3.157600624536169320e+01
3.167385800300927556e+01
3.177201403666557056e+01
3.187047600924979207e+01
3.196924559730198112e+01
3.206832449112411609e+01
3.216771439492296025e+01
3.226741702695461100e+01
3.236743411967056261e+01
3.246776741991845938e+01
3.256841868910709081e+01
3.266938970321729130e+01
3.277068225303225546e+01
3.287229814429499442e+01
3.297423919786556468e+01
3.307650724988033630e+01
3.317910415191293794e+01
3.328203177113723399e+01
3.338529199049221319e+01
3.348888670884866059e+01
3.359281784117794700e+01
3.369708731872277951e+01
3.380169708916982074e+01
3.390664911682446103e+01
3.401194538278762280e+01
3.411758788513452600e+01
3.422357863909569176e+01
3.432991967730480098e+01
3.443661304996933126e+01
3.454366082494083656e+01
3.465106508797792628e+01
3.475882794293914202e+01
3.486695151197773157e+01
3.497543793573855453e+01
3.508428937355743216e+01
3.519350800366284204e+01
3.530309602337990071e+01
3.541305564933686867e+01
3.552338911767395047e+01
3.563409868425468829e+01
3.574518662487974296e+01
3.585665523550320444e+01
3.596850683245142477e+01
3.608074375264450850e+01
3.619336835382022599e+01
3.630638301481767627e+01
3.641979013577043389e+01
3.653359213827526730e+01
3.664779146567451562e+01
3.676239058329390019e+01
3.687739197868327778e+01
3.699279816186016490e+01
3.710861166555605450e+01
3.722483504546569577e+01
3.734147088049931540e+01
3.745852177303767405e+01
3.757599034919012837e+01
3.769387925905589043e+01
3.781219117698795174e+01
3.793092880186052440e+01
3.805009485733918950e+01
3.816969209215442049e+01
3.828972328037819750e+01
3.841019122169154087e+01
3.853109874167902404e+01
3.865244869212254031e+01
3.877424395128332435e+01
3.889648742419492322e+01
3.901918204295940740e+01
3.914233076704694270e+01
3.926593658359897177e+01
3.939000250773464984e+01
3.951453158286090428e+01
3.963952688098605392e+01
3.976499150303686747e+01
3.989092857917931667e+01
4.001734126914303857e+01
4.014423276254927231e+01
4.027160627924268965e+01
4.039946506962692752e+01
4.052781241500052545e+01
4.065665162774266150e+01
4.078598605183044157e+01
4.091581906323430928e+01
4.104615407020073548e+01
4.117699451360880403e+01
4.130834386733075547e+01
4.144020563859636752e+01
4.157258336836120094e+01
4.170548063167886710e+01
4.183890103807712535e+01
4.197284823193814418e+01
4.210732589288267746e+01
4.224233773615828369e+01
4.237788751303170898e+01
4.251397901116717293e+01
4.265061605488836705e+01
4.278780250580828692e+01
4.292554226318598865e+01
4.306383926430774522e+01
4.320269748490282780e+01
4.334212093956320899e+01
4.348211368216765749e+01
4.362267980631002473e+01
4.376382344573158178e+01
4.390554877475782547e+01
4.404786000873954777e+01
4.419076140449808321e+01
4.433425726077499007e+01
4.447835191868617954e+01
4.462304976212475793e+01
4.476835521792551020e+01
4.491427275630201876e+01
4.506080689182012833e+01
4.520796218431112123e+01
4.535574323913971995e+01
4.550415470646119331e+01
4.565320128223100937e+01
4.580288770901755413e+01
4.595321877699528557e+01
4.610419932382597352e+01
4.625583423493905855e+01
4.640812844426637440e+01
4.656108693478600458e+01
4.671471473905543803e+01
4.686901693963525872e+01
4.702399866961479802e+01
4.717966511312752687e+01
4.733602150586714430e+01
4.749307313560393595e+01
4.765082534270314341e+01
4.780928352064869813e+01
4.796845311656615962e+01
4.812833963174912100e+01
4.828894862218819384e+01
4.845028569910185468e+01
4.861235652946906782e+01
4.877516683656394747e+01
4.893872240049243771e+01
4.910302905873034973e+01
4.926809270666302609e+01
4.943391929811258478e+01
4.960051484588273496e+01
4.976788542230960388e+01
4.993603715979881486e+01
5.010497625136824951e+01
5.027470895117730265e+01
5.044524157506702977e+01
5.061658050111768148e+01
5.078873217018168873e+01
5.096170308642400215e+01
5.113549981784816367e+01
5.131012899682379214e+01
5.148559732064510541e+01
5.166191155205298458e+01
5.183907851976550774e+01
5.201710511899405986e+01
5.219599831194998529e+01
5.237576512839535781e+01
5.255641266614696860e+01
5.273794809158782471e+01
5.292037864016495519e+01
5.310371161686563823e+01
5.328795439674988188e+01
5.347311442542755344e+01
5.365919921954019145e+01
5.384621636722977200e+01
5.403417352857425016e+01
5.422307843608830069e+01
5.441293889516349935e+01
5.460376278450789300e+01
5.479555805656812595e+01
5.498833273789045251e+01
5.518209492961950247e+01
5.537685280787760433e+01
5.557261462414582098e+01
5.576938870564132600e+01
5.596718345568307740e+01
5.616600735404462341e+01
5.636586895719410961e+01
5.656677689847681023e+01
5.676873988873092713e+01
5.697176671643740065e+01
5.717586624797447570e+01
5.738104742786019585e+01
5.758731927897564873e+01
5.779469090276743515e+01
5.800317147940942419e+01
5.821277026796634857e+01
5.842349660654670629e+01
5.863535991240076584e+01
5.884836968200436047e+01
5.906253549111588086e+01
5.927786699480573418e+01
5.949437392746381903e+01
5.971206610290342809e+01
5.993095341417755151e+01
6.015104583348261258e+01
6.037235341207703954e+01
6.059488628013293265e+01
6.081865464655319187e+01
6.104366879875350804e+01
6.126993910242665464e+01
6.149747600134337233e+01
6.172629001689298889e+01
6.195639174775349289e+01
6.218779186949771542e+01
6.242050113414713763e+01
6.265453036968308709e+01
6.288989047951372413e+01
6.312659244194436070e+01
6.336464730961198200e+01
6.360406620867961180e+01
6.384486033818294715e+01
6.408704096927110072e+01
6.433061944439508295e+01
6.457560717644481940e+01
6.482201564783365200e+01
6.506985640967705820e+01
6.531914108071860881e+01
6.556988134613297348e+01
6.582208895648174973e+01
6.607577572653244147e+01
6.633095353401986927e+01
6.658763431834857727e+01
6.684583007925388642e+01
6.710555287571027350e+01
6.736681482413278843e+01
6.762962809683901355e+01
6.789400492054318192e+01
6.815995757471031880e+01
6.842749838984711630e+01
6.869663974572947041e+01
6.896739406966511865e+01
6.923977383503414273e+01
6.951379155869199167e+01
6.978945979914857389e+01
7.006679115455264650e+01
7.034579826056504714e+01
7.062649378816794865e+01
7.090889044141130171e+01
7.119300095538312689e+01
7.147883809412515177e+01
7.176641464745297583e+01
7.205574342882628969e+01
7.234683727283834287e+01
7.263970903263707157e+01
7.293437157728895670e+01
7.323083778908957697e+01
7.352912056140904440e+01
7.382923279564140273e+01
7.413118739794869327e+01
7.443499727669983201e+01
7.474067533957162368e+01
7.504823449060704377e+01
7.535768762723168379e+01
7.566904763727872307e+01
7.598232739663460222e+01
7.629753976542906457e+01
7.661469758495346127e+01
7.693381367471084786e+01
7.725490082928686775e+01
7.757797181520223262e+01
7.790303936774829197e+01
7.823011618792011745e+01
7.855921493966445723e+01
7.889034824604831897e+01
7.922352868629188549e+01
7.955876879265611024e+01
7.989608104729521187e+01
8.023547787912313822e+01
8.057697166069775108e+01
8.092057470514338036e+01
8.126629926309794882e+01
8.161415751963885157e+01
8.196416159130384926e+01
8.231632352313560830e+01
8.267065528577185773e+01
8.302716877258714590e+01
8.338587579685965068e+01
8.374678808860134893e+01
8.410991729192602406e+01
8.447527496297286120e+01
8.484287256700802970e+01
8.521272147593340662e+01
8.558483296587617417e+01
8.595921821486618342e+01
8.633588830052929097e+01
8.671485419685107843e+01
8.709612677296533434e+01
8.747971679113149435e+01
8.786563490456597947e+01
8.825389165556728699e+01
8.864449747423313397e+01
8.903746267662167213e+01
8.943279746300505906e+01
8.983051191666622515e+01
9.023061600266210291e+01
9.063311956555808990e+01
9.103803232780022370e+01
9.144536389044495195e+01
9.185512373138685405e+01
9.226732120449123897e+01
9.268196553884044420e+01
9.309906583809203084e+01
9.351863107994927304e+01
9.394067011574843207e+01
9.436519167016243159e+01
9.479220434086433045e+01
9.522171659750853223e+01
9.565373678274298186e+01
9.608827311205659782e+01
9.652533367384023677e+01
9.696492642956988561e+01
9.740705921284558144e+01
9.785173973076841492e+01
9.829897556446165652e+01
9.874877416928273988e+01
9.920114287535950837e+01
9.965608888793798315e+01
1.001136192881228055e+02
1.005737410337460886e+02
1.010364609600366919e+02
1.015017857804429724e+02
1.019697220868423528e+02
1.024402763500749245e+02
1.029134549217165784e+02
1.033892640346234373e+02
1.038677098037109232e+02
1.043487982266997278e+02
1.048325351845983278e+02
1.053189264430378529e+02
1.058079776529489351e+02
1.062996943513628167e+02
1.067940819622065760e+02
1.072911457971380713e+02
1.077908910563512705e+02
1.082933228293102417e+02
1.087984460942353593e+02
1.093062657196300052e+02
1.098167864650830978e+02
1.103300129816016835e+02
1.108459498113468982e+02
1.113646013882496248e+02
1.118859720388966537e+02
1.124100659825782031e+02
1.129368873309270924e+02
1.134664400876055765e+02
1.139987281494390885e+02
1.145337553059608808e+02
1.150715252389778414e+02
1.156120415214838033e+02
1.161553076185431621e+02
1.167013268864981654e+02
1.172501025723429109e+02
1.178016378125485772e+02
1.183559356329430727e+02
1.189129989478050504e+02
1.194728305588856472e+02
1.200354331539125639e+02
1.206008093058323283e+02
1.211689614716477053e+02
1.217398919910108503e+02
1.223136030846173270e+02
1.228900968527378410e+02
1.234693752737011323e+02
1.240514402021068747e+02
1.246362933670583715e+02
1.252239363702828427e+02
1.258143706840454996e+02
1.264075976490865116e+02
1.270036184724857549e+02
1.276024342255157507e+02
1.282040458410938299e+02
1.288084541113881016e+02
1.294156596853438543e+02
1.300256630664339639e+02
1.306384646095802964e+02
1.312540645184593018e+02
1.318724628430663302e+02
1.324936594755968997e+02
1.331176541503251372e+02
1.337444464375611801e+02
1.343740357418462281e+02
1.350064212990496344e+02
1.356416021729953059e+02
1.362795772519937429e+02
1.369203452456454499e+02
1.375639046814828532e+02
1.382102539018343350e+02
1.388593910603956942e+02
1.395113141177239129e+02
1.401660208388152853e+02
1.408235087897291749e+02
1.414837753327792882e+02
1.421468176229259939e+02
1.428126326053557875e+02
1.434812170110241709e+02
1.441525673517809309e+02
1.448266799181849933e+02
1.455035507753411252e+02
1.461831757577932933e+02
1.468655504665440219e+02
1.475506702654521973e+02
1.482385302765248127e+02
1.489291253753871729e+02
1.496224501881689264e+02
1.503184990871163507e+02
1.510172661865773875e+02
1.517187453388990264e+02
1.524229301295155778e+02
1.531298138733575911e+02
1.538393896105354770e+02
1.545516501016452082e+02
1.552665878239644996e+02
1.559841949668769701e+02
1.567044634274587906e+02
1.574273848064032109e+02
1.581529504030316957e+02
1.588811512111027184e+02
1.596119779145227255e+02
1.603454208823544320e+02
1.610814701645712148e+02
1.618201154874457757e+02
1.625613462489988876e+02
1.633223498014668564e+02
1.633223498014668564e+02
1.640833533539348252e+02
1.640902210986056105e+02
1.640971021189872658e+02
1.641039964189741625e+02
1.641109040024982448e+02
1.641178248735290310e+02
1.641247590360735842e+02
1.641317064941763704e+02
1.641386672519194008e+02
1.641456413134220043e+02
1.641526286828409411e+02
1.641596293643702040e+02
1.641666433622412455e+02
1.641736706807226653e+02
1.641807113241202671e+02
1.641877652967771724e+02
1.641948326030735359e+02
1.642019132474266883e+02
1.642090072342910787e+02
1.642161145681581615e+02
1.642232352535564246e+02
1.642303692950513891e+02
1.642375166972455531e+02
1.642446774647782206e+02
1.642518516023257575e+02
1.642590391146012223e+02
1.642662400063547068e+02
1.642734542823729385e+02
1.642806819474795361e+02
1.642879230065345837e+02
1.642951774644315890e+02
1.643024453261031681e+02
1.643097265965201359e+02
1.643170212806899428e+02
1.643243293836565044e+02
1.643316509105004855e+02
1.643389858663389305e+02
1.643463342563254628e+02
1.643536960856501992e+02
1.643610713595396078e+02
1.643684600832567639e+02
1.643758622621010090e+02
1.643832779014081211e+02
1.643907070065502012e+02
1.643981495829357584e+02
1.644056056360095113e+02
1.644130751712526148e+02
1.644205581941822913e+02
1.644280547103521997e+02
1.644355647253520942e+02
1.644430882448079956e+02
1.644506252743820198e+02
1.644581758197726060e+02
1.644657398867141467e+02
1.644733174809772436e+02
1.644809086083685941e+02
1.644885132747309626e+02
1.644961314859431525e+02
1.645037632479200340e+02
1.645114085666125163e+02
1.645190674480074335e+02
1.645267398981276585e+02
1.645344259230320461e+02
1.645421255288154043e+02
1.645498387216083813e+02
1.645575655075776353e+02
1.645653058929256929e+02
1.645730598838909771e+02
1.645808274867477508e+02
1.645886087078061166e+02
1.645964035534121024e+02
1.646042120299474334e+02
1.646120341438297316e+02
1.646198699015123736e+02
1.646277193094845472e+02
1.646355823742711664e+02
1.646434591024328711e+02
1.646513495005661412e+02
1.646592535753030973e+02
1.646671713333116145e+02
1.646751027812952373e+02
1.646830479259932076e+02
1.646910067741805221e+02
1.646989793326677329e+02
1.647069656082996403e+02
1.647149656079382396e+02
1.647229793384964012e+02
1.647310068069295141e+02
1.647390480202284948e+02
1.647471029854197866e+02
1.647551717095652464e+02
1.647632541997623434e+02
1.647713504631439889e+02
1.647794605068785359e+02
1.647875843381698928e+02
1.647957219642574103e+02
1.648038733924159089e+02
1.648120386299556515e+02
1.648202176842224276e+02
1.648284105625973837e+02
1.648366172724972500e+02
1.648448378213741137e+02
1.648530722167155034e+02
1.648613204660444751e+02
1.648695825769194414e+02
1.648778585569343136e+02
1.648861484137184164e+02
1.648944521549364879e+02
1.649027697882887367e+02
1.649111013215107846e+02
1.649194467623736671e+02
1.649278061186839182e+02
1.649361793982834570e+02
1.649445666090495592e+02
1.649529677588950847e+02
1.649613828557681643e+02
1.649698119076524847e+02
1.649782549225670607e+02
1.649867119085664058e+02
1.649951828737404753e+02
1.650036678262145529e+02
1.650121667741494491e+02
1.650206797257414166e+02
1.650292066892220930e+02
1.650377476728585293e+02
1.650463026849533321e+02
1.650548717338444362e+02
1.650634548279052751e+02
1.650720519755447242e+02
1.650806631852071575e+02
1.650892884653723058e+02
1.650979278245554269e+02
1.651065812713071921e+02
1.651152488142138566e+02
1.651239304618970039e+02
1.651326262230138298e+02
1.651413361062568299e+02
1.651500601203541976e+02
1.651587982740694827e+02
1.651675505762008243e+02
1.651763170355730210e+02
1.651850976610544421e+02
1.651938924615517408e+02
1.652027014460071257e+02
1.652115246233981622e+02
1.652203620027380282e+02
1.652292135930753147e+02
1.652380794034941971e+02
1.652469594431142923e+02
1.652558537210907161e+02
1.652647622466142820e+02
1.652736850289111317e+02
1.652826220772431611e+02
1.652915734009076232e+02
1.653005390092375251e+02
1.653095189116013728e+02
1.653185131174032847e+02
1.653275216360829631e+02
1.653365444771156945e+02
1.653455816500124911e+02
1.653546331643199210e+02
1.653636990296202214e+02
1.653727792555312988e+02
1.653818738517066720e+02
1.653909828278356713e+02
1.654001061936432109e+02
1.654092439588899310e+02
1.654183961333722266e+02
1.654275627269222184e+02
1.654367437494077251e+02
1.654459392107324049e+02
1.654551491208356424e+02
1.654643734896925480e+02
1.654736123273141857e+02
1.654828656437472887e+02
1.654921334490744584e+02
1.655014157534142214e+02
1.655107125669208017e+02
1.655200238997844622e+02
1.655293497622312486e+02
1.655386901645374280e+02
1.655480451169675575e+02
1.655574146298677078e+02
1.655667987136083923e+02
1.655761973785961629e+02
1.655856106352734969e+02
1.655950384941187963e+02
1.656044809656465020e+02
1.656139380604069800e+02
1.656234097889866632e+02
1.656328961620080236e+02
1.656423971901295715e+02
1.656519128840458563e+02
1.656614432544876081e+02
1.656709883122215672e+02
1.656805480680506264e+02
1.656901225328138594e+02
1.656997117173865490e+02
1.657093156326800454e+02
1.657189342896420214e+02
1.657285676992563026e+02
1.657382158725430372e+02
1.657478788205585545e+02
1.657575565543955065e+02
1.657672490851829536e+02
1.657769564240861371e+02
1.657866785823067630e+02
1.657964155710828607e+02
1.658061674016888674e+02
1.658159340854356572e+02
1.658257156336705407e+02
1.658355120577772652e+02
1.658453233691761000e+02
1.658551495793238075e+02
1.658649906997137009e+02
1.658748467418756434e+02
1.658847177173760201e+02
1.658946036378179372e+02
1.659045045148410225e+02
1.659144203601215679e+02
1.659243511853726147e+02
1.659342970023429302e+02
1.659442578228138530e+02
1.659542336586082740e+02
1.659642245215867717e+02
1.659742304236467589e+02
1.659842513767223409e+02
1.659942873927845142e+02
1.660043384838410532e+02
1.660144046619366236e+02
1.660244859391527825e+02
1.660345823276080637e+02
1.660446938394578638e+02
1.660548204868946129e+02
1.660649622821477180e+02
1.660751192374835910e+02
1.660852913652057907e+02
1.660954786776548531e+02
1.661056811872085461e+02
1.661158989062817000e+02
1.661261318473262918e+02
1.661363800228316165e+02
1.661466434453240879e+02
1.661569221273674373e+02
1.661672160815626569e+02
1.661775253205480851e+02
1.661878498569993781e+02
1.661981897036295663e+02
1.662085448731891404e+02
1.662189153784659936e+02
1.662293012322854509e+02
1.662397024475104104e+02
1.662501190370412587e+02
1.662605510138159559e+02
1.662709983908099787e+02
1.662814611810365477e+02
1.662919393975465141e+02
1.663024330534283024e+02
1.663129421618081949e+02
1.663234667358501326e+02
1.663340067887558575e+02
1.663445623337649693e+02
1.663551333841539019e+02
1.663657199532336222e+02
1.663763220543573027e+02
1.663869397009166846e+02
1.663975729063413667e+02
1.664082216840990895e+02
1.664188860476954517e+02
1.664295660106741934e+02
1.664402615866170834e+02
1.664509727891440605e+02
1.664616996319132056e+02
1.664724421286207416e+02
1.664832002930012038e+02
1.664939741388273546e+02
1.665047636799101554e+02
1.665155689300990502e+02
1.665263899032817392e+02
1.665372266133843766e+02
1.665480790743716000e+02
1.665589473002464160e+02
1.665698313050504282e+02
1.665807311028637798e+02
1.665916467078051539e+02
1.666025781340319156e+02
1.666135253957400550e+02
1.666244885071643012e+02
1.666354674825780364e+02
1.666464623362935242e+02
1.666574730826617667e+02
1.666684997360726754e+02
1.666795423109549290e+02
1.666906008217763144e+02
1.667016752830434143e+02
1.667127657093019764e+02
1.667238721151366292e+02
1.667349945151711665e+02
1.667461329240685188e+02
1.667572873565307816e+02
1.667684578272991587e+02
1.667796443511542464e+02
1.667908469429157492e+02
1.668020656174438159e+02
1.668133003896404887e+02
1.668245512744435075e+02
1.668358182868296922e+02
1.668471014418154255e+02
1.668584007544565395e+02
1.668697162398485432e+02
1.668810479131265652e+02
1.668923957894653540e+02
1.669037598840793635e+02
1.669151402122228944e+02
1.669265367891899530e+02
1.669379496303143924e+02
1.669493787509699416e+02
1.669608241665702906e+02
1.669722858925690048e+02
1.669837639444596959e+02
1.669952583377760789e+02
1.670067690880918292e+02
1.670182962110208393e+02
1.670298397222171332e+02
1.670413996373749796e+02
1.670529759722288929e+02
1.670645687425536039e+02
1.670761779641643443e+02
1.670878036529166479e+02
1.670994458247064074e+02
1.671111044954701015e+02
1.671227796811847099e+02
1.671344713978677134e+02
1.671461796615772357e+02
1.671579044884120435e+02
1.671696458945116603e+02
1.671814038960562243e+02
1.671931785092668008e+02
1.672049697504051835e+02
1.672167776357740649e+02
1.672286021817170933e+02
1.672404434046188442e+02
1.672523013209049623e+02
1.672641759470421050e+02
1.672760672995439961e+02
1.672879753949765416e+02
1.672999002499286689e+02
1.673118418810293804e+02
1.673238003049491169e+02
1.673357755383998153e+02
1.673477675981347943e+02
1.673597765009491241e+02
1.673718022636792853e+02
1.673838449032034532e+02
1.673959044364415547e+02
1.674079808803551259e+02
1.674200742519476250e+02
1.674321845682642049e+02
1.674443118463919120e+02
1.674564561034597148e+02
1.674686173566385605e+02
1.674807956231413471e+02
1.674929909202230931e+02
1.675052032651808247e+02
1.675174326753538026e+02
1.675296791681233515e+02
1.675419427609132015e+02
1.675542234711892320e+02
1.675665213164596423e+02
1.675788363142751507e+02
1.675911684822287668e+02
1.676035178379560477e+02
1.676158843991350409e+02
1.676282681834863979e+02
1.676406692087733461e+02
1.676530874928018022e+02
1.676655230534204293e+02
1.676779759085206649e+02
1.676904460760367215e+02
1.677029335739456997e+02
1.677154384202676169e+02
1.677279606330655213e+02
1.677405002304453774e+02
1.677530572305563226e+02
1.677656316515905530e+02
1.677782235117739162e+02
1.677908328293636373e+02
1.678034596226837891e+02
1.678161039101027825e+02
1.678287657100320871e+02
1.678414450409266578e+02
1.678541419212845938e+02
1.678668563696475076e+02
1.678795884046004403e+02
1.678923380447718614e+02
1.679051053088338676e+02
1.679178902155021262e+02
1.679306927835361023e+02
1.679435130317388598e+02
1.679563509789573175e+02
1.679692066440822487e+02
1.679820800460483383e+02
1.679949712038342113e+02
1.680078801364626315e+02
1.680208068630003027e+02
1.680337514025582095e+02
1.680467137742915043e+02
1.680596939973995347e+02
1.680726920911261288e+02
1.680857080747594239e+02
1.680987419676319803e+02
1.681117937891208953e+02
1.681248635586478883e+02
1.681379512956792723e+02
1.681510570197260677e+02
1.681641807503440305e+02
1.681773225071337379e+02
1.681904823097407018e+02
1.682036601778553120e+02
1.682168561312129498e+02
1.682300701895941870e+02
1.682433023728245587e+02
1.682565527007749040e+02
1.682698211933612811e+02
1.682831078705450238e+02
1.682964127523329410e+02
1.683097358587687324e+02
1.683230772099348656e+02
1.683364368259766763e+02
1.683498147270854020e+02
1.683632109334979248e+02
1.683766254654966303e+02
1.683900583434097484e+02
1.684035095876112109e+02
1.684169792185207655e+02
1.684304672566041177e+02
1.684439737223729594e+02
1.684574986363849689e+02
1.684710420192439244e+02
1.684846038915999031e+02
1.684981842741490823e+02
1.685117831876340517e+02
1.685254006528437571e+02
1.685390366906135569e+02
1.685526913218254208e+02
1.685663645674078452e+02
1.685800564483360233e+02
1.685937669856318166e+02
1.686074962003639541e+02
1.686212441136480322e+02
1.686350107466465147e+02
1.686487961205689317e+02
1.686626002566718796e+02
1.686764231762591066e+02
1.686902649005893977e+02
1.687041254512058401e+02
1.687180048494844300e+02
1.687319031169196251e+02
1.687458202750532621e+02
1.687597563454744432e+02
1.687737113498198767e+02
1.687876853097736785e+02
1.688016782470677128e+02
1.688156901834813937e+02
1.688297211408419400e+02
1.688437711410243764e+02
1.688578402059516463e+02
1.688719283575945553e+02
1.688860356179720270e+02
1.689001620091510460e+02
1.689143075532467719e+02
1.689284722724225958e+02
1.689426561888901972e+02
1.689568593249096864e+02
1.689710817027895757e+02
1.689853233448868934e+02
1.689995842736072689e+02
1.690138645114050178e+02
1.690281640807831138e+02
1.690424830042933877e+02
1.690568213045364985e+02
1.690711790041621043e+02
1.690855561258652813e+02
1.690999526923847043e+02
1.691143687265184496e+02
1.691288042511141612e+02
1.691432592890687658e+02
1.691577338633284455e+02
1.691722279968887221e+02
1.691867417127944577e+02
1.692012750341400533e+02
1.692158279840694490e+02
1.692304005857762093e+02
1.692449928625035227e+02
1.692596048375444582e+02
1.692742365342418793e+02
1.692888879759885299e+02
1.693035591862272042e+02
1.693182501884506905e+02
1.693329610062019412e+02
1.693476916630741300e+02
1.693624421827106517e+02
1.693772125888053210e+02
1.693920029051023448e+02
1.694068131553964065e+02
1.694216433635327519e+02
1.694364935534073595e+02
1.694513637489667985e+02
1.694662539742085130e+02
1.694811642531807365e+02
1.694960946099773196e+02
1.695110450687316757e+02
1.695260156536467662e+02
1.695410063889779622e+02
1.695560172990317085e+02
1.695710484081655522e+02
1.695860997407882564e+02
1.696011713213598284e+02
1.696162631743916620e+02
1.696313753244465374e+02
1.696465077961387351e+02
1.696616606141342061e+02
1.696768338031504015e+02
1.696920273879566423e+02
1.697072413933740336e+02
1.697224758442755217e+02
1.697377307655860648e+02
1.697530061822826326e+02
1.697683021193944057e+02
1.697836186020026616e+02
1.697989556552410022e+02
1.698143133042953821e+02
1.698296915744041655e+02
1.698450904908582686e+02
1.698605100790011591e+02
1.698759503642289985e+02
1.698914113719906993e+02
1.699068931277879528e+02
1.699223956571363203e+02
1.699379189854972765e+02
1.699534631385409398e+02
1.699690281420062945e+02
1.699846140216839956e+02
1.700002208034165108e+02
1.700158485130980921e+02
1.700314971766750318e+02
1.700471668201456907e+02
1.700628574695607256e+02
1.700785691510230606e+02
1.700943018906881150e+02
1.701100557147638597e+02
1.701258306495110162e+02
1.701416267212430000e+02
1.701574439563263184e+02
1.701732823811803428e+02
1.701891420222777356e+02
1.702050229061443929e+02
1.702209250593596153e+02
1.702368485085562213e+02
1.702527932804206614e+02
1.702687594016930746e+02
1.702847468991675157e+02
1.703007557996920980e+02
1.703167861301688504e+02
1.703328379175542011e+02
1.703489111888588070e+02
1.703650059711470135e+02
1.703811222915348935e+02
1.703972601771969551e+02
1.704134196553629863e+02
1.704296007533177146e+02
1.704458034984008066e+02
1.704620279180070668e+02
1.704782740395865233e+02
1.704945418906446264e+02
1.705108314987421920e+02
1.705271428914957141e+02
1.705434760965773364e+02
1.705598311417151081e+02
1.705762080546929269e+02
1.705926068633507953e+02
1.706090275955849336e+02
1.706254702793478089e+02
1.706419349426483336e+02
1.706584216135519227e+02
1.706749303201807209e+02
1.706914610907135739e+02
1.707080139533862280e+02
1.707245889364914717e+02
1.707411860683791929e+02
1.707578053774565774e+02
1.707744468921880525e+02
1.707911106410956563e+02
1.708077966527589524e+02
1.708245049558434516e+02
1.708412355792026176e+02
1.708579885515905801e+02
1.708747639017917663e+02
1.708915616586505166e+02
1.709083818510709705e+02
1.709252245080174077e+02
1.709420896585141065e+02
1.709589773316454568e+02
1.709758875565561596e+02
1.709928203624511696e+02
1.710097757785958379e+02
1.710267538343159401e+02
1.710437545589978185e+02
1.710607779820884389e+02
1.710778241330954188e+02
1.710948930415871416e+02
1.711119847371928699e+02
1.711290992496027172e+02
1.711462366085678184e+02
1.711633968439003866e+02
1.711805799825847600e+02
1.711977860598146322e+02
1.712150151032543590e+02
1.712322671429108141e+02
1.712495422088520343e+02
1.712668403312073053e+02
1.712841615401672470e+02
1.713015058659836711e+02
1.713188733389696381e+02
1.713362639894994857e+02
1.713536778480088003e+02
1.713711149449944458e+02
1.713885753110144776e+02
1.714060589766882856e+02
1.714235659726964514e+02
1.714410963297808337e+02
1.714586500787445402e+02
1.714762272504519274e+02
1.714938278758286287e+02
1.715114519858615267e+02
1.715290996115987525e+02
1.715467707841919207e+02
1.715644655349632615e+02
1.715821838951308393e+02
1.715999258959580516e+02
1.716176915687710505e+02
1.716354809449588856e+02
1.716532940559733618e+02
1.716711309333292661e+02
1.716889916086040841e+02
1.717068761134381703e+02
1.717247844795347760e+02
1.717427167386598796e+02
1.717606729226424420e+02
1.717786530633741222e+02
1.717966571928094766e+02
1.718146853429659018e+02
1.718327375459236350e+02
1.718508138338256970e+02
1.718689142388780056e+02
1.718870387933493191e+02
1.719051875295711795e+02
1.719233604799886166e+02
1.719415576772062479e+02
1.719597791537254352e+02
1.719780249420992959e+02
1.719962950749452943e+02
1.720145895849452700e+02
1.720329085048456079e+02
1.720512518674569833e+02
1.720696197056546453e+02
1.720880120523781613e+02
1.721064289406315879e+02
1.721248704034833565e+02
1.721433364740663592e+02
1.721618271855779199e+02
1.721803425712797946e+02
1.721988826644981145e+02
1.722174474986234998e+02
1.722360371071109739e+02
1.722546515234799926e+02
1.722732907813144152e+02
1.722919549142625613e+02
1.723106439560842773e+02
1.723293579406681602e+02
1.723480969018379767e+02
1.723668608734760994e+02
1.723856498895306402e+02
1.724044639840154218e+02
1.724233031910099214e+02
1.724421675446593554e+02
1.724610570791744806e+02
1.724799718288319639e+02
1.724989118279740126e+02
1.725178771110085165e+02
1.725368677124091334e+02
1.725558836667151468e+02
1.725749250085315509e+02
1.725939917725290513e+02
1.726130839934439791e+02
1.726322017060784333e+02
1.726513449453001101e+02
1.726705137460425021e+02
1.726897081433046424e+02
1.727089281722386716e+02
1.727281738681431307e+02
1.727474452661815292e+02
1.727667424015781705e+02
1.727860653096250019e+02
1.728054140256817277e+02
1.728247885851757815e+02
1.728441890236021834e+02
1.728636153765237964e+02
1.728830676795710701e+02
1.729025459684422117e+02
1.729220502789031571e+02
1.729415806467874575e+02
1.729611371079964499e+02
1.729807196984991720e+02
1.730003284543323332e+02
1.730199634116003153e+02
1.730396246064752290e+02
1.730593120751969707e+02
1.730790258540729951e+02
1.730987659794785714e+02
1.731185324878566121e+02
1.731383254157177873e+02
1.731581447996403824e+02
1.731779906762704400e+02
1.731978630823596177e+02
1.732177620549099686e+02
1.732376876307762927e+02
1.732576398468405898e+02
1.732776187400540664e+02
1.732976243474371358e+02
1.733176567060794753e+02
1.733377158531397981e+02
1.733578018258461668e+02
1.733779146614957654e+02
1.733980543974550415e+02
1.734182210711595360e+02
1.734384147201140820e+02
1.734586353818926625e+02
1.734788830941384674e+02
1.734991578945639219e+02
1.735194598209506012e+02
1.735397889111492589e+02
1.735601452030799123e+02
1.735805287347317574e+02
1.736009395441631398e+02
1.736213776695016691e+02
1.736418431489441048e+02
1.736623360207563849e+02
1.736828563232737679e+02
1.737034040949058351e+02
1.737239793742931226e+02
1.737445822000355804e+02
1.737652126107157073e+02
1.737858706449864314e+02
1.738065563415711665e+02
1.738272697392637269e+02
1.738480108769283845e+02
1.738687797934999253e+02
1.738895765279834507e+02
1.739104011194546615e+02
1.739312536070595741e+02
1.739521340300147472e+02
1.739730424276071119e+02
1.739939788391940851e+02
1.740149433042035412e+02
1.740359358621337833e+02
1.740569565525535438e+02
1.740780054151020408e+02
1.740990824894888647e+02
1.741201878154942051e+02
1.741413214329685104e+02
1.741624833818328000e+02
1.741836737020785222e+02
1.742048924337675260e+02
1.742261396170321746e+02
1.742474152921176085e+02
1.742687194993496576e+02
1.742900522790604612e+02
1.743114136716527014e+02
1.743328037175999725e+02
1.743542224574468378e+02
1.743756699318088295e+02
1.743971461813723351e+02
1.744186512468947967e+02
1.744401851692045682e+02
1.744617479892009158e+02
1.744833397478540462e+02
1.745049604862052206e+02
1.745266102453665269e+02
1.745482890665210505e+02
1.745699969909228173e+02
1.745917340598967940e+02
1.746135003148579870e+02
1.746352957972893591e+02
1.746571205487218776e+02
1.746789746107579901e+02
1.747008580250713976e+02
1.747227708334072531e+02
1.747447130775821051e+02
1.747666847994838975e+02
1.747886860410719123e+02
1.748107168443768273e+02
1.748327772515008292e+02
1.748548673046173008e+02
1.748769870459711910e+02
1.748991365178787021e+02
1.749213157627275450e+02
1.749435248229766842e+02
1.749657637411566782e+02
1.749880325598750233e+02
1.750103313218083656e+02
1.750326600696996309e+02
1.750550188463629979e+02
1.750774076946842683e+02
1.750998266576208096e+02
1.751222757782014128e+02
1.751447550995263782e+02
1.751672646647675720e+02
1.751898045171683123e+02
1.752123747000433980e+02
1.752349752567792791e+02
1.752576062308337441e+02
1.752802676657361758e+02
1.753029596050874659e+02
1.753256820925599584e+02
1.753484351718973926e+02
1.753712188868948090e+02
1.753940332814304952e+02
1.754168783994686862e+02
1.754397542850446712e+02
1.754626609822648788e+02
1.754855985353068775e+02
1.755085669884193464e+02
1.755315663859221331e+02
1.755545967722062244e+02
1.755776581917336614e+02
1.756007506890377101e+02
1.756238743087226908e+02
1.756470290954641484e+02
1.756702150940086256e+02
1.756934323491739178e+02
1.757166809058488752e+02
1.757399608089914977e+02
1.757632721035611496e+02
1.757866148346389537e+02
1.758099890474173321e+02
1.758333947871585110e+02
1.758568320991946905e+02
1.758803010289278461e+02
1.759038016218299560e+02
1.759273339234428306e+02
1.759508979793781407e+02
1.759744938353174746e+02
1.759981215370123380e+02
1.760217811302840403e+02
1.760454726610238367e+02
1.760691961751928716e+02
1.760929517188221780e+02
1.761167393380126214e+02
1.761405590789324549e+02
1.761644109877724986e+02
1.761882951108338489e+02
1.762122114945094040e+02
1.762361601852612125e+02
1.762601412296203023e+02
1.762841546741868228e+02
1.763082005656299600e+02
1.763322789506879360e+02
1.763563898761680946e+02
1.763805333889468159e+02
1.764047095359488821e+02
1.764289183641517980e+02
1.764531599206560770e+02
1.764774342526312978e+02
1.765017414073139719e+02
1.765260814320076861e+02
1.765504543740830172e+02
1.765748602809775321e+02
1.765992992001957873e+02
1.766237711793093865e+02
1.766482762659521200e+02
1.766728145077535146e+02
1.766973859524846944e+02
1.767219906480148950e+02
1.767466286422770452e+02
1.767712999832675962e+02
1.767960047190466639e+02
1.768207428977378584e+02
1.768455145675284825e+02
1.768703197766693904e+02
1.768951585734749585e+02
1.769200310062619224e+02
1.769449371233725401e+02
1.769698769733603569e+02
1.769948506048412753e+02
1.770198580664890358e+02
1.770448994070353024e+02
1.770699746752694637e+02
1.770950839200388316e+02
1.771202271902485847e+02
1.771454045348616546e+02
1.771706160028814452e+02
1.771958616431511189e+02
1.772211415048097649e+02
1.772464556371426454e+02
1.772718040894824014e+02
1.772971869112089962e+02
1.773226041517498004e+02
1.773480558605795920e+02
1.773735420872204429e+02
1.773990628812418322e+02
1.774246182922605897e+02
1.774502083698704098e+02
1.774758331636798232e+02
1.775014927235010873e+02
1.775271870991913374e+02
1.775529163406489204e+02
1.775786804978132238e+02
1.776044796206581680e+02
1.776303137590931271e+02
1.776561829632018146e+02
1.776820872831562781e+02
1.777080267691556514e+02
1.777340014714258984e+02
1.777600114402199551e+02
1.777860567257444870e+02
1.778121373781663692e+02
1.778382534479264336e+02
1.778644049854841853e+02
1.778905920413032788e+02
1.779168146658515468e+02
1.779430729095948323e+02
1.779693668227282615e+02
1.779956964557358674e+02
1.780220618592876463e+02
1.780484630840200566e+02
1.780749001805358205e+02
1.781013731994041507e+02
1.781278821909995713e+02
1.781544272053365603e+02
1.781810082931744432e+02
1.782076255052541853e+02
1.782342788922143768e+02
1.782609685045911760e+02
1.782876943928179969e+02
1.783144566069576911e+02
1.783412551971776452e+02
1.783680902138093813e+02
1.783949617070411477e+02
1.784218697267338030e+02
1.784488143227654859e+02
1.784757955451414659e+02
1.785028134436308562e+02
1.785298680675203968e+02
1.785569594659812935e+02
1.785840876884739998e+02
1.786112527840814153e+02
1.786384548011674553e+02
1.786656937877075677e+02
1.786929697922898299e+02
1.787202828629082774e+02
1.787476330464451451e+02
1.787750203888170120e+02
1.788024449372858271e+02
1.788299067381761063e+02
1.788574058365087751e+02
1.788849422758538878e+02
1.789125160999316790e+02
1.789401273508111387e+02
1.789677760699720181e+02
1.789954622976754024e+02
1.790231860717655366e+02
1.790509474299226440e+02
1.790787464062992456e+02
1.791065830333988629e+02
1.791344573420117570e+02
1.791623693564180542e+02
1.791903191018001564e+02
1.792183065968360722e+02
1.792463318532717551e+02
1.792743948768001871e+02
1.793024956660064504e+02
1.793306342085745371e+02
1.793588104796581320e+02
1.793870244399979867e+02
1.794152760267554356e+02
1.794435651573374741e+02
1.794718917068052235e+02
1.795002555047092869e+02
1.795286563140781197e+02
1.795570938020770484e+02
1.795734471292092849e+02
1.795893030937625099e+02
1.796037349430781660e+02
1.796176214712360206e+02
1.796301291556156059e+02
1.796426343040856750e+02
1.796532146914642567e+02
1.796637950788428384e+02
1.796737952660050723e+02
1.796824443987947575e+02
1.796910935315844426e+02
1.796997426643741562e+02
1.797064683902730451e+02
1.797131805633360955e+02
1.797198927363991174e+02
1.797266049094621678e+02
1.797319003823707249e+02
1.797366652487391150e+02
1.797414301151075335e+02
1.797461949814759521e+02
1.797509598478443422e+02
1.797557247142127608e+02
1.797590742312732743e+02
1.797618634457942619e+02
1.797646526603152495e+02
1.797674418748362370e+02
1.797702310893572246e+02
1.797730203038782122e+02
1.797758095183991998e+02
1.797785987329201873e+02
1.797813879474411749e+02
1.797841771619621625e+02
1.797857026215147584e+02
1.797857354930686142e+02
1.797857683646224416e+02
1.797858012361763258e+02
1.797858341077301532e+02
1.797858669792840089e+02
1.797858998508378647e+02
1.797859327223916921e+02
1.797859655939455763e+02
1.797859984654994037e+02
1.797860313370532594e+02
1.797860642086071152e+02
1.797860970801609426e+02
1.797861299517148268e+02
1.797861628232686542e+02
1.797861956948225099e+02
1.797862285663763657e+02
1.797862614379301931e+02
1.797862943094840773e+02
1.797863271810379047e+02
1.797863600525917605e+02
1.797863929241456162e+02
1.797864257956994720e+02
1.797864586672533278e+02
1.797864915388071552e+02
1.797865244103610110e+02
1.797865572819148667e+02
1.797865901534687225e+02
1.797866230250225783e+02
1.797866558965764057e+02
1.797866887681302615e+02
1.797867216396841172e+02
1.797867545112379730e+02
1.797867873827918288e+02
1.797868202543456846e+02
1.797868531258995120e+02
1.797868859974533677e+02
1.797869188690072235e+02
1.797869517405610793e+02
1.797869846121149351e+02
1.797870174836687625e+02
1.797870503552226182e+02
1.797870832267764740e+02
1.797871160983303298e+02
1.797871489698841856e+02
1.797871818414380130e+02
1.797872147129918687e+02
1.797872475845457245e+02
1.797872804560995803e+02
1.797873133276534361e+02
1.797873461992072635e+02
1.797873790707611192e+02
1.797874119423149750e+02
1.797874448138688308e+02
1.797874776854226866e+02
1.797875105569765140e+02
1.797875434285303697e+02
1.797875763000842255e+02
1.797876091716380813e+02
1.797876420431919371e+02
1.797876749147457645e+02
1.797877077862996202e+02
1.797877406578534760e+02
1.797877735294073318e+02
1.797878064009611876e+02
1.797878392725150150e+02
1.797878721440688707e+02
1.797879050156227265e+02
1.797879378871765823e+02
1.797879707587304381e+02
1.797880036302842655e+02
1.797880365018381212e+02
1.797880693733919770e+02
1.797881022449458328e+02
1.797881351164996886e+02
1.797881679880535160e+02
1.797882008596073717e+02
1.797882337311612275e+02
1.797882666027150833e+02
1.797882994742689391e+02
1.797883323458227949e+02
1.797883652173766222e+02
1.797883980889304780e+02
1.797884309604843338e+02
1.797884638320381896e+02
1.797884967035920454e+02
1.797885295751458727e+02
1.797885624466997285e+02
1.797885953182535843e+02
1.797886281898074401e+02
1.797886610613612959e+02
1.797886939329151232e+02
1.797887268044689790e+02
1.797887596760228348e+02
1.797887925475766906e+02
1.797888254191305464e+02
1.797888582906843737e+02
1.797888911622382295e+02
1.797889240337920853e+02
1.797889569053459411e+02
1.797889897768997969e+02
1.797890226484536242e+02
1.797890555200074800e+02
1.797890883915613358e+02
1.797891212631151916e+02
1.797891541346690474e+02
1.797891870062228747e+02
1.797892198777767305e+02
1.797892527493305863e+02
1.797892856208844421e+02
1.797893184924382979e+02
1.797893513639921252e+02
1.797893842355459810e+02
1.797894171070998368e+02
1.797894499786536926e+02
1.797894828502075484e+02
1.797895157217613757e+02
1.797895485933152315e+02
1.797895814648690873e+02
1.797896143364229431e+02
1.797896472079767989e+02
1.797896800795306262e+02
1.797897129510844820e+02
1.797897458226383378e+02
1.797897786941921936e+02
1.797898115657460494e+02
1.797898444372999052e+02
1.797898773088537325e+02
1.797899101804075883e+02
1.797899430519614441e+02
1.797899759235152999e+02
1.797900087950691557e+02
1.797900416666229830e+02
1.797900745381768388e+02
1.797901074097306946e+02
1.797901402812845504e+02
1.797901731528384062e+02
1.797902060243922335e+02
1.797902388959460893e+02
1.797902717674999451e+02
1.797903046390538009e+02
1.797903375106076567e+02
1.797903703821614840e+02
1.797904032537153398e+02
1.797904361252691956e+02
1.797904689968230514e+02
1.797905018683769072e+02
1.797905347399307345e+02
1.797905676114845903e+02
1.797906004830384461e+02
1.797906333545923019e+02
1.797906662261461577e+02
1.797906990976999850e+02
1.797907319692538408e+02
1.797907648408076966e+02
1.797907977123615524e+02
1.797908305839154082e+02
1.797908634554692355e+02
1.797908963270230913e+02
1.797909291985769471e+02
1.797909620701308029e+02
1.797909949416846587e+02
1.797910278132384860e+02
1.797910606847923418e+02
1.797910935563461976e+02
1.797911264279000534e+02
1.797911592994539092e+02
1.797911921710077365e+02
1.797912250425615923e+02
1.797912579141154481e+02
1.797912907856693039e+02
1.797913236572231597e+02
1.797913565287770155e+02
1.797913894003308428e+02
1.797914222718846986e+02
1.797914551434385544e+02
1.797914880149924102e+02
1.797915208865462660e+02
1.797915537581000933e+02
1.797915866296539491e+02
1.797916195012078049e+02
1.797916523727616607e+02
1.797916852443155165e+02
1.797917181158693438e+02
1.797917509874231996e+02
1.797917838589770554e+02
1.797918167305309112e+02
1.797918496020847670e+02
1.797918824736385943e+02
1.797919153451924501e+02
1.797919482167463059e+02
1.797919810883001617e+02
1.797920139598540175e+02
1.797920468314078448e+02
1.797920797029617006e+02
1.797921125745155564e+02
1.797921454460694122e+02
1.797921783176232680e+02
1.797922111891770953e+02
1.797922440607309511e+02
1.797922769322848069e+02
1.797923098038386627e+02
1.797923426753925185e+02
1.797923755469463458e+02
1.797924084185002016e+02
1.797924412900540574e+02
1.797924741616079132e+02
1.797925070331617690e+02
1.797925399047155963e+02
1.797925727762694521e+02
1.797926056478233079e+02
1.797926385193771637e+02
1.797926713909310195e+02
1.797927042624848468e+02
1.797927371340387026e+02
1.797927700055925584e+02
1.797928028771464142e+02
1.797928357487002700e+02
1.797928686202541257e+02
1.797929014918079531e+02
1.797929343633618089e+02
1.797929672349156647e+02
1.797930001064695205e+02
1.797930329780233762e+02
1.797930658495772036e+02
1.797930987211310594e+02
1.797931315926849152e+02
1.797931644642387710e+02
1.797931973357926267e+02
1.797932302073464541e+02
1.797932630789003099e+02
1.797932959504541657e+02
1.797933288220080215e+02
1.797933616935618772e+02
1.797933945651157046e+02
1.797934274366695604e+02
1.797934603082234162e+02
1.797934931797772720e+02
1.797935260513311277e+02
1.797935589228849551e+02
1.797935917944388109e+02
1.797936246659926667e+02
1.797936575375465225e+02
1.797936904091003782e+02
1.797937232806542056e+02
1.797937561522080614e+02
1.797937890237619172e+02
1.797938218953157730e+02
1.797938547668696287e+02
1.797938876384234561e+02
1.797939205099773119e+02
1.797939533815311677e+02
1.797939862530850235e+02
1.797940191246388792e+02
1.797940519961927066e+02
1.797940848677465624e+02
1.797941177393004182e+02
1.797941506108542740e+02
1.797941834824081297e+02
1.797942163539619571e+02
1.797942492255158129e+02
1.797942820970696687e+02
1.797943149686235245e+02
1.797943478401773802e+02
1.797943807117312360e+02
1.797944135832850634e+02
1.797944464548389192e+02
1.797944793263927750e+02
1.797945121979466307e+02
1.797945450695004865e+02
1.797945779410543139e+02
1.797946108126081697e+02
1.797946436841620255e+02
1.797946765557158812e+02
1.797947094272697370e+02
1.797947422988235644e+02
1.797947751703774486e+02
1.797948080419312760e+02
1.797948409134851318e+02
1.797948737850389875e+02
1.797949066565928149e+02
1.797949395281466991e+02
1.797949723997005265e+02
1.797950052712543823e+02
1.797950381428082380e+02
1.797950710143620654e+02
1.797951038859159496e+02
1.797951367574697770e+02
1.797951696290236328e+02
1.797952025005774885e+02
1.797952353721313159e+02
1.797952682436852001e+02
1.797953011152390275e+02
1.797953339867928833e+02
1.797953668583467390e+02
1.797953997299005664e+02
1.797954326014544506e+02
1.797954654730082780e+02
1.797954983445621338e+02
1.797955312161159895e+02
1.797955640876698169e+02
1.797955969592237011e+02
1.797956298307775285e+02
1.797956627023313843e+02
1.797956955738852400e+02
1.797957284454390674e+02
1.797957613169929516e+02
1.797957941885467790e+02
1.797958270601006348e+02
1.797958599316544905e+02
1.797958928032083463e+02
1.797959256747622021e+02
1.797959585463160295e+02
1.797959914178698853e+02
1.797960242894237410e+02
1.797960571609775968e+02
1.797960900325314526e+02
1.797961229040852800e+02
1.797961557756391358e+02
1.797961886471929915e+02
1.797962215187468473e+02
1.797962543903007031e+02
1.797962872618545589e+02
1.797963201334083863e+02
1.797963530049622420e+02
1.797963858765160978e+02
1.797964187480699536e+02
1.797964516196238094e+02
1.797964844911776368e+02
1.797965173627314925e+02
1.797965502342853483e+02
1.797965831058392041e+02
1.797966159773930599e+02
1.797966488489468873e+02
1.797966817205007430e+02
1.797967145920545988e+02
1.797967474636084546e+02
1.797967803351623104e+02
1.797968132067161378e+02
1.797968460782699935e+02
1.797968789498238493e+02
1.797969118213777051e+02
1.797969446929315609e+02
1.797969775644853883e+02
1.797970104360392440e+02
1.797970433075930998e+02
1.797970761791469556e+02
1.797971090507008114e+02
1.797971419222546388e+02
1.797971747938084945e+02
1.797972076653623503e+02
1.797972405369162061e+02
1.797972734084700619e+02
1.797973062800238893e+02
1.797973391515777450e+02
1.797973720231316008e+02
1.797974048946854566e+02
1.797974377662393124e+02
1.797974706377931398e+02
1.797975035093469955e+02
1.797975363809008513e+02
1.797975692524547071e+02
1.797976021240085629e+02
1.797976349955623903e+02
1.797976678671162460e+02
1.797977007386701018e+02
1.797977336102239576e+02
1.797977664817778134e+02
1.797977993533316692e+02
1.797978322248854965e+02
1.797978650964393523e+02
1.797978979679932081e+02
1.797979308395470639e+02
1.797979637111009197e+02
1.797979965826547470e+02
1.797980294542086028e+02
1.797980623257624586e+02
1.797980951973163144e+02
1.797981280688701702e+02
1.797981609404239975e+02
1.797981938119778533e+02
1.797982266835317091e+02
1.797982595550855649e+02
1.797982924266394207e+02
1.797983252981932480e+02
1.797983581697471038e+02
1.797983910413009596e+02
1.797984239128548154e+02
1.797984567844086712e+02
1.797984896559624985e+02
1.797985225275163543e+02
1.797985553990702101e+02
1.797985882706240659e+02
1.797986211421779217e+02
1.797986540137317490e+02
1.797986868852856048e+02
1.797987197568394606e+02
1.797987526283933164e+02
1.797987854999471722e+02
1.797988183715009995e+02
1.797988512430548553e+02
1.797988841146087111e+02
1.797989169861625669e+02
1.797989498577164227e+02
1.797989827292702500e+02
1.797990156008241058e+02
1.797990484723779616e+02
1.797990813439318174e+02
1.797991142154856732e+02
1.797991470870395005e+02
1.797991799585933563e+02
1.797992128301472121e+02
1.797992457017010679e+02
1.797992785732549237e+02
1.797993114448087795e+02
1.797993443163626068e+02
1.797993771879164626e+02
1.797994100594703184e+02
1.797994429310241742e+02
1.797994758025780300e+02
1.797995086741318573e+02
1.797995415456857131e+02
1.797995744172395689e+02
1.797996072887934247e+02
1.797996401603472805e+02
1.797996730319011078e+02
1.797997059034549636e+02
1.797997387750088194e+02
1.797997716465626752e+02
1.797998045181165310e+02
1.797998373896703583e+02
1.797998702612242141e+02
1.797999031327780699e+02
1.797999360043319257e+02
1.797999688758857815e+02
1.798000017474396088e+02
1.798000346189934646e+02
1.798000674905473204e+02
1.798001003621011762e+02
1.798001332336550320e+02
1.798001661052088593e+02
1.798001989767627151e+02
1.798002318483165709e+02
1.798002647198704267e+02
1.798002975914242825e+02
1.798003304629781098e+02
1.798003633345319656e+02
1.798003962060858214e+02
1.798004290776396772e+02
1.798004619491935330e+02
1.798004948207473603e+02
1.798005276923012161e+02
1.798005605638550719e+02
1.798005934354089277e+02
1.798006263069627835e+02
1.798006591785166108e+02
1.798006920500704666e+02
1.798007249216243224e+02
1.798007577931781782e+02
1.798007906647320340e+02
1.798008235362858898e+02
1.798008564078397171e+02
1.798008892793935729e+02
1.798009221509474287e+02
1.798009550225012845e+02
1.798009878940551403e+02
1.798010207656089676e+02
1.798010536371628234e+02
1.798010865087166792e+02
1.798011193802705350e+02
1.798011522518243908e+02
1.798011851233782181e+02
1.798012179949320739e+02
1.798012508664859297e+02
1.798012837380397855e+02
1.798013166095936413e+02
1.798013494811474686e+02
1.798013823527013244e+02
1.798014152242551802e+02
1.798014480958090360e+02
1.798014809673628918e+02
1.798015138389167191e+02
1.798015467104705749e+02
1.798015795820244307e+02
1.798016124535782865e+02
1.798016453251321423e+02
1.798016781966859696e+02
1.798017110682398254e+02
1.798017439397936812e+02
1.798017768113475370e+02
1.798018096829013928e+02
1.798018425544552201e+02
1.798018754260090759e+02
1.798019082975629317e+02
1.798019411691167875e+02
1.798019740406706433e+02
1.798020069122244706e+02
1.798020397837783264e+02
1.798020726553321822e+02
1.798021055268860380e+02
1.798021383984398938e+02
1.798021712699937211e+02
1.798022041415475769e+02
1.798022370131014327e+02
1.798022698846552885e+02
1.798023027562091443e+02
1.798023356277630000e+02
1.798023684993168274e+02
1.798024013708706832e+02
1.798024342424245390e+02
1.798024671139783948e+02
1.798024999855322505e+02
1.798025328570860779e+02
1.798025657286399337e+02
1.798025986001937895e+02
1.798026314717476453e+02
1.798026643433015010e+02
1.798026972148553284e+02
1.798027300864091842e+02
1.798027629579630400e+02
1.798027958295168958e+02
1.798028287010707515e+02
1.798028615726245789e+02
1.798028944441784347e+02
1.798029273157322905e+02
1.798029601872861463e+02
1.798029930588400020e+02
1.798030259303938294e+02
1.798030588019476852e+02
1.798030916735015410e+02
1.798031245450553968e+02
1.798031574166092526e+02
1.798031902881630799e+02
1.798032231597169357e+02
1.798032560312707915e+02
1.798032889028246473e+02
1.798033217743785031e+02
1.798033546459323304e+02
1.798033875174861862e+02
1.798034203890400420e+02
1.798034532605938978e+02
1.798034861321477536e+02
1.798035190037015809e+02
1.798035518752554367e+02
1.798035847468092925e+02
1.798036176183631483e+02
1.798036504899170041e+02
1.798036833614708314e+02
1.798037162330246872e+02
1.798037491045785430e+02
1.798037819761323988e+02
1.798038148476862546e+02
1.798038477192401103e+02
1.798038805907939377e+02
1.798039134623477935e+02
1.798039463339016493e+02
1.798039792054555051e+02
1.798040120770093608e+02
1.798040449485631882e+02
1.798040778201170440e+02
1.798041106916708998e+02
1.798041435632247556e+02
1.798041764347786113e+02
1.798042093063324671e+02
1.798042421778862945e+02
1.798042750494401503e+02
1.798043079209940061e+02
1.798043407925478618e+02
1.798043736641017176e+02
1.798044065356555734e+02
1.798044394072094008e+02
1.798044722787632566e+02
1.798045051503171123e+02
1.798045380218709681e+02
1.798045708934248239e+02
1.798046037649786513e+02
1.798046366365325071e+02
1.798046695080863628e+02
1.798047023796402186e+02
1.798047352511940744e+02
1.798047681227479018e+02
1.798048009943017576e+02
1.798048338658556133e+02
1.798048667374094691e+02
1.798048996089633249e+02
1.798049324805171523e+02
1.798049653520710081e+02
1.798049982236248638e+02
1.798050310951787196e+02
1.798050639667325754e+02
1.798050968382864028e+02
1.798051297098402586e+02
1.798051625813941143e+02
1.798051954529479701e+02
1.798052283245018259e+02
1.798052611960556533e+02
1.798052940676095091e+02
1.798053269391633648e+02
1.798053598107172206e+02
1.798053926822710764e+02
1.798054255538249038e+02
1.798054584253787596e+02
1.798054912969326153e+02
1.798055241684864711e+02
1.798055570400403269e+02
1.798055899115941543e+02
1.798056227831480101e+02
1.798056556547018658e+02
1.798056885262557216e+02
1.798057213978095774e+02
1.798057542693634332e+02
1.798057871409172606e+02
1.798058200124711163e+02
1.798058528840249721e+02
1.798058857555788279e+02
1.798059186271326837e+02
1.798059514986865111e+02
1.798059843702403668e+02
1.798060172417942226e+02
1.798060501133480784e+02
1.798060829849019342e+02
1.798061158564557616e+02
1.798061487280096173e+02
1.798061815995634731e+02
1.798062144711173289e+02
1.798062473426711847e+02
1.798062802142250121e+02
1.798063130857788678e+02
1.798063459573327236e+02
1.798063788288865794e+02
1.798064117004404352e+02
1.798064445719942626e+02
1.798064774435481183e+02
1.798065103151019741e+02
1.798065431866558299e+02
1.798065760582096857e+02
1.798066089297635131e+02
1.798066418013173688e+02
1.798066746728712246e+02
1.798067075444250804e+02
1.798067404159789362e+02
1.798067732875327636e+02
1.798068061590866193e+02
1.798068390306404751e+02
1.798068719021943309e+02
1.798069047737481867e+02
1.798069376453020141e+02
1.798069705168558698e+02
1.798070033884097256e+02
1.798070362599635814e+02
1.798070691315174372e+02
1.798071020030712646e+02
1.798071348746251203e+02
1.798071677461789761e+02
1.798072006177328319e+02
1.798072334892866877e+02
1.798072663608405435e+02
1.798072992323943708e+02
1.798073321039482266e+02
1.798073649755020824e+02
1.798073978470559382e+02
1.798074307186097940e+02
1.798074635901636213e+02
1.798074964617174771e+02
1.798075293332713329e+02
1.798075622048251887e+02
1.798075950763790445e+02
1.798076279479328718e+02
1.798076608194867276e+02
1.798076936910405834e+02
1.798077265625944392e+02
1.798077594341482950e+02
1.798077923057021223e+02
1.798078251772559781e+02
1.798078580488098339e+02
1.798078909203636897e+02
1.798079237919175455e+02
1.798079566634713728e+02
1.798079895350252286e+02
1.798080224065790844e+02
1.798080552781329402e+02
1.798080881496867960e+02
1.798081210212406233e+02
1.798081538927944791e+02
1.798081867643483349e+02
1.798082196359021907e+02
1.798082525074560465e+02
1.798082853790098739e+02
1.798083182505637296e+02
1.798083511221175854e+02
1.798083839936714412e+02
1.798084168652252970e+02
1.798084497367791244e+02
1.798084826083329801e+02
1.798085154798868359e+02
1.798085483514406917e+02
1.798085812229945475e+02
1.798086140945483749e+02
1.798086469661022306e+02
1.798086798376560864e+02
1.798087127092099422e+02
1.798087455807637980e+02
1.798087784523176538e+02
1.798088113238714811e+02
1.798088441954253369e+02
1.798088770669791927e+02
1.798089099385330485e+02
1.798089428100869043e+02
1.798089756816407316e+02
1.798090085531945874e+02
1.798090414247484432e+02
1.798090742963022990e+02
1.798091071678561548e+02
1.798091400394099821e+02
1.798091729109638379e+02
1.798092057825176937e+02
1.798092386540715495e+02
1.798092715256254053e+02
1.798093043971792326e+02
1.798093372687330884e+02
1.798093701402869442e+02
1.798094030118408000e+02
1.798094358833946558e+02
1.798094687549484831e+02
1.798095016265023389e+02
1.798095344980561947e+02
1.798095673696100505e+02
1.798096002411639063e+02
1.798096331127177336e+02
1.798096659842715894e+02
1.798096988558254452e+02
1.798097317273793010e+02
1.798097645989331568e+02
1.798097974704869841e+02
1.798098303420408399e+02
1.798098632135946957e+02
1.798098960851485515e+02
1.798099289567024073e+02
1.798099618282562346e+02
1.798099946998100904e+02
1.798100275713639462e+02
1.798100604429178020e+02
1.798100933144716578e+02
1.798101261860254851e+02
1.798101590575793409e+02
1.798101919291331967e+02
1.798102248006870525e+02
1.798102576722409083e+02
1.798102905437947641e+02
1.798103234153485914e+02
1.798103562869024472e+02
1.798103891584563030e+02
1.798104220300101588e+02
1.798104549015640146e+02
1.798104877731178419e+02
1.798105206446716977e+02
1.798105535162255535e+02
1.798105863877794093e+02
1.798106192593332651e+02
1.798106521308870924e+02
1.798106850024409482e+02
1.798107178739948040e+02
1.798107507455486598e+02
1.798107836171025156e+02
1.798108164886563429e+02
1.798108493602101987e+02
1.798108822317640545e+02
1.798109151033179103e+02
1.798109479748717661e+02
1.798109808464255934e+02
1.798110137179794492e+02
1.798110465895333050e+02
1.798110794610871608e+02
1.798111123326410166e+02
1.798111452041948439e+02
1.798111780757486997e+02
1.798112109473025555e+02
1.798112438188564113e+02
1.798112766904102671e+02
1.798113095619640944e+02
1.798113424335179502e+02
1.798113753050718060e+02
1.798114081766256618e+02
1.798114410481795176e+02
1.798114739197333449e+02
1.798115067912872007e+02
1.798115396628410565e+02
1.798115725343949123e+02
1.798116054059487681e+02
1.798116382775025954e+02
1.798116711490564512e+02
1.798117040206103070e+02
1.798117368921641628e+02
1.798117697637180186e+02
1.798118026352718744e+02
1.798118355068257017e+02
1.798118683783795575e+02
1.798119012499334133e+02
1.798119341214872691e+02
1.798119669930411249e+02
1.798119998645949522e+02
1.798120327361488080e+02
1.798120656077026638e+02
1.798120984792565196e+02
1.798121313508103754e+02
1.798121642223642027e+02
1.798121970939180585e+02
1.798122299654719143e+02
1.798122628370257701e+02
1.798122957085796259e+02
1.798123285801334532e+02
1.798123614516873090e+02
1.798123943232411648e+02
1.798124271947950206e+02
1.798124600663488764e+02
1.798124929379027037e+02
1.798125258094565879e+02
1.798125586810104153e+02
1.798125915525642711e+02
1.798126244241181269e+02
1.798126572956719542e+02
1.798126901672258384e+02
1.798127230387796658e+02
1.798127559103335216e+02
1.798127887818873774e+02
1.798128216534412047e+02
1.798128545249950889e+02
1.798128873965489163e+02
1.798129202681027721e+02
1.798129531396566279e+02
1.798129860112104552e+02
1.798130188827643394e+02
1.798130517543181668e+02
1.798130846258720226e+02
1.798131174974258784e+02
1.798131503689797057e+02
1.798131832405335899e+02
1.798132161120874173e+02
1.798132489836412731e+02
1.798132818551951289e+02
1.798133147267489846e+02
1.798133475983028404e+02
1.798133804698566678e+02
1.798134133414105236e+02
1.798134462129643794e+02
1.798134790845182351e+02
1.798135119560720909e+02
1.798135448276259183e+02
1.798135776991797741e+02
1.798136105707336299e+02
1.798136434422874856e+02
1.798136763138413414e+02
1.798137091853951688e+02
1.798137420569490246e+02
1.798137749285028804e+02
1.798138078000567361e+02
1.798138406716105919e+02
1.798138735431644477e+02
1.798139064147182751e+02
1.798139392862721309e+02
1.798139721578259866e+02
1.798140050293798424e+02
1.798140379009336982e+02
1.798140707724875256e+02
1.798141036440413814e+02
1.798141365155952371e+02
1.798141693871490929e+02
1.798142022587029487e+02
1.798142351302567761e+02
1.798142680018106319e+02
1.798143008733644876e+02
1.798143337449183434e+02
1.798143666164721992e+02
1.798143994880260266e+02
1.798144323595798824e+02
1.798144652311337381e+02
1.798144981026875939e+02
1.798145309742414497e+02
1.798145638457952771e+02
1.798145967173491329e+02
1.798146295889029886e+02
1.798146624604568444e+02
1.798146953320107002e+02
1.798147282035645276e+02
1.798147610751183834e+02
1.798147939466722391e+02
1.798148268182260949e+02
1.798148596897799507e+02
1.798148925613337781e+02
1.798149254328876339e+02
1.798149583044414896e+02
1.798149911759953454e+02
1.798150240475492012e+02
1.798150569191030286e+02
1.798150897906568844e+02
1.798151226622107401e+02
1.798151555337645959e+02
1.798151884053184517e+02
1.798152212768722791e+02
1.798152541484261349e+02
1.798152870199799906e+02
1.798153198915338464e+02
1.798153527630877022e+02
1.798153856346415580e+02
1.798154185061953854e+02
1.798154513777492411e+02
1.798154842493030969e+02
1.798155171208569527e+02
1.798155499924108085e+02
1.798155828639646359e+02
1.798156157355184916e+02
1.798156486070723474e+02
1.798156814786262032e+02
1.798157143501800590e+02
1.798157472217338864e+02
1.798157800932877421e+02
1.798158129648415979e+02
1.798158458363954537e+02
1.798158787079493095e+02
1.798159115795031369e+02
1.798159444510569926e+02
1.798159773226108484e+02
1.798160101941647042e+02
1.798160430657185600e+02
1.798160759372723874e+02
1.798161088088262431e+02
1.798161416803800989e+02
1.798161745519339547e+02
1.798162074234878105e+02
1.798162402950416379e+02
1.798162731665954936e+02
1.798163060381493494e+02
1.798163389097032052e+02
1.798163717812570610e+02
1.798164046528108884e+02
1.798164375243647441e+02
1.798164703959185999e+02
1.798165032674724557e+02
1.798165361390263115e+02
1.798165690105801389e+02
1.798166018821339946e+02
1.798166347536878504e+02
1.798166676252417062e+02
1.798167004967955620e+02
1.798167333683493894e+02
1.798167662399032452e+02
1.798167991114571009e+02
1.798168319830109567e+02
1.798168648545648125e+02
1.798168977261186683e+02
1.798169305976724957e+02
1.798169634692263514e+02
1.798169963407802072e+02
1.798170292123340630e+02
1.798170620838879188e+02
1.798170949554417462e+02
1.798171278269956019e+02
1.798171606985494577e+02
1.798171935701033135e+02
1.798172264416571693e+02
1.798172593132109967e+02
1.798172921847648524e+02
1.798173250563187082e+02
1.798173579278725640e+02
1.798173907994264198e+02
1.798174236709802472e+02
1.798174565425341029e+02
1.798174894140879587e+02
