1.000000000000000000e+00
1.000068419000686104e+00
1.000136838001356443e+00
1.000205257002042547e+00
1.000273676002728651e+00
1.000342095003398990e+00
1.000410514004085094e+00
1.000478933004771198e+00
1.000547352005441537e+00
1.000615771006127641e+00
1.000684190006813745e+00
1.000752609007484084e+00
1.000821028008170188e+00
1.000889447008856292e+00
1.000957866009526631e+00
1.001026285010212735e+00
1.001094704010898839e+00
1.001163123011569178e+00
1.001231542012255282e+00
1.001299961012941386e+00
1.001368380013611725e+00
1.001436799014297829e+00
1.001505218014983933e+00
1.001573637015654272e+00
1.001642056016340376e+00
1.001710475017026258e+00
1.001778894017696819e+00
1.001847313018382923e+00
1.001915732019068805e+00
1.001984151019739366e+00
1.002052570020425470e+00
1.002120989021111352e+00
1.002189408021781913e+00
1.002257827022467795e+00
1.002326246023153900e+00
1.002394665023824460e+00
1.002463084024510342e+00
1.002531503025196447e+00
1.002599922025882551e+00
1.002668341026552890e+00
1.002736760027238994e+00
1.002805179027925098e+00
1.002873598028595437e+00
1.002942017029281541e+00
1.003010436029967645e+00
1.003078855030637984e+00
1.003147274031324088e+00
1.003215693032010192e+00
1.003284112032680531e+00
1.003352531033366635e+00
1.003420950034052739e+00
1.003489369034723078e+00
1.003557788035409182e+00
1.003626207036095286e+00
1.003694626036765625e+00
1.003763045037451729e+00
1.003831464038137833e+00
1.003899883038808172e+00
1.003968302039494276e+00
1.004036721040180380e+00
1.004105140040850719e+00
1.004173559041536823e+00
1.004241978042222927e+00
1.004310397042893266e+00
1.004378816043579370e+00
1.004447235044265474e+00
1.004515654044935813e+00
1.004584073045621917e+00
1.004652492046308021e+00
1.004720911046978360e+00
1.004789330047664464e+00
1.004857749048350568e+00
1.004926168049020907e+00
1.004994587049707011e+00
1.005063006050393115e+00
1.005131425051063454e+00
1.005199844051749558e+00
1.005268263052435662e+00
1.005336682053106001e+00
1.005405101053792105e+00
1.005473520054477987e+00
1.005541939055148548e+00
1.005610358055834652e+00
1.005678777056520534e+00
1.005747196057191095e+00
1.005815615057877199e+00
1.005884034058563081e+00
1.005952453059233642e+00
1.006020872059919524e+00
1.006089291060605628e+00
1.006157710061276189e+00
1.006226129061962071e+00
1.006294548062648175e+00
1.006362967063318736e+00
1.006431386064004618e+00
1.006499805064690722e+00
1.006568224065361061e+00
1.006636643066047165e+00
1.006705062066733269e+00
1.006773481067403608e+00
1.006841900068089712e+00
1.006910319068775816e+00
1.006978738069446155e+00
1.007047157070132259e+00
1.007115576070818364e+00
1.007183995071488702e+00
1.007252414072174806e+00
1.007320833072860911e+00
1.007389252073531249e+00
1.007457671074217354e+00
1.007526090074903458e+00
1.007594509075589562e+00
1.007662928076259901e+00
1.007731347076946005e+00
1.007799766077632109e+00
1.007868185078302448e+00
1.007936604078988552e+00
1.008005023079674656e+00
1.008073442080344995e+00
1.008141861081031099e+00
1.008210280081717203e+00
1.008278699082387542e+00
1.008347118083073646e+00
1.008415537083759750e+00
1.008483956084430089e+00
1.008552375085116193e+00
1.008620794085802297e+00
1.008689213086472636e+00
1.008757632087158740e+00
1.008826051087844844e+00
1.008894470088515183e+00
1.008962889089201287e+00
1.009031308089887391e+00
1.009099727090557730e+00
1.009168146091243834e+00
1.009236565091929938e+00
1.009304984092600277e+00
1.009373403093286381e+00
1.009441822093972263e+00
1.009510241094642824e+00
1.009578660095328928e+00
1.009647079096014810e+00
1.009715498096685371e+00
1.009783917097371475e+00
1.009852336098057357e+00
1.009920755098727918e+00
1.009989174099413800e+00
1.010057593100099904e+00
1.010126012100770465e+00
1.010194431101456347e+00
1.010262850102142451e+00
1.010331269102813012e+00
1.010399688103498894e+00
1.010468107104184998e+00
1.010536526104855337e+00
1.010604945105541441e+00
1.010673364106227545e+00
1.010741783106897884e+00
1.010810202107583988e+00
1.010878621108270092e+00
1.010947040108940431e+00
1.011015459109626535e+00
1.011083878110312639e+00
1.011152297110982978e+00
1.011220716111669082e+00
1.011289135112355186e+00
1.011357554113025525e+00
1.011425973113711629e+00
1.011494392114397733e+00
1.011562811115068072e+00
1.011631230115754176e+00
1.011699649116440280e+00
1.011768068117110619e+00
1.011836487117796723e+00
1.011904906118482828e+00
1.011973325119153166e+00
1.012041744119839271e+00
1.012110163120525375e+00
1.012178582121195713e+00
1.012247001121881818e+00
1.012315420122567922e+00
1.012383839123238261e+00
1.012452258123924365e+00
1.012520677124610469e+00
1.012589096125296573e+00
1.012657515125966912e+00
1.012725934126653016e+00
1.012794353127339120e+00
1.012862772128009459e+00
1.012931191128695563e+00
1.012999610129381667e+00
1.013068029130052006e+00
1.013136448130738110e+00
1.013204867131423992e+00
1.013273286132094553e+00
1.013341705132780657e+00
1.013410124133466539e+00
1.013478543134137100e+00
1.013546962134823204e+00
1.013615381135509086e+00
1.013683800136179647e+00
1.013752219136865751e+00
1.013820638137551633e+00
1.013889057138222194e+00
1.013957476138908076e+00
1.014025895139594180e+00
1.014094314140264741e+00
1.014162733140950623e+00
1.014231152141636727e+00
1.014299571142307288e+00
1.014367990142993170e+00
1.014436409143679274e+00
1.014504828144349613e+00
1.014573247145035717e+00
1.014641666145721821e+00
1.014710085146392160e+00
1.014778504147078264e+00
1.014846923147764368e+00
1.014915342148434707e+00
1.014983761149120811e+00
1.015052180149806915e+00
1.015120599150477254e+00
1.015189018151163358e+00
1.015257437151849462e+00
1.015325856152519801e+00
1.015394275153205905e+00
1.015462694153892009e+00
1.015531113154562348e+00
1.015599532155248452e+00
1.015667951155934556e+00
1.015736370156604895e+00
1.015804789157290999e+00
1.015873208157977103e+00
1.015941627158647442e+00
1.016010046159333546e+00
1.016078465160019650e+00
1.016146884160689989e+00
1.016215303161376093e+00
1.016283722162062197e+00
1.016352141162732536e+00
1.016420560163418640e+00
1.016488979164104745e+00
1.016557398164775083e+00
1.016625817165461187e+00
1.016694236166147292e+00
1.016762655166817630e+00
1.016831074167503735e+00
1.016899493168189839e+00
1.016967912168860178e+00
1.017036331169546282e+00
1.017104750170232386e+00
1.017173169170902725e+00
1.017241588171588829e+00
1.017310007172274933e+00
1.017378426172945272e+00
1.017446845173631376e+00
1.017515264174317480e+00
1.017583683175003362e+00
1.017652102175673923e+00
1.017720521176359805e+00
1.017788940177045909e+00
1.017857359177716470e+00
1.017925778178402352e+00
1.017994197179088456e+00
1.018062616179759017e+00
1.018131035180444899e+00
1.018199454181131003e+00
1.018267873181801342e+00
1.018336292182487446e+00
1.018404711183173550e+00
1.018473130183843889e+00
1.018541549184529993e+00
1.018609968185216097e+00
1.018678387185886436e+00
1.018746806186572540e+00
1.018815225187258644e+00
1.018883644187928983e+00
1.018952063188615087e+00
1.019020482189301191e+00
1.019088901189971530e+00
1.019157320190657634e+00
1.019225739191343738e+00
1.019294158192014077e+00
1.019362577192700181e+00
1.019430996193386285e+00
1.019499415194056624e+00
1.019567834194742728e+00
1.019636253195428832e+00
1.019704672196099171e+00
1.019773091196785275e+00
1.019841510197471379e+00
1.019909929198141718e+00
1.019978348198827822e+00
1.020046767199513926e+00
1.020115186200184265e+00
1.020183605200870369e+00
1.020252024201556473e+00
1.020320443202226812e+00
1.020388862202912916e+00
1.020457281203599020e+00
1.020525700204269359e+00
1.020594119204955463e+00
1.020662538205641567e+00
1.020730957206311906e+00
1.020799376206998010e+00
1.020867795207684114e+00
1.020936214208354453e+00
1.021004633209040557e+00
1.021073052209726661e+00
1.021141471210397000e+00
1.021209890211083104e+00
1.021278309211769209e+00
1.021346728212439547e+00
1.021415147213125652e+00
1.021483566213811756e+00
1.021551985214482094e+00
1.021620404215168199e+00
1.021688823215854081e+00
1.021757242216524642e+00
1.021825661217210746e+00
1.021894080217896628e+00
1.021962499218567189e+00
1.022030918219253293e+00
1.022099337219939175e+00
1.022167756220609736e+00
1.022236175221295618e+00
1.022304594221981722e+00
1.022373013222652283e+00
1.022441432223338165e+00
1.022509851224024269e+00
1.022578270224710373e+00
1.022646689225380712e+00
1.022715108226066816e+00
1.022783527226752920e+00
1.022851946227423259e+00
1.022920365228109363e+00
1.022988784228795467e+00
1.023057203229465806e+00
1.023125622230151910e+00
1.023194041230838014e+00
1.023262460231508353e+00
1.023330879232194457e+00
1.023399298232880561e+00
1.023467717233550900e+00
1.023536136234237004e+00
1.023604555234923108e+00
1.023672974235593447e+00
1.023741393236279551e+00
1.023809812236965655e+00
1.023878231237635994e+00
1.023946650238322098e+00
1.024015069239008202e+00
1.024083488239678541e+00
1.024151907240364645e+00
1.024220326241050749e+00
1.024288745241721088e+00
1.024357164242407192e+00
1.024425583243093296e+00
1.024494002243763635e+00
1.024562421244449739e+00
1.024630840245135843e+00
1.024699259245806182e+00
1.024767678246492286e+00
1.024836097247178390e+00
1.024904516247848729e+00
1.024972935248534833e+00
1.025041354249220937e+00
1.025109773249891276e+00
1.025178192250577380e+00
1.025246611251263484e+00
1.025315030251933823e+00
1.025383449252619927e+00
1.025451868253305809e+00
1.025520287253976370e+00
1.025588706254662474e+00
1.025657125255348356e+00
1.025725544256018917e+00
1.025793963256705021e+00
1.025862382257390903e+00
1.025930801258061464e+00
1.025999220258747346e+00
1.026067639259433451e+00
1.026136058260104011e+00
1.026204477260789893e+00
1.026272896261475998e+00
1.026341315262146558e+00
1.026409734262832441e+00
1.026478153263518545e+00
1.026546572264189106e+00
1.026614991264874988e+00
1.026683410265561092e+00
1.026751829266231431e+00
1.026820248266917535e+00
1.026888667267603639e+00
1.026957086268273978e+00
1.027025505268960082e+00
1.027093924269646186e+00
1.027162343270316525e+00
1.027230762271002629e+00
1.027299181271688733e+00
1.027367600272359072e+00
1.027436019273045176e+00
1.027504438273731280e+00
1.027572857274417384e+00
1.027641276275087723e+00
1.027709695275773827e+00
1.027778114276459931e+00
1.027846533277130270e+00
1.027914952277816374e+00
1.027983371278502478e+00
1.028051790279172817e+00
1.028120209279858921e+00
1.028188628280545025e+00
1.028257047281215364e+00
1.028325466281901468e+00
1.028393885282587572e+00
1.028462304283257911e+00
1.028530723283944015e+00
1.028599142284630119e+00
1.028667561285300458e+00
1.028735980285986562e+00
1.028804399286672666e+00
1.028872818287343005e+00
1.028941237288029109e+00
1.029009656288715213e+00
1.029078075289385552e+00
1.029146494290071656e+00
1.029214913290757760e+00
1.029283332291428099e+00
1.029351751292114203e+00
1.029420170292800085e+00
1.029488589293470646e+00
1.029557008294156750e+00
1.029625427294842632e+00
1.029693846295513193e+00
1.029762265296199297e+00
1.029830684296885179e+00
1.029899103297555740e+00
1.029967522298241622e+00
1.030035941298927726e+00
1.030104360299598287e+00
1.030172779300284169e+00
1.030241198300970273e+00
1.030309617301640834e+00
1.030378036302326716e+00
1.030446455303012820e+00
1.030514874303683159e+00
1.030583293304369263e+00
1.030651712305055367e+00
1.030720131305725706e+00
1.030788550306411810e+00
1.030856969307097915e+00
1.030925388307768253e+00
1.030993807308454357e+00
1.031062226309140462e+00
1.031130645309810800e+00
1.031199064310496905e+00
1.031267483311183009e+00
1.031335902311853348e+00
1.031404321312539452e+00
1.031472740313225556e+00
1.031541159313895895e+00
1.031609578314581999e+00
1.031677997315268103e+00
1.031746416315938442e+00
1.031814835316624546e+00
1.031883254317310650e+00
1.031951673317980989e+00
1.032020092318667093e+00
1.032088511319353197e+00
1.032156930320023536e+00
1.032225349320709640e+00
1.032293768321395744e+00
1.032362187322066083e+00
1.032430606322752187e+00
1.032499025323438291e+00
1.032567444324124395e+00
1.032635863324794734e+00
1.032704282325480838e+00
1.032772701326166942e+00
1.032841120326837281e+00
1.032909539327523385e+00
1.032977958328209489e+00
1.033046377328879828e+00
1.033114796329565932e+00
1.033183215330252036e+00
1.033251634330922375e+00
1.033320053331608479e+00
1.033388472332294361e+00
1.033456891332964922e+00
1.033525310333651026e+00
1.033593729334336908e+00
1.033662148335007469e+00
1.033730567335693573e+00
1.033798986336379455e+00
1.033867405337050016e+00
1.033935824337735898e+00
1.034004243338422002e+00
1.034072662339092563e+00
1.034141081339778445e+00
1.034209500340464549e+00
1.034277919341135110e+00
1.034346338341820992e+00
1.034414757342507096e+00
1.034483176343177435e+00
1.034551595343863539e+00
1.034620014344549643e+00
1.034688433345219982e+00
1.034756852345906086e+00
1.034825271346592190e+00
1.034893690347262529e+00
1.034962109347948633e+00
1.035030528348634737e+00
1.035098947349305076e+00
1.035167366349991180e+00
1.035235785350677284e+00
1.035304204351347623e+00
1.035372623352033727e+00
1.035441042352719831e+00
1.035509461353390170e+00
1.035577880354076274e+00
1.035646299354762379e+00
1.035714718355432717e+00
1.035783137356118822e+00
1.035851556356804926e+00
1.035919975357475264e+00
1.035988394358161369e+00
1.036056813358847473e+00
1.036125232359517812e+00
1.036193651360203916e+00
1.036262070360890020e+00
1.036330489361560359e+00
1.036398908362246463e+00
1.036467327362932567e+00
1.036535746363602906e+00
1.036604165364289010e+00
1.036672584364975114e+00
1.036741003365645453e+00
1.036809422366331557e+00
1.036877841367017661e+00
1.036946260367688000e+00
1.037014679368374104e+00
1.037083098369060208e+00
1.037151517369730547e+00
1.037219936370416651e+00
1.037288355371102755e+00
1.037356774371773094e+00
1.037425193372459198e+00
1.037493612373145302e+00
1.037562031373831184e+00
1.037630450374501745e+00
1.037698869375187627e+00
1.037767288375873731e+00
1.037835707376544292e+00
1.037904126377230174e+00
1.037972545377916278e+00
1.038040964378586839e+00
1.038109383379272721e+00
1.038177802379958825e+00
1.038246221380629164e+00
1.038314640381315268e+00
1.038383059382001372e+00
1.038451478382671711e+00
1.038519897383357815e+00
1.038588316384043919e+00
1.038656735384714258e+00
1.038725154385400362e+00
1.038793573386086466e+00
1.038861992386756805e+00
1.038930411387442909e+00
1.038998830388129013e+00
1.039067249388799352e+00
1.039135668389485456e+00
1.039204087390171560e+00
1.039272506390841899e+00
1.039340925391528003e+00
1.039409344392214107e+00
1.039477763392884446e+00
1.039546182393570550e+00
1.039614601394256654e+00
1.039683020394926993e+00
1.039751439395613097e+00
1.039819858396299201e+00
1.039888277396969540e+00
1.039956696397655644e+00
1.040025115398341748e+00
1.040093534399012087e+00
1.040161953399698191e+00
1.040230372400384296e+00
1.040298791401054634e+00
1.040367210401740738e+00
1.040435629402426843e+00
1.040504048403097181e+00
1.040572467403783286e+00
1.040640886404469390e+00
1.040709305405139729e+00
1.040777724405825833e+00
1.040846143406511937e+00
1.040914562407182276e+00
1.040982981407868380e+00
1.041051400408554484e+00
1.041119819409224823e+00
1.041188238409910927e+00
1.041256657410597031e+00
1.041325076411267370e+00
1.041393495411953474e+00
1.041461914412639578e+00
1.041530333413309917e+00
1.041598752413996021e+00
1.041667171414681903e+00
1.041735590415352464e+00
1.041804009416038568e+00
1.041872428416724450e+00
1.041940847417395011e+00
1.042009266418081115e+00
1.042077685418766997e+00
1.042146104419437558e+00
1.042214523420123440e+00
1.042282942420809544e+00
1.042351361421480105e+00
1.042419780422165987e+00
1.042488199422852091e+00
1.042556618423538195e+00
1.042625037424208534e+00
1.042693456424894638e+00
1.042761875425580742e+00
1.042830294426251081e+00
1.042898713426937185e+00
1.042967132427623289e+00
1.043035551428293628e+00
1.043103970428979732e+00
1.043172389429665836e+00
1.043240808430336175e+00
1.043309227431022279e+00
1.043377646431708383e+00
1.043446065432378722e+00
1.043514484433064826e+00
1.043582903433750930e+00
1.043651322434421269e+00
1.043719741435107373e+00
1.043788160435793477e+00
1.043856579436463816e+00
1.043924998437149920e+00
1.043993417437836024e+00
1.044061836438506363e+00
1.044130255439192467e+00
1.044198674439878571e+00
1.044267093440548910e+00
1.044335512441235014e+00
1.044403931441921118e+00
1.044472350442591457e+00
1.044540769443277561e+00
1.044609188443963665e+00
1.044677607444634004e+00
1.044746026445320108e+00
1.044814445446006212e+00
1.044882864446676551e+00
1.044951283447362655e+00
1.045019702448048760e+00
1.045088121448719098e+00
1.045156540449405203e+00
1.045224959450091307e+00
1.045293378450761645e+00
1.045361797451447750e+00
1.045430216452133854e+00
1.045498635452804193e+00
1.045567054453490297e+00
1.045635473454176179e+00
1.045703892454846740e+00
1.045772311455532844e+00
1.045840730456218726e+00
1.045909149456889287e+00
1.045977568457575391e+00
1.046045987458261273e+00
1.046114406458931834e+00
1.046182825459617716e+00
1.046251244460303820e+00
1.046319663460974381e+00
1.046388082461660263e+00
1.046456501462346367e+00
1.046524920463016928e+00
1.046593339463702810e+00
1.046661758464388914e+00
1.046730177465059253e+00
1.046798596465745357e+00
1.046867015466431461e+00
1.046935434467101800e+00
1.047003853467787904e+00
1.047072272468474008e+00
1.047140691469144347e+00
1.047209110469830451e+00
1.047277529470516555e+00
1.047345948471186894e+00
1.047414367471872998e+00
1.047482786472559102e+00
1.047551205473245206e+00
1.047619624473915545e+00
1.047688043474601649e+00
1.047756462475287753e+00
1.047824881475958092e+00
1.047893300476644196e+00
1.047961719477330300e+00
1.048030138478000639e+00
1.048098557478686743e+00
1.048166976479372847e+00
1.048235395480043186e+00
1.048303814480729290e+00
1.048372233481415394e+00
1.048440652482085733e+00
1.048509071482771837e+00
1.048577490483457941e+00
1.048645909484128280e+00
1.048714328484814384e+00
1.048782747485500488e+00
1.048851166486170827e+00
1.048919585486856931e+00
1.048988004487543035e+00
1.049056423488213374e+00
1.049124842488899478e+00
1.049193261489585582e+00
1.049261680490255921e+00
1.049330099490942025e+00
1.049398518491627907e+00
1.049466937492298468e+00
1.049535356492984572e+00
1.049603775493670454e+00
1.049672194494341015e+00
1.049740613495027119e+00
1.049809032495713002e+00
1.049877451496383562e+00
1.049945870497069444e+00
1.050014289497755549e+00
1.050082708498426110e+00
1.050151127499111992e+00
1.050219546499798096e+00
1.050287965500468657e+00
1.050356384501154539e+00
1.050424803501840643e+00
1.050493222502510982e+00
1.050561641503197086e+00
1.050630060503883190e+00
1.050698479504553529e+00
1.050766898505239633e+00
1.050835317505925737e+00
1.050903736506596076e+00
1.050972155507282180e+00
1.051040574507968284e+00
1.051108993508638623e+00
1.051177412509324727e+00
1.051245831510010831e+00
1.051314250510681170e+00
1.051382669511367274e+00
1.051451088512053378e+00
1.051519507512723717e+00
1.051587926513409821e+00
1.051656345514095925e+00
1.051724764514766264e+00
1.051793183515452368e+00
1.051861602516138472e+00
1.051930021516808811e+00
1.051998440517494915e+00
1.052066859518181019e+00
1.052135278518851358e+00
1.052203697519537462e+00
1.052272116520223566e+00
1.052340535520909670e+00
1.052408954521580009e+00
1.052477373522266113e+00
1.052545792522952217e+00
1.052614211523622556e+00
1.052682630524308660e+00
1.052751049524994764e+00
1.052819468525665103e+00
1.052887887526351207e+00
1.052956306527037311e+00
1.053024725527707650e+00
1.053093144528393754e+00
1.053161563529079858e+00
1.053229982529750197e+00
1.053298401530436301e+00
1.053366820531122183e+00
1.053435239531792744e+00
1.053503658532478848e+00
1.053572077533164730e+00
1.053640496533835291e+00
1.053708915534521395e+00
1.053777334535207277e+00
1.053845753535877838e+00
1.053914172536563720e+00
1.053982591537249824e+00
1.054051010537920385e+00
1.054119429538606267e+00
1.054187848539292371e+00
1.054256267539962932e+00
1.054324686540648814e+00
1.054393105541334918e+00
1.054461524542005257e+00
1.054529943542691361e+00
1.054598362543377466e+00
1.054666781544047804e+00
1.054735200544733909e+00
1.054803619545420013e+00
1.054872038546090351e+00
1.054940457546776456e+00
1.055008876547462560e+00
1.055077295548132899e+00
1.055145714548819003e+00
1.055214133549505107e+00
1.055282552550175446e+00
1.055350971550861550e+00
1.055419390551547654e+00
1.055487809552217993e+00
1.055556228552904097e+00
1.055624647553590201e+00
1.055693066554260540e+00
1.055761485554946644e+00
1.055829904555632748e+00
1.055898323556303087e+00
1.055966742556989191e+00
1.056035161557675295e+00
1.056103580558345634e+00
1.056171999559031738e+00
1.056240418559717842e+00
1.056308837560388181e+00
1.056377256561074285e+00
1.056445675561760389e+00
1.056514094562430728e+00
1.056582513563116832e+00
1.056650932563802936e+00
1.056719351564473275e+00
1.056787770565159379e+00
1.056856189565845483e+00
1.056924608566515822e+00
1.056993027567201926e+00
1.057061446567888030e+00
1.057129865568558369e+00
1.057198284569244473e+00
1.057266703569930577e+00
1.057335122570616459e+00
1.057403541571287020e+00
1.057471960571973124e+00
1.057540379572659006e+00
1.057608798573329567e+00
1.057677217574015449e+00
1.057745636574701553e+00
1.057814055575372114e+00
1.057882474576057996e+00
1.057950893576744100e+00
1.058019312577414661e+00
1.058087731578100543e+00
1.058156150578786647e+00
1.058224569579456986e+00
1.058292988580143090e+00
1.058361407580829194e+00
1.058429826581499533e+00
1.058498245582185637e+00
1.058566664582871741e+00
1.058635083583542080e+00
1.058703502584228184e+00
1.058771921584914288e+00
1.058840340585584627e+00
1.058908759586270731e+00
1.058977178586956835e+00
1.059045597587627174e+00
1.059114016588313278e+00
1.059182435588999383e+00
1.059250854589669721e+00
1.059319273590355825e+00
1.059387692591041930e+00
1.059456111591712268e+00
1.059524530592398373e+00
1.059592949593084477e+00
1.059661368593754815e+00
1.059729787594440920e+00
1.059798206595127024e+00
1.059866625595797363e+00
1.059935044596483467e+00
1.060003463597169571e+00
1.060071882597839910e+00
1.060140301598526014e+00
1.060208720599212118e+00
1.060277139599882457e+00
1.060345558600568561e+00
1.060413977601254665e+00
1.060482396601925004e+00
1.060550815602611108e+00
1.060619234603297212e+00
1.060687653603967551e+00
1.060756072604653655e+00
1.060824491605339759e+00
1.060892910606010098e+00
1.060961329606696202e+00
1.061029748607382306e+00
1.061098167608052645e+00
1.061166586608738749e+00
1.061235005609424853e+00
1.061303424610095192e+00
1.061371843610781296e+00
1.061440262611467400e+00
1.061508681612137739e+00
1.061577100612823843e+00
1.061645519613509725e+00
1.061713938614180286e+00
1.061782357614866390e+00
1.061850776615552272e+00
1.061919195616222833e+00
1.061987614616908937e+00
1.062056033617594819e+00
1.062124452618265380e+00
1.062192871618951262e+00
1.062261290619637366e+00
1.062329709620323470e+00
1.062398128620993809e+00
1.062466547621679913e+00
1.062534966622366017e+00
1.062603385623036356e+00
1.062671804623722460e+00
1.062740223624408564e+00
1.062808642625078903e+00
1.062877061625765007e+00
1.062945480626451111e+00
1.063013899627121450e+00
1.063082318627807554e+00
1.063150737628493658e+00
1.063219156629163997e+00
1.063287575629850101e+00
1.063355994630536205e+00
1.063424413631206544e+00
1.063492832631892648e+00
1.063561251632578752e+00
1.063629670633249091e+00
1.063698089633935195e+00
1.063766508634621299e+00
1.063834927635291638e+00
1.063903346635977742e+00
1.063971765636663847e+00
1.064040184637334185e+00
1.064108603638020289e+00
1.064177022638706394e+00
1.064245441639376732e+00
1.064313860640062837e+00
1.064382279640748941e+00
1.064450698641419280e+00
1.064519117642105384e+00
1.064587536642791488e+00
1.064655955643461827e+00
1.064724374644147931e+00
1.064792793644834035e+00
1.064861212645504374e+00
1.064929631646190478e+00
1.064998050646876582e+00
1.065066469647546921e+00
1.065134888648233025e+00
1.065203307648919129e+00
1.065271726649589468e+00
1.065340145650275572e+00
1.065408564650961676e+00
1.065476983651632015e+00
1.065545402652318119e+00
1.065613821653004001e+00
1.065682240653674562e+00
1.065750659654360666e+00
1.065819078655046548e+00
1.065887497655717109e+00
1.070962387447419450e+00
1.076659566414175373e+00
1.082356745380931073e+00
1.088053924347686996e+00
1.093751103314442918e+00
1.099448282281183076e+00
1.105145461247938776e+00
1.110842640214694699e+00
1.116539819181450621e+00
1.122236998148206544e+00
1.127934177114946479e+00
1.134757637747004777e+00
1.144507250847947244e+00
1.154256863948905254e+00
1.164006477049863264e+00
1.173756090150821496e+00
1.183505703251763741e+00
1.193255316352721751e+00
1.204929609625718490e+00
1.218684808153724708e+00
1.232440006681714939e+00
1.246195205209705392e+00
1.259950403737695623e+00
1.276312649881756522e+00
1.294064390683238308e+00
1.311816131484704107e+00
1.329567872286185670e+00
1.350928881952526472e+00
1.372677585042787696e+00
1.394426288133048919e+00
1.419519959168947354e+00
1.445269799166021274e+00
1.471980739465411192e+00
1.501737603168781021e+00
1.531494466872150850e+00
1.565218182363074417e+00
1.598988751359650351e+00
1.666284746319588228e+00
1.733730328622402395e+00
1.801325995728165541e+00
1.869072236061614101e+00
1.936969532897206303e+00
2.005018366974331556e+00
2.073219217696532723e+00
2.141572564224597741e+00
2.210078886101534135e+00
2.278738663686492583e+00
2.347552378459326405e+00
2.416520513231170675e+00
2.485643552304208193e+00
2.554921981720396307e+00
2.624356289115202578e+00
2.693946964007805089e+00
2.763694497721226107e+00
2.833599383522904080e+00
2.903662116609925459e+00
2.973883194177565858e+00
3.044263115429084898e+00
3.114802381612620685e+00
3.185501496041352354e+00
3.256360964115792012e+00
3.327381293334960244e+00
3.398562993327546522e+00
3.469906575887841349e+00
3.541412554985520433e+00
3.613081446713876321e+00
3.684913769377951009e+00
3.756910043510117703e+00
3.829070791867521972e+00
3.901396539417648857e+00
3.973887813398679469e+00
4.046545143322520133e+00
4.119369060978928410e+00
4.192360100447197091e+00
4.265518798124742439e+00
4.338845692735828763e+00
4.412341325340241482e+00
4.486006239351262970e+00
4.559840980551704170e+00
4.633846097106784967e+00
4.708022139577756171e+00
4.782369660936949707e+00
4.856889216581824265e+00
4.931581364353302632e+00
5.006446664553156012e+00
5.081485679945374478e+00
5.156698975776706106e+00
5.232087119791224872e+00
5.307650682244649865e+00
5.383390235918667166e+00
5.459306356135251725e+00
5.535399620770983020e+00
5.611670610271375814e+00
5.688119907694767718e+00
5.764748098771308449e+00
5.841555771790823748e+00
5.918543517672085308e+00
5.995711929981895949e+00
6.073061604949841374e+00
6.150593141483025050e+00
6.228307141180812856e+00
6.306204208349574181e+00
6.384284950017422133e+00
6.462549975985955264e+00
6.540999898948124169e+00
6.619635334299667662e+00
6.698456900226578803e+00
6.777465217732218328e+00
6.856660910653633145e+00
6.936044605677866848e+00
7.015616932358450519e+00
7.095378523154804107e+00
7.175330013432058784e+00
7.255472041462762256e+00
7.335805248455220529e+00
7.416330278570133494e+00
7.497047778937218965e+00
7.577958399671821610e+00
7.659062793915444978e+00
7.740361617946483364e+00
7.821855531031861375e+00
7.903545195495023101e+00
7.985431276745924123e+00
8.067514443298936300e+00
8.149795366790753448e+00
8.232274721998365408e+00
8.314953186925841067e+00
8.397831442788758594e+00
8.480910173965234833e+00
8.564190068059035710e+00
8.647671815918510418e+00
8.731356111655541596e+00
8.815243652664479512e+00
8.899335139657912563e+00
8.983631276779027175e+00
9.068132771472688702e+00
9.152840334542451828e+00
9.237754680185219058e+00
9.322876526011350862e+00
9.408206593064775802e+00
9.493745605843111335e+00
9.579494292410984713e+00
9.665453384318976049e+00
9.751623616673850137e+00
9.838005728091671287e+00
9.924600460762832199e+00
1.001140856047275562e+01
1.009843077662277011e+01
1.018566786226557142e+01
1.027312057423891822e+01
1.036078967302436737e+01
1.044867592280246882e+01
1.053678009149803074e+01
1.062510295080453560e+01
1.071364527620870000e+01
1.080240784701536860e+01
1.089139144637268330e+01
1.098059686130881296e+01
1.107002488280267016e+01
1.115967630573129021e+01
1.124955192892149292e+01
1.133965255518344328e+01
1.142997899133864692e+01
1.152053204824827937e+01
1.161131254084186715e+01
1.170232128814630101e+01
1.179355911328497974e+01
1.188502684344831906e+01
1.197672531005770225e+01
1.206865534874094692e+01
1.216081779935602469e+01
1.225321350602019699e+01
1.234584331713937821e+01
1.243870808543777962e+01
1.253180866798778226e+01
1.262514592623576348e+01
1.271872072602940840e+01
1.281253393766006354e+01
1.290658643588784926e+01
1.300087909997241375e+01
1.309541281370410637e+01
1.319018846543538892e+01
1.328520694811248504e+01
1.338046915930728176e+01
1.347597600126249695e+01
1.357172838092253819e+01
1.366772720994621437e+01
1.376397340475141817e+01
1.386046788654866369e+01
1.395721158137480344e+01
1.405420542012714336e+01
1.415145033859756474e+01
1.424894727750725920e+01
1.434669718256259863e+01
1.444470100447608019e+01
1.454295969898702978e+01
1.464147422690914269e+01
1.474024555416684557e+01
1.483927465183190542e+01
1.493856249616035115e+01
1.503811006862966337e+01
1.513791835597463376e+01
1.523798835026509835e+01
1.533832104889527237e+01
1.543891745463202803e+01
1.553977857565918264e+01
1.564090542561707764e+01
1.574229902364247202e+01
1.584396039440871462e+01
1.594589056816622197e+01
1.604809058078598127e+01
1.615056147383566909e+01
1.625330429457491022e+01
1.635632009600176318e+01
1.645960993690440333e+01
1.656317488190426701e+01
1.666701600149955453e+01
1.677113437210914881e+01
1.687553107611691416e+01
1.698020720191637167e+01
1.708516384395591103e+01
1.719040210279418801e+01
1.729592308517776900e+01
1.740172790402571934e+01
1.750781767849881732e+01
1.761419353405143085e+01
1.772085660248005823e+01
1.782780802197235204e+01
1.793504893715668658e+01
1.804258049915223694e+01
1.815040386561957675e+01
1.825852020081181948e+01
1.836693067561407133e+01
1.847563646759147815e+01
1.858463876107013846e+01
1.869393874717541237e+01
1.880353762388508088e+01
1.891343659608335770e+01
1.902363687561545191e+01
1.913413968134265275e+01
1.924494623919801484e+01
1.935605778224260476e+01
1.946747555072221658e+01
1.957920079211686470e+01
1.969123476120547878e+01
1.980357872012833553e+01
1.991623393844222534e+01
2.002920169318004895e+01
2.014248326891101470e+01
2.025607995780145743e+01
2.036999305967623641e+01
2.048422388208077649e+01
2.059877374034370945e+01
2.071364395764113198e+01
2.082883586507004736e+01
2.094435080169944996e+01
2.106019011463785517e+01
2.117635515910141564e+01
2.129284729848066249e+01
2.140966790440787193e+01
2.152681835682524181e+01
2.164430004405349806e+01
2.176211436286148171e+01
2.188026271853626881e+01
2.199874652495953953e+01
2.211756720469240278e+01
2.223672618901924380e+01
2.235622491803203005e+01
2.247606484070585608e+01
2.259624741497389877e+01
2.271677410780310069e+01
2.283764639527067786e+01
2.295886576264140899e+01
2.308043370444570641e+01
2.320235172455851824e+01
2.332462133629294598e+01
2.344724406248141690e+01
2.357022143553121651e+01
2.369355499752153804e+01
2.381724630028713463e+01
2.394129690550270695e+01
2.406570838476821450e+01
2.419048231969508223e+01
2.431562030199332369e+01
2.444112393355957025e+01
2.456699482656707190e+01
2.469323460357815847e+01
2.481984489761500257e+01
2.494682735224047931e+01
2.507418362166283288e+01
2.520191537082997968e+01
2.533002427552492009e+01
2.545851202246194589e+01
2.558738030938417651e+01
2.571663084516198339e+01
2.584626534989253699e+01
2.597628555500503111e+01
2.610669320339703603e+01
2.623749004948313157e+01
2.636867785931135444e+01
2.650025841067593291e+01
2.663223349322410272e+01
2.676460490856414509e+01
2.689737447037462204e+01
2.703054400451484796e+01
2.716411534913660475e+01
2.729809035479707546e+01
2.743247088457307825e+01
2.756725881417658286e+01
2.770245603209012231e+01
2.783806443971820954e+01
2.797408595142287169e+01
2.811052249468064446e+01
2.824737601020901323e+01
2.838464845209102805e+01
2.852234178790146402e+01
2.866045799883440992e+01
2.879899907983244489e+01
2.893796703971734630e+01
2.907736390132236437e+01
2.921719170162609558e+01
2.935745249188801154e+01
2.949814833778260237e+01
2.963928131953880296e+01
2.978085353208516395e+01
2.992286708518905414e+01
3.006532410360061291e+01
3.020822672719834756e+01
3.035157711113653178e+01
3.049537742599442325e+01
3.063962985792731786e+01
3.078433660881943013e+01
3.092949989643869912e+01
3.107512195459351645e+01
3.122120503329141172e+01
3.136775139890405484e+01
3.151476333432511723e+01
3.166224313913399513e+01
3.181019312976431124e+01
3.195861563967268637e+01
3.210751301950971737e+01
3.225688763729302622e+01
3.240674187858254385e+01
3.255707814665796462e+01
3.270789886269842839e+01
3.285920646596447625e+01
3.301100341398229432e+01
3.316329218273274648e+01
3.331607526685583309e+01
3.346935517981672348e+01
3.362313445410611479e+01
3.377741564143960318e+01
3.393220131295677788e+01
3.408749405942271693e+01
3.424329649143219001e+01
3.439961123961643352e+01
3.455644095485254041e+01
3.471378830847562114e+01
3.487165599249365044e+01
3.503004671980506401e+01
3.518896322443548996e+01
3.534840826178511719e+01
3.550838460878856750e+01
3.566889506417372502e+01
3.582994244869673395e+01
3.599152960537798407e+01
3.615365939974108755e+01
3.631633472005511720e+01
3.647955847757999237e+01
3.664333360681505525e+01
3.680766306575107905e+01
3.697254983612546653e+01
3.713799692368094441e+01
3.730400735846921378e+01
3.747058419510197780e+01
3.763773051296480077e+01
3.780544941652632218e+01
3.797374403561570944e+01
3.814261752570385511e+01
3.831207306818837566e+01
3.848211387068248257e+01
3.865274316730786097e+01
3.882396421899142780e+01
3.899578031376622533e+01
3.916819476707640035e+01
3.934121092208905424e+01
3.951483215008196481e+01
3.968906185067571357e+01
3.986390345214731212e+01
4.003936041178460670e+01
4.021543621621858478e+01
4.039213438176045656e+01
4.056945845474333368e+01
4.074741201186876793e+01
4.092599866055815738e+01
4.110522203930914031e+01
4.128508581805678546e+01
4.146559369854016097e+01
4.164674941469063896e+01
4.182855673310195499e+01
4.201101945325476805e+01
4.219414140794891210e+01
4.237792646371459426e+01
4.256237852121287091e+01
4.274750151564209943e+01
4.293329941714993225e+01
4.311977623125166303e+01
4.330693599925433546e+01
4.349478279868714026e+01
4.368332074373803664e+01
4.387255398569664067e+01
4.406248671345693424e+01
4.425312315403846952e+01
4.444446757285124505e+01
4.463652427425686398e+01
4.482929760205259129e+01
4.502279193995711637e+01
4.521701171210337122e+01
4.541196138353888045e+01
4.560764546073345826e+01
4.580406849209457221e+01
4.600123506849033106e+01
4.619914982378037394e+01
4.639781743535462510e+01
4.659724262481361023e+01
4.679743015846027276e+01
4.699838484771259317e+01
4.720011154978143253e+01
4.740261516825436416e+01
4.760590065368835866e+01
4.780997300421176277e+01
4.801483726613530223e+01
4.822049853457275503e+01
4.842696195407101101e+01
4.863423271924995817e+01
4.884231607545215326e+01
4.905121731941335383e+01
4.926094180017073398e+01
4.947149491945582866e+01
4.968288213237583051e+01
4.989510894819819242e+01
5.010818093106766469e+01
5.032210370073462968e+01
5.053688293329506109e+01
5.075252436194215022e+01
5.096903377772998311e+01
5.118641703034933954e+01
5.140468002891580568e+01
5.162382874277045630e+01
5.184386920235350260e+01
5.206480750032176985e+01
5.228664979187612261e+01
5.250940229577157936e+01
5.273307129523710302e+01
5.295766313886238663e+01
5.318318424149916268e+01
5.340964108517735554e+01
5.363704022003624772e+01
5.386538826527092994e+01
5.409469191009427647e+01
5.432495791471479407e+01
5.455619311133045812e+01
5.478840440528127687e+01
5.502159877623782336e+01
5.525578327877777696e+01
5.549096504366836768e+01
5.572715127896653087e+01
5.596434927112737512e+01
5.620256638613172839e+01
5.644181007063344424e+01
5.668208785312640430e+01
5.692340734513208389e+01
5.716577624240530042e+01
5.740920232610036322e+01
5.765369346408805029e+01
5.789925761223614131e+01
5.814590281568105468e+01
5.839363721014291997e+01
5.864246902326349442e+01
5.889240657596731410e+01
5.914345828384630721e+01
5.939563265856859431e+01
5.964893830931158192e+01
5.990338394438316527e+01
6.015897837301449869e+01
6.041573050616696605e+01
6.067364935836717876e+01
6.093274404931102595e+01
6.119302380546984921e+01
6.145449796172583490e+01
6.171717596303714259e+01
6.198106736613344481e+01
6.224618184124227582e+01
6.251252917384922370e+01
6.278011926661994124e+01
6.304896214110602415e+01
6.331906793955432278e+01
6.359044692685655775e+01
6.386310949247858559e+01
6.413706615242519149e+01
6.441232755124123344e+01
6.468890446404986960e+01
6.496680779862819577e+01
6.524604859752139419e+01
6.552663804032793848e+01
6.580858744627474266e+01
6.609190827571417515e+01
6.637661213267809046e+01
6.666271076725199407e+01
6.695021607795240470e+01
6.723914011414947822e+01
6.752949507853541888e+01
6.782129332964041168e+01
6.811454738439618950e+01
6.840926992075085877e+01
6.870547378076538791e+01
6.900317197303115790e+01
6.930237767515494340e+01
6.960310423682429359e+01
6.990536518269594524e+01
7.020917421534058178e+01
7.051454521824511801e+01
7.082149225887370392e+01
7.113002959178827211e+01
7.144017166183023448e+01
7.175193310750509568e+01
7.206532876489160344e+01
7.238037366999067501e+01
7.269708306249562213e+01
7.301547238940027285e+01
7.333555730859590938e+01
7.365735369254018394e+01
7.398087763199940525e+01
7.430614543986564513e+01
7.463317365505002954e+01
7.496197904645404719e+01
7.529257861753332293e+01
7.562498961029019995e+01
7.595922950895740655e+01
7.629531604467005934e+01
7.663326719989103708e+01
7.697310121292876772e+01
7.731483658254941815e+01
7.765849207268553300e+01
7.800408671723384657e+01
7.835163982477685352e+01
7.870117098378250375e+01
7.905270006772535396e+01
7.940624724024819159e+01
7.976183296048246518e+01
8.011947798847889146e+01
8.047920339075052709e+01
8.084103054593053628e+01
8.120498115072940948e+01
8.157107722665213601e+01
8.193934112476237885e+01
8.230979553222950074e+01
8.268246347874725188e+01
8.305736834298707549e+01
8.343453385918961374e+01
8.381398412389755492e+01
8.419574360283266401e+01
8.457983713796397751e+01
8.496628995472208601e+01
8.535512766921293348e+01
8.574637629576173481e+01
8.614006225456574839e+01
8.653621237950976308e+01
8.693485392614873319e+01
8.733601457986168271e+01
8.773972246418325938e+01
8.814600614986308358e+01
8.855489466324310399e+01
8.896641749478568784e+01
8.938060460844515376e+01
8.979748645096293558e+01
9.021709396136459702e+01
9.063945858066223593e+01
9.106461226176705281e+01
9.149258747964972827e+01
9.192341724209414622e+01
9.235713509979380831e+01
9.279377515720388203e+01
9.323337208368100448e+01
9.367596112477455961e+01
9.412157811376278005e+01
9.457025948343823529e+01
9.502204227814836202e+01
9.547696416616665260e+01
9.593506345247398315e+01
9.639637909122306780e+01
9.686095069899194243e+01
9.732881856821234123e+01
9.780002368086589115e+01
9.827460772247459886e+01
9.875261309639105889e+01
9.923408293839442251e+01
9.971906113154683737e+01
1.002075923214007958e+02
1.006997219316443903e+02
1.011954961799248736e+02
1.016949620940568337e+02
1.021981675285728528e+02
1.027051611816213352e+02
1.032159926122188978e+02
1.037307122578458376e+02
1.042493714514997123e+02
1.047720224407668610e+02
1.052987184068667403e+02
1.058295134833625184e+02
1.063644627756134042e+02
1.069036223806195949e+02
1.074470494072667748e+02
1.079948019969761930e+02
1.085469393445428494e+02
1.091035217177026340e+02
1.096646104811265872e+02
1.102302681182734858e+02
1.108005582536666225e+02
1.113755456758786977e+02
1.119552963609336445e+02
1.125398774961105630e+02
1.131293575040140098e+02
1.137238060674341540e+02
1.143232941544156915e+02
1.149278940437506407e+02
1.155376793509361448e+02
1.161527250545702259e+02
1.167731075228622899e+02
1.173989045371590549e+02
1.180301953231673764e+02
1.186670605785923698e+02
1.193095825007099648e+02
1.199578448149792109e+02
1.206119328038518574e+02
1.212719333344185912e+02
1.219379348900020119e+02
1.226100275999564957e+02
1.232883032698178738e+02
1.239728554120785162e+02
1.246637792763302883e+02
1.253611718737818137e+02
1.260651320162270821e+02
1.267757603464047378e+02
1.274931593690660065e+02
1.282174334818802492e+02
1.289486890016177938e+02
1.296870342040135711e+02
1.304325793544831527e+02
1.311854367402572450e+02
1.319457207004709289e+02
1.327135476473231677e+02
1.334890361092539877e+02
1.342723067593067867e+02
1.350634824463563177e+02
1.358626882268385998e+02
1.366700513949211313e+02
1.374857015137805263e+02
1.383097704348449781e+02
1.391423923323037855e+02
1.399837037353014750e+02
1.408338435525537591e+02
1.416929530922499225e+02
1.425611760955705734e+02
1.434386587613153665e+02
1.443255497653559587e+02
1.452220002771621807e+02
1.461281639927633478e+02
1.470441971520155846e+02
1.479702585477209880e+02
1.489065095459979489e+02
1.498531141082854674e+02
1.508102388018945135e+02
1.517780527992339898e+02
1.527567278998641598e+02
1.537464385388939832e+02
1.547473617877073480e+02
1.557596773470498022e+02
1.567835675638895907e+02
1.578192174267101677e+02
1.588668145522135262e+02
1.599265491790137332e+02
1.609986141682269079e+02
1.620832049879018371e+02
1.631805196865475693e+02
1.642907588849500939e+02
1.654141257574741530e+02
1.665508260051981324e+02
1.677010678213230221e+02
1.688650618721208048e+02
1.700430212623798809e+02
1.712351614973050857e+02
1.724417004430060274e+02
1.736628582891038945e+02
1.748988575033208406e+02
1.761499227874026587e+02
1.774162810264006396e+02
1.786981612359774658e+02
1.799957945105374222e+02
1.813094139787818904e+02
1.826392547332984293e+02
1.839855537722824010e+02
1.853485499471793503e+02
1.867284839141871657e+02
1.881255980559853072e+02
1.895401364280397161e+02
1.909723447010110817e+02
1.924224700909293233e+02
1.938907613082613182e+02
1.953774685141906673e+02
1.968828432413086205e+02
1.984071383514500724e+02
1.999506079967500511e+02
2.015135075505371844e+02
2.030960935741162245e+02
2.046986237913298794e+02
2.063213570279012288e+02
2.079645531927499746e+02
2.096284732689597377e+02
2.113133792678570444e+02
2.130195342269752246e+02
2.147472022181842704e+02
2.164966483232291523e+02
2.182681386504312684e+02
2.200619403626988628e+02
2.218783216776008658e+02
2.237175519043941847e+02
2.255799014914576617e+02
2.274656420550822702e+02
2.293750464367632560e+02
2.313083887690633560e+02
2.332659445347632357e+02
2.352479906435451085e+02
2.372548055143501813e+02
2.392866691644610171e+02
2.413438633041195089e+02
2.434266714309086979e+02
2.455353789473057873e+02
2.476702732715934019e+02
2.498316439387052981e+02
2.520197827411304559e+02
2.542349838544472789e+02
2.564775439419442478e+02
2.587477623092855197e+02
2.610459410425459055e+02
2.633723851143913635e+02
2.657274025423536727e+02
2.681113045361022387e+02
2.705244056041351541e+02
2.729670237058889484e+02
2.754394804039151836e+02
2.779421009704648213e+02
2.804752145262064005e+02
2.830391541919773317e+02
2.856342571914113933e+02
2.882608649766202689e+02
2.909193233819299280e+02
2.936099827070308379e+02
2.963331978310339991e+02
2.990893283500136590e+02
3.018787386582906151e+02
3.047017980828794634e+02
3.075588809484182207e+02
3.104503666893733680e+02
3.133766399503314233e+02
3.163380906431835342e+02
3.193351140732298177e+02
3.223681109828578997e+02
3.254374876552021760e+02
3.285436559808080688e+02
3.316870335139535655e+02
3.348680435726180917e+02
3.380871152719076349e+02
3.413446836090912484e+02
3.446411895205194469e+02
3.479770799486259421e+02
3.513528078926415219e+02
3.547688324688178341e+02
3.582256189704689859e+02
3.617236389210383436e+02
3.652633701352277740e+02
3.688452967728130147e+02
3.724699093966785313e+02
3.761377050253022389e+02
3.798491871917414073e+02
3.836048660010048934e+02
3.874052581872953738e+02
3.912508871739887581e+02
3.951422831316484690e+02
3.990799830380921094e+02
4.030645307413699356e+02
4.070964770212040094e+02
4.111763796543872900e+02
4.153048034780833859e+02
4.194823204572189752e+02
4.237095097517012050e+02
4.279869577852007865e+02
4.323152583162474230e+02
4.366950125080780936e+02
4.411268290031378001e+02
4.456113239955093945e+02
4.501491213073161930e+02
4.547408524649192145e+02
4.593871567759479717e+02
4.640886814094433817e+02
4.688460814741633840e+02
4.736600201014547906e+02
4.785311685261699495e+02
4.834602061728697890e+02
4.884478207279854587e+02
4.934947082500555098e+02
4.986015732303093841e+02
5.037691286952051541e+02
5.089980962729279099e+02
5.142892063178705939e+02
5.196431979837476547e+02
5.250608193028032247e+02
5.305428272824426585e+02
5.360899880159823851e+02
5.417030767542005378e+02
5.473828779984661423e+02
5.531301856060204045e+02
5.589458028905480660e+02
5.648305427060040529e+02
5.707852275461019644e+02
5.768106896457286439e+02
5.829077710692193932e+02
5.890773238181066063e+02
5.953202099303497334e+02
6.016373015741679637e+02
6.080294811550165832e+02
6.144976414077964364e+02
6.210426855029683111e+02
6.276655271506294866e+02
6.343670906984899602e+02
6.411483112378174383e+02
6.480101347021310403e+02
6.549535179732695269e+02
6.619794289867409134e+02
6.690888468327839291e+02
6.762827618638002605e+02
6.835621757946316848e+02
6.909281018116682844e+02
6.983815646761599965e+02
7.059236008305031191e+02
7.135552585021202958e+02
7.212775978105468084e+02
7.290916908724437917e+02
7.369986219081113177e+02
7.449994873460576628e+02
7.530953959295027289e+02
7.612874688221529595e+02
7.695768397139770514e+02
7.779646549251418719e+02
7.864520735135703262e+02
7.950402673781616159e+02
8.037304213642518107e+02
8.125237333676684557e+02
8.214214144394865116e+02
8.304246888885934368e+02
8.395347943854279720e+02
8.487529820646045664e+02
8.580805166263704677e+02
8.675186764382788169e+02
8.770687536358411762e+02
8.867320542219752042e+02
8.965098981661967628e+02
9.064036195026897076e+02
9.164145664271426313e+02
9.265441013930141025e+02
9.367936012062482405e+02
9.471644571189420958e+02
9.576580749218170467e+02
9.682758750352170409e+02
9.790192925986892760e+02
9.898897775590526180e+02
1.000888794756844163e+03
1.012017824011058565e+03
1.023278360202090312e+03
1.034671913352780621e+03
1.046200008707473444e+03
1.057864186805330291e+03
1.069666003592441939e+03
1.081607030337248034e+03
1.093688854016392270e+03
1.105913077068467601e+03
1.118281317593579843e+03
1.130795209406586764e+03
1.143456402105708776e+03
1.156266561096054602e+03
1.169227367672877108e+03
1.182340519053440630e+03
1.195607728444382246e+03
1.209030725045819963e+03
1.222611254140457731e+03
1.236351077084745157e+03
1.250251971369843432e+03
1.264315730629739619e+03
1.278544164677017989e+03
1.292939099515297585e+03
1.307502377353294150e+03
1.322235856614377326e+03
1.337141411939292539e+03
1.352220934188071396e+03
1.367476330432416717e+03
1.382909523942720853e+03
1.398522454168069316e+03
1.414317076716002703e+03
1.430295363324143636e+03
1.446459301820692872e+03
1.462810896080266275e+03
1.479352165978036737e+03
1.496085147334517387e+03
1.513011891845045739e+03
1.530134467017739780e+03
1.547454956088291965e+03
1.564975457934082442e+03
1.582698086983011990e+03
1.600624973106931975e+03
1.618758261510604825e+03
1.637100112611241002e+03
1.655652701908486961e+03
1.674418219844948908e+03
1.693398871656740539e+03
1.712596877214071810e+03
1.732014470853627927e+03
1.751653901195170192e+03
1.771517430953499570e+03
1.791607336733782859e+03
1.811925908820014001e+03
1.832475450947464424e+03
1.853258280065391773e+03
1.874276726087108273e+03
1.895533131626455543e+03
1.917029851721610157e+03
1.938769253544829098e+03
1.960753716098665336e+03
1.982985629898269053e+03
2.005467396638435503e+03
2.028201428846079807e+03
2.051190149516893598e+03
2.074435991737053882e+03
2.097941398288010078e+03
2.121708821235054074e+03
2.145740721498957100e+03
2.170039568410298671e+03
2.194607839246010371e+03
2.219448018747464630e+03
2.244562598620567769e+03
2.269954077016198880e+03
2.295624957991526117e+03
2.321577750951332291e+03
2.347814970068997809e+03
2.374339133690292783e+03
2.401152763754583248e+03
2.428258384890396428e+03
2.455658524010106703e+03
2.483355710498990902e+03
2.511352472996782581e+03
2.539651341162845711e+03
2.568254844039285217e+03
2.597165508974713248e+03
2.626385861209927498e+03
2.655918422882410141e+03
2.685765712171219093e+03
2.715930242407252081e+03
2.746414521240343220e+03
2.777221049610870523e+03
2.808352320816019983e+03
2.839810819508174518e+03
2.871599020654649848e+03
2.903719388483105831e+03
2.936174375420894648e+03
2.968966420960677169e+03
3.002097950477748327e+03
3.035571374103795279e+03
3.069389085473977502e+03
3.103553460503459974e+03
3.138066856062390798e+03
3.172931608797610807e+03
3.208150033568824711e+03
3.243724422315603533e+03
3.279657042260414983e+03
3.315950134874403830e+03
3.352605914229307928e+03
3.389626565384058722e+03
3.427014242989700961e+03
3.464771069348100809e+03
3.502899133172360507e+03
3.541400487622961464e+03
3.580277148822354320e+03
3.619531094005308205e+03
3.659164259569304249e+03
3.699178539346311481e+03
3.739575782610528677e+03
3.780357792366863123e+03
3.821526323225822125e+03
3.863083079539747814e+03
3.905029713146118411e+03
3.947367821453062334e+03
3.990098945232810365e+03
4.033224566243747631e+03
4.076746105346756394e+03
4.120664919875350279e+03
4.164982301664855186e+03
4.209699474492135778e+03
4.254817591695502415e+03
4.300337733675500203e+03
4.346260905371627814e+03
4.392588033920252201e+03
4.439319965757142199e+03
4.486457464296737271e+03
4.534001206890299727e+03
4.581951782386096966e+03
4.630309688163697501e+03
4.679075327343639401e+03
4.728249006068780545e+03
4.777830930185253237e+03
4.827821202782667569e+03
4.878219820935471944e+03
4.929026672556705307e+03
4.980241532779555200e+03
5.031864062128021942e+03
5.083893802365972078e+03
5.136330173443239801e+03
5.189172469712047132e+03
5.242419857374437015e+03
5.297246176260629909e+03
5.297246176260629909e+03
5.352072495146822803e+03
5.352077251804834304e+03
5.352082015514881277e+03
5.352086786282187859e+03
5.352091564111988191e+03
5.352096349009533697e+03
5.352101140980085802e+03
5.352105940028921395e+03
5.352110746161331917e+03
5.352115559382620631e+03
5.352120379698104443e+03
5.352125207113116630e+03
5.352130041632999564e+03
5.352134883263112897e+03
5.352139732008829924e+03
5.352144587875534853e+03
5.352149450868629174e+03
5.352154320993526198e+03
5.352159198255652882e+03
5.352164082660450731e+03
5.352168974213374895e+03
5.352173872919894166e+03
5.352178778785491886e+03
5.352183691815665043e+03
5.352188612015922445e+03
5.352193539391791091e+03
5.352198473948807077e+03
5.352203415692525596e+03
5.352208364628510935e+03
5.352213320762345575e+03
5.352218284099621997e+03
5.352223254645950874e+03
5.352228232406953794e+03
5.352233217388204139e+03
5.352238209595090666e+03
5.352243209033268613e+03
5.352248215708429598e+03
5.352253229626283428e+03
5.352258250792553554e+03
5.352263279212976158e+03
5.352268314893301067e+03
5.352273357839292657e+03
5.352278408056729859e+03
5.352283465551404333e+03
5.352288530329123205e+03
5.352293602395705420e+03
5.352298681756986298e+03
5.352303768418813888e+03
5.352308862387050794e+03
5.352313963667573262e+03
5.352319072266272997e+03
5.352324188189054439e+03
5.352329311441836580e+03
5.352334442030552964e+03
5.352339579961152594e+03
5.352344725239595391e+03
5.352349877871859462e+03
5.352355037863935650e+03
5.352360205221827528e+03
5.352365379951555951e+03
5.352370562059154508e+03
5.352375751550671339e+03
5.352380948432168225e+03
5.352386152709725138e+03
5.352391364389432056e+03
5.352396583477397144e+03
5.352401809979740392e+03
5.352407043902598161e+03
5.352412285252119545e+03
5.352417534034470918e+03
5.352422790255832297e+03
5.352428053922398249e+03
5.352433325040376985e+03
5.352438603615993088e+03
5.352443889655486601e+03
5.352449183165109389e+03
5.352454484151133329e+03
5.352459792619838481e+03
5.352465108577525825e+03
5.352470432030508164e+03
5.352475762985113761e+03
5.352481101447686342e+03
5.352486447424586004e+03
5.352491800922183756e+03
5.352497161946870619e+03
5.352502530505050345e+03
5.352507906603140327e+03
5.352513290247577970e+03
5.352518681444810682e+03
5.352524080201304059e+03
5.352529486523538253e+03
5.352534900418008874e+03
5.352540321891226995e+03
5.352545750949718240e+03
5.352551187594140174e+03
5.352556631842001480e+03
5.352562083694508146e+03
5.352567543158259468e+03
5.352573010239870200e+03
5.352578484945972377e+03
5.352583967283210768e+03
5.352589457258245602e+03
5.352594954877752571e+03
5.352600460148421917e+03
5.352605973076959344e+03
5.352611493670086929e+03
5.352617021934539480e+03
5.352622557877069084e+03
5.352628101504441474e+03
5.352633652823439661e+03
5.352639211840860298e+03
5.352644778563516411e+03
5.352650352998235576e+03
5.352655935151861740e+03
5.352661525031252495e+03
5.352667122643283619e+03
5.352672727994843626e+03
5.352678341092839219e+03
5.352683961944189832e+03
5.352689590555834002e+03
5.352695226934722086e+03
5.352700871087822634e+03
5.352706523022118745e+03
5.352712182744609891e+03
5.352717850262311003e+03
5.352723525582252478e+03
5.352729208711481078e+03
5.352734899657059941e+03
5.352740598426066754e+03
5.352746305025594665e+03
5.352752019462755015e+03
5.352757741744674604e+03
5.352763471878493874e+03
5.352769209871370549e+03
5.352774955730479633e+03
5.352780709463012499e+03
5.352786471076173257e+03
5.352792240577186021e+03
5.352798017973287642e+03
5.352803803271734068e+03
5.352809596479796710e+03
5.352815397604763348e+03
5.352821206653935405e+03
5.352827023634634315e+03
5.352832848554196971e+03
5.352838681419974819e+03
5.352844522239337493e+03
5.352850371019670092e+03
5.352856227768374993e+03
5.352862092492871852e+03
5.352867965200593972e+03
5.352873845898992840e+03
5.352879734595538139e+03
5.352885631297714099e+03
5.352891536013022233e+03
5.352897448748980423e+03
5.352903369512961035e+03
5.352909298312411920e+03
5.352915235154916445e+03
5.352921180048076167e+03
5.352927132999508103e+03
5.352933094016846553e+03
5.352939063107743095e+03
5.352945040279864770e+03
5.352951025540892260e+03
5.352957018898529896e+03
5.352963020360491100e+03
5.352969029934511127e+03
5.352975047628339780e+03
5.352981073449744144e+03
5.352987107406505856e+03
5.352993149506427471e+03
5.352999199757326096e+03
5.353005258167034299e+03
5.353011324743403748e+03
5.353017399494302481e+03
5.353023482427614908e+03
5.353029573551243629e+03
5.353035672873106705e+03
5.353041780401140386e+03
5.353047896143297294e+03
5.353054020107549150e+03
5.353060152301880407e+03
5.353066292734298258e+03
5.353072441412823537e+03
5.353078598345495266e+03
5.353084763540369750e+03
5.353090937005521482e+03
5.353097118749040419e+03
5.353103308779036524e+03
5.353109507103635224e+03
5.353115713730979223e+03
5.353121928669230329e+03
5.353128151926566716e+03
5.353134383511185661e+03
5.353140623431300810e+03
5.353146871695142181e+03
5.353153128310959801e+03
5.353159393287021885e+03
5.353165666631612112e+03
5.353171948353033258e+03
5.353178238459604472e+03
5.353184536959665820e+03
5.353190843861572830e+03
5.353197159173700129e+03
5.353203482904439625e+03
5.353209815062200505e+03
5.353216155655411967e+03
5.353222504692520488e+03
5.353228862181989825e+03
5.353235228132302836e+03
5.353241602551961478e+03
5.353247985449483167e+03
5.353254376833405331e+03
5.353260776712285406e+03
5.353267185094696288e+03
5.353273601989229064e+03
5.353280027404361135e+03
5.353286461348475314e+03
5.353292903830235446e+03
5.353299354858330844e+03
5.353305814441469010e+03
5.353312282588374728e+03
5.353318759307790970e+03
5.353325244608477988e+03
5.353331738499216954e+03
5.353338240988803591e+03
5.353344752086054541e+03
5.353351271799801907e+03
5.353357800138898710e+03
5.353364337112216162e+03
5.353370882728640936e+03
5.353377436997080622e+03
5.353383999926461911e+03
5.353390571525726955e+03
5.353397151803838824e+03
5.353403740769779688e+03
5.353410338432548087e+03
5.353416944801161662e+03
5.353423559884658061e+03
5.353430183692093124e+03
5.353436816232541787e+03
5.353443457515095361e+03
5.353450107548866981e+03
5.353456766342988885e+03
5.353463433906608770e+03
5.353470110248897072e+03
5.353476795379040595e+03
5.353483489306247975e+03
5.353490192039744215e+03
5.353496903588774330e+03
5.353503623962604252e+03
5.353510353170515373e+03
5.353517091221812734e+03
5.353523838125817747e+03
5.353530593891871831e+03
5.353537358529337325e+03
5.353544132047592029e+03
5.353550914456039209e+03
5.353557705764097591e+03
5.353564505981204093e+03
5.353571315116820188e+03
5.353578133180421901e+03
5.353584960181509814e+03
5.353591796129599970e+03
5.353598641034231150e+03
5.353605494904960324e+03
5.353612357751364470e+03
5.353619229583041488e+03
5.353626110409608373e+03
5.353633000240702131e+03
5.353639899085979778e+03
5.353646806955120155e+03
5.353653723857819386e+03
5.353660649803795422e+03
5.353667584802786223e+03
5.353674528864549757e+03
5.353681481998865820e+03
5.353688444215253185e+03
5.353695415522260191e+03
5.353702395929658451e+03
5.353709385447408749e+03
5.353716384085488244e+03
5.353723391853895919e+03
5.353730408762643492e+03
5.353737434821764509e+03
5.353744470041308887e+03
5.353751514431344731e+03
5.353758568001960157e+03
5.353765630763257832e+03
5.353772702725362251e+03
5.353779783898414280e+03
5.353786874292574794e+03
5.353793973918021948e+03
5.353801082784953906e+03
5.353808200903583383e+03
5.353815328284149473e+03
5.353822464936903089e+03
5.353829610872116064e+03
5.353836766100082059e+03
5.353843930631109288e+03
5.353851104475529610e+03
5.353858287643691256e+03
5.353865480145960646e+03
5.353872681992726939e+03
5.353879893194396573e+03
5.353887113761396904e+03
5.353894343704172570e+03
5.353901583033189127e+03
5.353908831758933047e+03
5.353916089891908996e+03
5.353923357442642555e+03
5.353930634421678405e+03
5.353937920839580329e+03
5.353945216706935753e+03
5.353952522034347567e+03
5.353959836832443216e+03
5.353967161111867426e+03
5.353974494883286752e+03
5.353981838157387756e+03
5.353989190944877919e+03
5.353996553256484731e+03
5.354003925102957510e+03
5.354011306495064673e+03
5.354018697443595556e+03
5.354026097959362232e+03
5.354033508053196783e+03
5.354040927735951300e+03
5.354048357018500610e+03
5.354055795911739551e+03
5.354063244426585698e+03
5.354070702573975723e+03
5.354078170364869948e+03
5.354085647810247792e+03
5.354093134921112323e+03
5.354100631708488436e+03
5.354108138183421033e+03
5.354115654356976847e+03
5.354123180240246256e+03
5.354130715844334190e+03
5.354138261180281916e+03
5.354145816259218009e+03
5.354153381092329255e+03
5.354160955690820629e+03
5.354168540065922571e+03
5.354176134228887349e+03
5.354183738190988151e+03
5.354191351963519992e+03
5.354198975557802441e+03
5.354206608985175080e+03
5.354214252257002954e+03
5.354221905384670208e+03
5.354229568379586453e+03
5.354237241253183129e+03
5.354244924016914410e+03
5.354252616682258122e+03
5.354260319260713004e+03
5.354268031763804174e+03
5.354275754203076758e+03
5.354283486590099528e+03
5.354291228936468542e+03
5.354298981253797137e+03
5.354306743553726847e+03
5.354314515847920120e+03
5.354322298148063965e+03
5.354330090465869944e+03
5.354337892813070539e+03
5.354345705201424607e+03
5.354353527642715562e+03
5.354361360148748645e+03
5.354369202731352743e+03
5.354377055402384030e+03
5.354384918173718688e+03
5.354392791057262002e+03
5.354400674064939267e+03
5.354408567208703062e+03
5.354416470500528703e+03
5.354424383952416974e+03
5.354432307576394123e+03
5.354440241384509136e+03
5.354448185388835554e+03
5.354456139601476934e+03
5.354464104034554111e+03
5.354472078700218844e+03
5.354480063610645630e+03
5.354488058778034429e+03
5.354496064214609760e+03
5.354504079932624336e+03
5.354512105944352697e+03
5.354520142262096670e+03
5.354528188898183544e+03
5.354536245864966077e+03
5.354544313174822491e+03
5.354552390840157386e+03
5.354560478873401735e+03
5.354568577287010157e+03
5.354576686093465469e+03
5.354584805305276859e+03
5.354592934934978075e+03
5.354601074995129238e+03
5.354609225498319574e+03
5.354617386457864995e+03
5.354625557886945899e+03
5.354633739798152419e+03
5.354641932204103796e+03
5.354650135117446553e+03
5.354658348550858136e+03
5.354666572517043278e+03
5.354674807028738542e+03
5.354683052098705957e+03
5.354691307739737567e+03
5.354699573964655428e+03
5.354707850786310701e+03
5.354716138217582738e+03
5.354724436271379091e+03
5.354732744960640048e+03
5.354741064298334095e+03
5.354749394297455183e+03
5.354757734971031823e+03
5.354766086332119812e+03
5.354774448393804960e+03
5.354782821169201270e+03
5.354791204671454580e+03
5.354799598913739828e+03
5.354808003909259241e+03
5.354816419671248696e+03
5.354824846212971352e+03
5.354833283547721294e+03
5.354841731688822620e+03
5.354850190649628530e+03
5.354858660443524059e+03
5.354867141083921524e+03
5.354875632584265986e+03
5.354884134958032519e+03
5.354892648218724389e+03
5.354901172379878517e+03
5.354909707455059106e+03
5.354918253457863102e+03
5.354926810401915645e+03
5.354935378300874618e+03
5.354943957168427005e+03
5.354952547018290716e+03
5.354961147864215491e+03
5.354969759655442431e+03
5.354978382528520342e+03
5.354987016439511535e+03
5.354995661402147562e+03
5.355004317430188166e+03
5.355012984537427656e+03
5.355021662737687620e+03
5.355030352044823303e+03
5.355039052472717231e+03
5.355047764035287400e+03
5.355056486746479095e+03
5.355065220620268519e+03
5.355073965670664620e+03
5.355082721911708177e+03
5.355091489357465434e+03
5.355100268022038108e+03
5.355109057919558836e+03
5.355117859064188451e+03
5.355126671470120527e+03
5.355135495151578652e+03
5.355144330122817337e+03
5.355153176398122014e+03
5.355162033991809949e+03
5.355170902918226602e+03
5.355179783191751085e+03
5.355188674826792521e+03
5.355197577837789140e+03
5.355206492239211912e+03
5.355215418045562728e+03
5.355224355271373497e+03
5.355233303931206137e+03
5.355242264039655311e+03
5.355251235611345692e+03
5.355260218660931969e+03
5.355269213203100662e+03
5.355278219252569215e+03
5.355287236824085085e+03
5.355296265932426650e+03
5.355305306592405032e+03
5.355314358818858636e+03
5.355323422626658612e+03
5.355332498030708848e+03
5.355341585046055116e+03
5.355350683688663594e+03
5.355359793973681917e+03
5.355368915916039441e+03
5.355378049530701901e+03
5.355387194832663226e+03
5.355396351836954636e+03
5.355405520558638273e+03
5.355414701012809928e+03
5.355423893214598138e+03
5.355433097179166907e+03
5.355442312921709345e+03
5.355451540457455849e+03
5.355460779801667741e+03
5.355470030969640902e+03
5.355479293976702138e+03
5.355488568838213723e+03
5.355497855569569765e+03
5.355507154186198932e+03
5.355516464703560814e+03
5.355525787137150473e+03
5.355535121502494803e+03
5.355544467815155258e+03
5.355553826090724215e+03
5.355563196344829521e+03
5.355572578593130856e+03
5.355581972851322462e+03
5.355591379135128591e+03
5.355600797460310787e+03
5.355610227842661516e+03
5.355619670298005985e+03
5.355629124842203055e+03
5.355638591491147054e+03
5.355648070260762324e+03
5.355657561167006861e+03
5.355667064225875038e+03
5.355676579453389422e+03
5.355686106865608963e+03
5.355695646478625349e+03
5.355705198308564832e+03
5.355714762371581855e+03
5.355724338683869973e+03
5.355733927261658209e+03
5.355743528122061434e+03
5.355753141281908938e+03
5.355762766757424288e+03
5.355772404564860153e+03
5.355782054720510132e+03
5.355791717240700564e+03
5.355801392141795077e+03
5.355811079440192771e+03
5.355820779152327304e+03
5.355830491294670537e+03
5.355840215883726160e+03
5.355849952936037880e+03
5.355859702468182149e+03
5.355869464496772707e+03
5.355879239038457854e+03
5.355889026109923179e+03
5.355898825727888834e+03
5.355908637909109530e+03
5.355918462670379085e+03
5.355928300028524063e+03
5.355938150000408314e+03
5.355948012602930248e+03
5.355957887853023749e+03
5.355967775767661806e+03
5.355977676363848332e+03
5.355987589658626348e+03
5.355997515669074346e+03
5.356007454412303559e+03
5.356017405905464329e+03
5.356027370165741559e+03
5.356037347210356529e+03
5.356047337056564174e+03
5.356057339721656717e+03
5.356067355222962760e+03
5.356077383577845467e+03
5.356087424803703470e+03
5.356097478917972694e+03
5.356107545938122712e+03
5.356117625881661297e+03
5.356127718766129874e+03
5.356137824609106246e+03
5.356147943428204599e+03
5.356158075241435654e+03
5.356168220067279435e+03
5.356178377923402877e+03
5.356188548827477462e+03
5.356198732797214689e+03
5.356208929850362438e+03
5.356219140004704968e+03
5.356229363278067467e+03
5.356239599688310591e+03
5.356249849253332286e+03
5.356260111991070517e+03
5.356270387919501445e+03
5.356280677056634886e+03
5.356290979420524309e+03
5.356301295029255925e+03
5.356311623900956874e+03
5.356321966053790675e+03
5.356332321505959953e+03
5.356342690275703717e+03
5.356353072381300080e+03
5.356363467841062629e+03
5.356373876673346786e+03
5.356384298896543442e+03
5.356394734529079869e+03
5.356405183589424269e+03
5.356415646096079399e+03
5.356426122067588949e+03
5.356436611522533894e+03
5.356447114479530683e+03
5.356457630957235779e+03
5.356468160974342936e+03
5.356478704549583199e+03
5.356489261701726718e+03
5.356499832449580026e+03
5.356510416811987852e+03
5.356521014807834945e+03
5.356531626456039703e+03
5.356542251775562363e+03
5.356552890785398631e+03
5.356563543504583322e+03
5.356574209952186720e+03
5.356584890147320948e+03
5.356595584109350057e+03
5.356606291859027806e+03
5.356617013415766451e+03
5.356627748798677203e+03
5.356638498026914021e+03
5.356649261119672701e+03
5.356660038096192693e+03
5.356670828975750737e+03
5.356681633777668139e+03
5.356692452521307132e+03
5.356703285226069966e+03
5.356714131911401637e+03
5.356724992596789889e+03
5.356735867301762482e+03
5.356746756045888105e+03
5.356757658848778192e+03
5.356768575730084194e+03
5.356779506709501220e+03
5.356790451806765304e+03
5.356801411041651590e+03
5.356812384433978877e+03
5.356823372003609620e+03
5.356834373770442653e+03
5.356845389754423195e+03
5.356856419975532845e+03
5.356867464453801404e+03
5.356878523209293235e+03
5.356889596262119085e+03
5.356900683632428809e+03
5.356911785340415008e+03
5.356922901406312121e+03
5.356934031850392785e+03
5.356945176692976929e+03
5.356956335954419956e+03
5.356967509655122740e+03
5.356978697815526175e+03
5.356989900456112991e+03
5.357001117597407756e+03
5.357012349259975963e+03
5.357023595464424034e+03
5.357034856231401136e+03
5.357046131581598274e+03
5.357057421535747380e+03
5.357068726114619494e+03
5.357080045339032040e+03
5.357091379229839731e+03
5.357102727807940028e+03
5.357114091094274045e+03
5.357125469109821097e+03
5.357136861875603245e+03
5.357148269412685295e+03
5.357159691742464020e+03
5.357171128887929626e+03
5.357182580870470701e+03
5.357194047711172061e+03
5.357205529431163995e+03
5.357217026051622270e+03
5.357228537593763576e+03
5.357240064078850992e+03
5.357251605528193977e+03
5.357263161963143830e+03
5.357274733405095503e+03
5.357286319875492154e+03
5.357297921395818776e+03
5.357309537987604926e+03
5.357321169672424730e+03
5.357332816471897786e+03
5.357344478407687347e+03
5.357356155501501235e+03
5.357367847775090922e+03
5.357379555250253361e+03
5.357391277948830066e+03
5.357403015892706208e+03
5.357414769103813342e+03
5.357426537604123951e+03
5.357438321415658720e+03
5.357450120560479263e+03
5.357461935060695396e+03
5.357473764938458771e+03
5.357485610215966517e+03
5.357497470915459417e+03
5.357509347059222819e+03
5.357521238669588456e+03
5.357533145768929899e+03
5.357545068379667100e+03
5.357557006524262761e+03
5.357568960225225055e+03
5.357580929505106724e+03
5.357592914386505072e+03
5.357604914892061061e+03
5.357616931044461126e+03
5.357628962866436268e+03
5.357641010380759326e+03
5.357653073610250431e+03
5.357665152577775189e+03
5.357677247306238314e+03
5.357689357818596363e+03
5.357701484137843181e+03
5.357713626287022635e+03
5.357725784289218609e+03
5.357737958167564102e+03
5.357750147945233039e+03
5.357762353645742223e+03
5.357774575294005444e+03
5.357786812913474023e+03
5.357799066527370996e+03
5.357811336158966697e+03
5.357823621831578748e+03
5.357835923568572071e+03
5.357848241393357966e+03
5.357860575329395033e+03
5.357872925400190070e+03
5.357885291629295352e+03
5.357897674040311358e+03
5.357910072656885859e+03
5.357922487502711192e+03
5.357934918601532445e+03
5.357947365977133813e+03
5.357959829653354973e+03
5.357972309654076525e+03
5.357984806003229096e+03
5.357997318724788784e+03
5.358009847842780800e+03
5.358022393381276743e+03
5.358034955364392772e+03
5.358047533816295982e+03
5.358060128761198939e+03
5.358072740223360597e+03
5.358085368227089020e+03
5.358098012796735929e+03
5.358110673956703977e+03
5.358123351731440380e+03
5.358136046145441469e+03
5.358148757223247230e+03
5.358161484989449491e+03
5.358174229468683734e+03
5.358186990685633646e+03
5.358199768665030206e+03
5.358212563431649869e+03
5.358225375010319112e+03
5.358238203425909887e+03
5.358251048703339620e+03
5.358263910867577579e+03
5.358276789943633958e+03
5.358289685956570793e+03
5.358302598931495595e+03
5.358315528893562259e+03
5.358328475867973793e+03
5.358341439879977770e+03
5.358354420954870875e+03
5.358367419117997088e+03
5.358380434394744043e+03
5.358393466810551217e+03
5.358406516391150944e+03
5.358419583163278730e+03
5.358432667152594149e+03
5.358445768384626717e+03
5.358458886884956883e+03
5.358472022679212387e+03
5.358485175793071903e+03
5.358498346252262309e+03
5.358511534082557773e+03
5.358524739309785218e+03
5.358537961959817949e+03
5.358551202058578383e+03
5.358564459632039870e+03
5.358577734706222145e+03
5.358591027307195873e+03
5.358604337461080831e+03
5.358617665194045003e+03
5.358631010532304572e+03
5.358644373502127564e+03
5.358657754129828390e+03
5.358671152441771483e+03
5.358684568464370386e+03
5.358698002224088668e+03
5.358711453747436281e+03
5.358724923060975925e+03
5.358738410191315779e+03
5.358751915165114042e+03
5.358765438009079844e+03
5.358778978749969610e+03
5.358792537414589788e+03
5.358806114029795026e+03
5.358819708622488179e+03
5.358833321219623940e+03
5.358846951848204299e+03
5.358860600535278536e+03
5.358874267307948685e+03
5.358887952193364072e+03
5.358901655218722226e+03
5.358915376411269790e+03
5.358929115798305247e+03
5.358942873407173465e+03
5.358956649265267515e+03
5.358970443400032309e+03
5.358984255838959143e+03
5.358998086609591155e+03
5.359011935739518776e+03
5.359025803256381550e+03
5.359039689187867225e+03
5.359053593561716298e+03
5.359067516405712922e+03
5.359081457747694003e+03
5.359095417615615588e+03
5.359109396037715669e+03
5.359123393041993040e+03
5.359137408656452862e+03
5.359151442909154866e+03
5.359165495828205167e+03
5.359179567441761719e+03
5.359193657778028864e+03
5.359207766865262784e+03
5.359221894731768771e+03
5.359236041405902142e+03
5.359250206916067327e+03
5.359264391290717867e+03
5.359278594558357327e+03
5.359292816747538382e+03
5.359307057886862822e+03
5.359321318004985187e+03
5.359335597130603674e+03
5.359349895292472866e+03
5.359364212519391913e+03
5.359378548840209987e+03
5.359392904283828102e+03
5.359407278879195474e+03
5.359421672655324073e+03
5.359436085641327736e+03
5.359450517866303926e+03
5.359464969359390125e+03
5.359479440149772017e+03
5.359493930266684401e+03
5.359508439739414825e+03
5.359522968597299041e+03
5.359537516869723731e+03
5.359552084586125602e+03
5.359566671775992290e+03
5.359581278468857818e+03
5.359595904694310775e+03
5.359610550481987957e+03
5.359625215861577090e+03
5.359639900862813192e+03
5.359654605515485855e+03
5.359669329849430142e+03
5.359684073894535686e+03
5.359698837680737597e+03
5.359713621238024643e+03
5.359728424596434706e+03
5.359743247786056600e+03
5.359758090837028249e+03
5.359772953779563977e+03
5.359787836643902665e+03
5.359802739460328667e+03
5.359817662259174540e+03
5.359832605070826503e+03
5.359847567925718977e+03
5.359862550854337314e+03
5.359877553887215072e+03
5.359892577054940375e+03
5.359907620388148644e+03
5.359922683917525319e+03
5.359937767673806775e+03
5.359952871687782135e+03
5.359967995990285090e+03
5.359983140612204807e+03
5.359998305584479567e+03
5.360013490938096766e+03
5.360028696704095637e+03
5.360043922913562710e+03
5.360059169597638174e+03
5.360074436787511331e+03
5.360089724514420595e+03
5.360105032809738077e+03
5.360120361705588039e+03
5.360135711233447182e+03
5.360151081424616677e+03
5.360166472310457721e+03
5.360181883922386987e+03
5.360197316291877542e+03
5.360212769450458836e+03
5.360228243429718532e+03
5.360243738261301587e+03
5.360259253976906621e+03
5.360274790608293188e+03
5.360290348187272684e+03
5.360305926745718352e+03
5.360321526315556184e+03
5.360337146928772199e+03
5.360352788617406077e+03
5.360368451413556613e+03
5.360384135349378994e+03
5.360399840457084792e+03
5.360415566768941062e+03
5.360431314317273973e+03
5.360447083134465174e+03
5.360462873252980899e+03
5.360478684705707565e+03
5.360494517525266019e+03
5.360510371744194345e+03
5.360526247395092469e+03
5.360542144510619437e+03
5.360558063123495231e+03
5.360574003266498039e+03
5.360589964972468806e+03
5.360605948274305774e+03
5.360621953204969941e+03
5.360637979797479602e+03
5.360654028084914898e+03
5.360670098100416908e+03
5.360686189877183097e+03
5.360702303448475504e+03
5.360718438847612560e+03
5.360734596107975449e+03
5.360750775263004471e+03
5.360766976346199044e+03
5.360783199391118615e+03
5.360799444431386291e+03
5.360815711500679754e+03
5.360832000632667587e+03
5.360848311859588648e+03
5.360864645214896882e+03
5.360881000732802022e+03
5.360897378447563824e+03
5.360913778393486609e+03
5.360930200604921993e+03
5.360946645116267064e+03
5.360963111961965296e+03
5.360979601176508368e+03
5.360996112772863853e+03
5.361012646817179302e+03
5.361029203329623670e+03
5.361045782344780491e+03
5.361062383897232394e+03
5.361079008021564732e+03
5.361095654752358314e+03
5.361112324124196675e+03
5.361129016171664261e+03
5.361145730929343699e+03
5.361162468431300113e+03
5.361179228711058386e+03
5.361196011803537658e+03
5.361212817743718006e+03
5.361229646566581323e+03
5.361246498307106776e+03
5.361263373000276260e+03
5.361280270681068941e+03
5.361297191384466714e+03
5.361314135145449654e+03
5.361331101978402330e+03
5.361348091904066678e+03
5.361365104966424042e+03
5.361382141209457586e+03
5.361399200677151384e+03
5.361416283413487690e+03
5.361433389462449668e+03
5.361450518868020481e+03
5.361467671674184203e+03
5.361484847926315524e+03
5.361502047695262263e+03
5.361519271028661024e+03
5.361536517961671052e+03
5.361553788529453414e+03
5.361571081928460444e+03
5.361588399438529450e+03
5.361605740640214208e+03
5.361623105533512899e+03
5.361640494118427341e+03
5.361657906416905462e+03
5.361675342555653515e+03
5.361692802554977789e+03
5.361710286414878283e+03
5.361727794135353179e+03
5.361745325754318401e+03
5.361762881408824796e+03
5.361780461111275145e+03
5.361798064861670355e+03
5.361815692660008608e+03
5.361833344506291724e+03
5.361899467932294101e+03
5.361938419362945751e+03
5.361960401518285835e+03
5.361974206209218210e+03
5.361975444348796373e+03
5.361975466070642142e+03
5.361975487792487911e+03
5.361975509514334590e+03
5.361975531236180359e+03
5.361975552958026128e+03
5.361975574679872807e+03
5.361975596401718576e+03
5.361975618123564345e+03
5.361975639845411024e+03
5.361975661567256793e+03
5.361975683289102562e+03
5.361975705010949241e+03
5.361975726732795010e+03
5.361975748454640780e+03
5.361975770176486549e+03
5.361975791898333227e+03
5.361975813620178997e+03
5.361975835342024766e+03
5.361975857063871445e+03
5.361975878785717214e+03
5.361975900507562983e+03
5.361975922229409662e+03
5.361975943951255431e+03
5.361975965673101200e+03
5.361975987394947879e+03
5.361976009116793648e+03
5.361976030838639417e+03
5.361976052560486096e+03
5.361976074282331865e+03
5.361976096004177634e+03
5.361976117726023404e+03
5.361976139447870082e+03
5.361976161169715851e+03
5.361976182891561621e+03
5.361976204613408299e+03
5.361976226335254069e+03
5.361976248057099838e+03
5.361976269778946516e+03
5.361976291500792286e+03
5.361976313222638055e+03
5.361976334944484734e+03
5.361976356666330503e+03
5.361976378388176272e+03
5.361976400110022951e+03
5.361976421831868720e+03
5.361976443553714489e+03
5.361976465275561168e+03
5.361976486997406937e+03
5.361976508719252706e+03
5.361976530441098475e+03
5.361976552162945154e+03
5.361976573884790923e+03
5.361976595606636693e+03
5.361976617328483371e+03
5.361976639050329140e+03
5.361976660772174910e+03
5.361976682494021588e+03
5.361976704215867358e+03
5.361976725937713127e+03
5.361976747659559805e+03
5.361976769381405575e+03
5.361976791103251344e+03
5.361976812825098023e+03
5.361976834546943792e+03
5.361976856268789561e+03
5.361976877990635330e+03
5.361976899712482009e+03
5.361976921434327778e+03
5.361976943156173547e+03
5.361976964878020226e+03
5.361976986599865995e+03
5.361977008321711764e+03
5.361977030043558443e+03
5.361977051765404212e+03
5.361977073487249982e+03
5.361977095209096660e+03
5.361977116930942429e+03
5.361977138652788199e+03
5.361977160374634877e+03
5.361977182096480647e+03
5.361977203818326416e+03
5.361977225540172185e+03
5.361977247262018864e+03
5.361977268983864633e+03
5.361977290705710402e+03
5.361977312427557081e+03
5.361977334149402850e+03
5.361977355871248619e+03
5.361977377593095298e+03
5.361977399314941067e+03
5.361977421036786836e+03
5.361977442758633515e+03
5.361977464480479284e+03
5.361977486202325053e+03
5.361977507924171732e+03
5.361977529646017501e+03
5.361977551367863271e+03
5.361977573089709949e+03
5.361977594811555718e+03
5.361977616533401488e+03
5.361977638255247257e+03
5.361977659977093936e+03
5.361977681698939705e+03
5.361977703420785474e+03
5.361977725142632153e+03
5.361977746864477922e+03
5.361977768586323691e+03
5.361977790308170370e+03
5.361977812030016139e+03
5.361977833751861908e+03
5.361977855473708587e+03
5.361977877195554356e+03
5.361977898917400125e+03
5.361977920639246804e+03
5.361977942361092573e+03
5.361977964082938342e+03
5.361977985804784112e+03
5.361978007526630790e+03
5.361978029248476560e+03
5.361978050970322329e+03
5.361978072692169007e+03
5.361978094414014777e+03
5.361978116135860546e+03
5.361978137857707225e+03
5.361978159579552994e+03
5.361978181301398763e+03
5.361978203023245442e+03
5.361978224745091211e+03
5.361978246466936980e+03
5.361978268188783659e+03
5.361978289910629428e+03
5.361978311632475197e+03
5.361978333354321876e+03
5.361978355076167645e+03
5.361978376798013414e+03
5.361978398519859184e+03
5.361978420241705862e+03
5.361978441963551631e+03
5.361978463685397401e+03
5.361978485407244079e+03
5.361978507129089849e+03
5.361978528850935618e+03
5.361978550572782297e+03
5.361978572294628066e+03
5.361978594016473835e+03
5.361978615738320514e+03
5.361978637460166283e+03
5.361978659182012052e+03
5.361978680903858731e+03
5.361978702625704500e+03
5.361978724347550269e+03
5.361978746069396038e+03
5.361978767791242717e+03
5.361978789513088486e+03
5.361978811234934255e+03
5.361978832956780934e+03
5.361978854678626703e+03
5.361978876400472473e+03
5.361978898122319151e+03
5.361978919844164921e+03
5.361978941566010690e+03
5.361978963287857368e+03
5.361978985009703138e+03
5.361979006731548907e+03
5.361979028453395586e+03
5.361979050175241355e+03
5.361979071897087124e+03
5.361979093618932893e+03
5.361979115340779572e+03
5.361979137062625341e+03
5.361979158784471110e+03
5.361979180506317789e+03
5.361979202228163558e+03
5.361979223950009327e+03
5.361979245671856006e+03
5.361979267393701775e+03
5.361979289115547544e+03
5.361979310837394223e+03
5.361979332559239992e+03
5.361979354281085762e+03
5.361979376002932440e+03
5.361979397724778210e+03
5.361979419446623979e+03
5.361979441168470657e+03
5.361979462890316427e+03
5.361979484612162196e+03
5.361979506334007965e+03
5.361979528055854644e+03
5.361979549777700413e+03
5.361979571499546182e+03
5.361979593221392861e+03
5.361979614943238630e+03
5.361979636665084399e+03
5.361979658386931078e+03
5.361979680108776847e+03
5.361979701830622616e+03
5.361979723552469295e+03
5.361979745274315064e+03
5.361979766996160834e+03
5.361979788718007512e+03
5.361979810439853281e+03
5.361979832161699051e+03
5.361979853883544820e+03
5.361979875605391499e+03
5.361979897327237268e+03
5.361979919049083037e+03
5.361979940770929716e+03
5.361979962492775485e+03
5.361979984214621254e+03
5.361980005936467933e+03
5.361980027658313702e+03
5.361980049380159471e+03
5.361980071102006150e+03
5.361980092823851919e+03
5.361980114545697688e+03
5.361980136267544367e+03
5.361980157989390136e+03
5.361980179711235905e+03
5.361980201433081675e+03
5.361980223154928353e+03
5.361980244876774123e+03
5.361980266598619892e+03
5.361980288320466570e+03
5.361980310042312340e+03
5.361980331764158109e+03
5.361980353486004788e+03
5.361980375207850557e+03
5.361980396929696326e+03
5.361980418651543005e+03
5.361980440373388774e+03
5.361980462095234543e+03
5.361980483817081222e+03
5.361980505538926991e+03
5.361980527260772760e+03
5.361980548982619439e+03
5.361980570704465208e+03
5.361980592426310977e+03
5.361980614148156747e+03
5.361980635870003425e+03
5.361980657591849194e+03
5.361980679313694964e+03
5.361980701035541642e+03
5.361980722757387412e+03
5.361980744479233181e+03
5.361980766201079859e+03
5.361980787922925629e+03
5.361980809644771398e+03
5.361980831366618077e+03
5.361980853088463846e+03
5.361980874810309615e+03
5.361980896532156294e+03
5.361980918254002063e+03
5.361980939975847832e+03
5.361980961697693601e+03
5.361980983419540280e+03
5.361981005141386049e+03
5.361981026863231818e+03
5.361981048585078497e+03
5.361981070306924266e+03
5.361981092028770036e+03
5.361981113750616714e+03
5.361981135472462483e+03
5.361981157194308253e+03
5.361981178916154931e+03
5.361981200638000701e+03
5.361981222359846470e+03
5.361981244081693148e+03
5.361981265803538918e+03
5.361981287525384687e+03
5.361981309247230456e+03
5.361981330969077135e+03
5.361981352690922904e+03
5.361981374412768673e+03
5.361981396134615352e+03
5.361981417856461121e+03
5.361981439578306890e+03
5.361981461300153569e+03
5.361981483021999338e+03
5.361981504743845107e+03
5.361981526465691786e+03
5.361981548187537555e+03
5.361981569909383325e+03
5.361981591631230003e+03
5.361981613353075772e+03
5.361981635074921542e+03
5.361981656796768220e+03
5.361981678518613990e+03
5.361981700240459759e+03
5.361981721962305528e+03
5.361981743684152207e+03
5.361981765405997976e+03
5.361981787127843745e+03
5.361981808849690424e+03
5.361981830571536193e+03
5.361981852293381962e+03
5.361981874015228641e+03
5.361981895737074410e+03
5.361981917458920179e+03
5.361981939180766858e+03
5.361981960902612627e+03
5.361981982624458396e+03
5.361982004346305075e+03
5.361982026068150844e+03
5.361982047789996614e+03
5.361982069511842383e+03
5.361982091233689061e+03
5.361982112955534831e+03
5.361982134677380600e+03
5.361982156399227279e+03
5.361982178121073048e+03
5.361982199842918817e+03
5.361982221564765496e+03
5.361982243286611265e+03
5.361982265008457034e+03
5.361982286730303713e+03
5.361982308452149482e+03
5.361982330173995251e+03
5.361982351895841930e+03
5.361982373617687699e+03
5.361982395339533468e+03
5.361982417061379238e+03
5.361982438783225916e+03
5.361982460505071685e+03
5.361982482226917455e+03
5.361982503948764133e+03
5.361982525670609903e+03
5.361982547392455672e+03
5.361982569114302350e+03
5.361982590836148120e+03
5.361982612557993889e+03
5.361982634279840568e+03
5.361982656001686337e+03
5.361982677723532106e+03
5.361982699445378785e+03
5.361982721167224554e+03
5.361982742889070323e+03
5.361982764610917002e+03
5.361982786332762771e+03
5.361982808054608540e+03
5.361982829776454309e+03
5.361982851498300988e+03
5.361982873220146757e+03
5.361982894941992527e+03
5.361982916663839205e+03
5.361982938385684974e+03
5.361982960107530744e+03
5.361982981829377422e+03
5.361983003551223192e+03
5.361983025273068961e+03
5.361983046994915640e+03
5.361983068716761409e+03
5.361983090438607178e+03
5.361983112160453857e+03
5.361983133882299626e+03
5.361983155604145395e+03
5.361983177325991164e+03
5.361983199047837843e+03
5.361983220769683612e+03
5.361983242491529381e+03
5.361983264213376060e+03
5.361983285935221829e+03
5.361983307657067598e+03
5.361983329378914277e+03
5.361983351100760046e+03
5.361983372822605816e+03
5.361983394544452494e+03
5.361983416266298264e+03
5.361983437988144033e+03
5.361983459709990711e+03
5.361983481431836481e+03
5.361983503153682250e+03
5.361983524875528019e+03
5.361983546597374698e+03
5.361983568319220467e+03
5.361983590041066236e+03
5.361983611762912915e+03
5.361983633484758684e+03
5.361983655206604453e+03
5.361983676928451132e+03
5.361983698650296901e+03
5.361983720372142670e+03
5.361983742093989349e+03
5.361983763815835118e+03
5.361983785537680888e+03
5.361983807259527566e+03
5.361983828981373335e+03
5.361983850703219105e+03
5.361983872425065783e+03
5.361983894146911553e+03
5.361983915868757322e+03
5.361983937590603091e+03
5.361983959312449770e+03
5.361983981034295539e+03
5.361984002756141308e+03
5.361984024477987987e+03
5.361984046199833756e+03
5.361984067921679525e+03
5.361984089643526204e+03
5.361984111365371973e+03
5.361984133087217742e+03
5.361984154809064421e+03
5.361984176530910190e+03
5.361984198252755959e+03
5.361984219974602638e+03
5.361984241696448407e+03
5.361984263418294177e+03
5.361984285140139946e+03
5.361984306861986624e+03
5.361984328583832394e+03
5.361984350305678163e+03
5.361984372027524842e+03
5.361984393749370611e+03
5.361984415471216380e+03
5.361984437193063059e+03
5.361984458914908828e+03
5.361984480636754597e+03
5.361984502358601276e+03
5.361984524080447045e+03
5.361984545802292814e+03
5.361984567524139493e+03
5.361984589245985262e+03
5.361984610967831031e+03
5.361984632689677710e+03
5.361984654411523479e+03
5.361984676133369248e+03
5.361984697855215018e+03
5.361984719577061696e+03
5.361984741298907466e+03
5.361984763020753235e+03
5.361984784742599913e+03
5.361984806464445683e+03
5.361984828186291452e+03
5.361984849908138131e+03
5.361984871629983900e+03
5.361984893351829669e+03
5.361984915073676348e+03
5.361984936795522117e+03
5.361984958517367886e+03
5.361984980239214565e+03
5.361985001961060334e+03
5.361985023682906103e+03
5.361985045404751872e+03
5.361985067126598551e+03
5.361985088848444320e+03
5.361985110570290090e+03
5.361985132292136768e+03
5.361985154013982537e+03
5.361985175735828307e+03
5.361985197457674985e+03
5.361985219179520755e+03
5.361985240901366524e+03
5.361985262623213202e+03
5.361985284345058972e+03
5.361985306066904741e+03
5.361985327788751420e+03
5.361985349510597189e+03
5.361985371232442958e+03
5.361985392954288727e+03
5.361985414676135406e+03
5.361985436397981175e+03
5.361985458119826944e+03
5.361985479841673623e+03
5.361985501563519392e+03
5.361985523285365161e+03
5.361985545007211840e+03
5.361985566729057609e+03
5.361985588450903379e+03
5.361985610172750057e+03
5.361985631894595826e+03
5.361985653616441596e+03
5.361985675338288274e+03
5.361985697060134044e+03
5.361985718781979813e+03
5.361985740503826491e+03
5.361985762225672261e+03
5.361985783947518030e+03
5.361985805669363799e+03
5.361985827391210478e+03
5.361985849113056247e+03
5.361985870834902016e+03
5.361985892556748695e+03
5.361985914278594464e+03
5.361985936000440233e+03
5.361985957722286912e+03
5.361985979444132681e+03
5.361986001165978450e+03
5.361986022887825129e+03
5.361986044609670898e+03
5.361986066331516668e+03
5.361986088053363346e+03
5.361986109775209115e+03
5.361986131497054885e+03
5.361986153218900654e+03
5.361986174940747333e+03
5.361986196662593102e+03
5.361986218384438871e+03
5.361986240106285550e+03
5.361986261828131319e+03
5.361986283549977088e+03
5.361986305271823767e+03
5.361986326993669536e+03
5.361986348715515305e+03
5.361986370437361984e+03
5.361986392159207753e+03
5.361986413881053522e+03
5.361986435602900201e+03
5.361986457324745970e+03
5.361986479046591739e+03
5.361986500768437509e+03
5.361986522490284187e+03
5.361986544212129957e+03
5.361986565933975726e+03
5.361986587655822404e+03
5.361986609377668174e+03
5.361986631099513943e+03
5.361986652821360622e+03
5.361986674543206391e+03
5.361986696265052160e+03
5.361986717986898839e+03
5.361986739708744608e+03
5.361986761430590377e+03
5.361986783152437056e+03
5.361986804874282825e+03
5.361986826596128594e+03
5.361986848317975273e+03
5.361986870039821042e+03
5.361986891761666811e+03
5.361986913483512581e+03
5.361986935205359259e+03
5.361986956927205028e+03
5.361986978649050798e+03
5.361987000370897476e+03
5.361987022092743246e+03
5.361987043814589015e+03
5.361987065536435694e+03
5.361987087258281463e+03
5.361987108980127232e+03
5.361987130701973911e+03
5.361987152423819680e+03
5.361987174145665449e+03
5.361987195867512128e+03
5.361987217589357897e+03
5.361987239311203666e+03
5.361987261033049435e+03
5.361987282754896114e+03
5.361987304476741883e+03
5.361987326198587652e+03
5.361987347920434331e+03
5.361987369642280100e+03
5.361987391364125870e+03
5.361987413085972548e+03
5.361987434807818317e+03
5.361987456529664087e+03
5.361987478251510765e+03
5.361987499973356535e+03
5.361987521695202304e+03
5.361987543417048983e+03
5.361987565138894752e+03
5.361987586860740521e+03
5.361987608582586290e+03
5.361987630304432969e+03
5.361987652026278738e+03
5.361987673748124507e+03
5.361987695469971186e+03
5.361987717191816955e+03
5.361987738913662724e+03
5.361987760635509403e+03
5.361987782357355172e+03
5.361987804079200941e+03
5.361987825801047620e+03
5.361987847522893389e+03
5.361987869244739159e+03
5.361987890966585837e+03
5.361987912688431607e+03
5.361987934410277376e+03
5.361987956132124054e+03
5.361987977853969824e+03
5.361987999575815593e+03
5.361988021297661362e+03
5.361988043019508041e+03
5.361988064741353810e+03
5.361988086463199579e+03
5.361988108185046258e+03
5.361988129906892027e+03
5.361988151628737796e+03
5.361988173350584475e+03
5.361988195072430244e+03
5.361988216794276013e+03
5.361988238516122692e+03
5.361988260237968461e+03
5.361988281959814231e+03
5.361988303681660909e+03
5.361988325403506678e+03
5.361988347125352448e+03
5.361988368847198217e+03
5.361988390569044896e+03
5.361988412290890665e+03
5.361988434012736434e+03
5.361988455734583113e+03
5.361988477456428882e+03
5.361988499178274651e+03
5.361988520900121330e+03
5.361988542621967099e+03
5.361988564343812868e+03
5.361988586065659547e+03
5.361988607787505316e+03
5.361988629509351085e+03
5.361988651231197764e+03
5.361988672953043533e+03
5.361988694674889302e+03
5.361988716396735072e+03
5.361988738118581750e+03
5.361988759840427520e+03
5.361988781562273289e+03
5.361988803284119967e+03
5.361988825005965737e+03
5.361988846727811506e+03
5.361988868449658185e+03
5.361988890171503954e+03
5.361988911893349723e+03
5.361988933615196402e+03
5.361988955337042171e+03
5.361988977058887940e+03
5.361988998780734619e+03
5.361989020502580388e+03
5.361989042224426157e+03
5.361989063946272836e+03
5.361989085668118605e+03
5.361989107389964374e+03
5.361989129111810144e+03
5.361989150833656822e+03
5.361989172555502591e+03
5.361989194277348361e+03
5.361989215999195039e+03
5.361989237721040809e+03
5.361989259442886578e+03
5.361989281164733256e+03
5.361989302886579026e+03
5.361989324608424795e+03
5.361989346330271474e+03
5.361989368052117243e+03
5.361989389773963012e+03
5.361989411495809691e+03
5.361989433217655460e+03
5.361989454939501229e+03
5.361989476661346998e+03
5.361989498383193677e+03
5.361989520105039446e+03
5.361989541826885215e+03
5.361989563548731894e+03
5.361989585270577663e+03
5.361989606992423433e+03
5.361989628714270111e+03
5.361989650436115880e+03
5.361989672157961650e+03
5.361989693879808328e+03
5.361989715601654098e+03
5.361989737323499867e+03
5.361989759045346545e+03
5.361989780767192315e+03
5.361989802489038084e+03
5.361989824210884763e+03
5.361989845932730532e+03
5.361989867654576301e+03
5.361989889376422070e+03
5.361989911098268749e+03
5.361989932820114518e+03
5.361989954541960287e+03
5.361989976263806966e+03
5.361989997985652735e+03
5.361990019707498504e+03
5.361990041429345183e+03
5.361990063151190952e+03
5.361990084873036722e+03
5.361990106594883400e+03
5.361990128316729169e+03
5.361990150038574939e+03
5.361990171760421617e+03
5.361990193482267387e+03
5.361990215204113156e+03
5.361990236925958925e+03
5.361990258647805604e+03
5.361990280369651373e+03
5.361990302091497142e+03
5.361990323813343821e+03
5.361990345535189590e+03
5.361990367257035359e+03
5.361990388978882038e+03
5.361990410700727807e+03
5.361990432422573576e+03
5.361990454144420255e+03
5.361990475866266024e+03
5.361990497588111793e+03
5.361990519309958472e+03
5.361990541031804241e+03
5.361990562753650011e+03
5.361990584475495780e+03
5.361990606197342458e+03
5.361990627919188228e+03
5.361990649641033997e+03
5.361990671362880676e+03
5.361990693084726445e+03
5.361990714806572214e+03
5.361990736528418893e+03
5.361990758250264662e+03
5.361990779972110431e+03
5.361990801693957110e+03
5.361990823415802879e+03
5.361990845137648648e+03
5.361990866859495327e+03
5.361990888581341096e+03
5.361990910303186865e+03
5.361990932025033544e+03
5.361990953746879313e+03
5.361990975468725082e+03
5.361990997190570852e+03
5.361991018912417530e+03
5.361991040634263300e+03
5.361991062356109069e+03
5.361991084077955747e+03
5.361991105799801517e+03
5.361991127521647286e+03
5.361991149243493965e+03
5.361991170965339734e+03
5.361991192687185503e+03
5.361991214409032182e+03
5.361991236130877951e+03
5.361991257852723720e+03
5.361991279574570399e+03
5.361991301296416168e+03
5.361991323018261937e+03
5.361991344740107706e+03
5.361991366461954385e+03
5.361991388183800154e+03
5.361991409905645924e+03
5.361991431627492602e+03
5.361991453349338371e+03
5.361991475071184141e+03
5.361991496793030819e+03
5.361991518514876589e+03
5.361991540236722358e+03
5.361991561958569037e+03
5.361991583680414806e+03
5.361991605402260575e+03
5.361991627124107254e+03
5.361991648845953023e+03
5.361991670567798792e+03
5.361991692289644561e+03
5.361991714011491240e+03
5.361991735733337009e+03
5.361991757455182778e+03
5.361991779177029457e+03
5.361991800898875226e+03
5.361991822620720995e+03
5.361991844342567674e+03
5.361991866064413443e+03
5.361991887786259213e+03
5.361991909508105891e+03
5.361991931229951660e+03
5.361991952951797430e+03
5.361991974673644108e+03
5.361991996395489878e+03
5.361992018117335647e+03
5.361992039839182326e+03
5.361992061561028095e+03
5.361992083282873864e+03
5.361992105004719633e+03
5.361992126726566312e+03
5.361992148448412081e+03
5.361992170170257850e+03
5.361992191892104529e+03
5.361992213613950298e+03
5.361992235335796067e+03
5.361992257057642746e+03
5.361992278779488515e+03
5.361992300501334284e+03
5.361992322223180963e+03
5.361992343945026732e+03
5.361992365666872502e+03
5.361992387388719180e+03
5.361992409110564950e+03
5.361992430832410719e+03
5.361992452554256488e+03
5.361992474276103167e+03
5.361992495997948936e+03
5.361992517719794705e+03
5.361992539441641384e+03
5.361992561163487153e+03
5.361992582885332922e+03
5.361992604607179601e+03
5.361992626329025370e+03
5.361992648050871139e+03
5.361992669772717818e+03
5.361992691494563587e+03
5.361992713216409356e+03
5.361992734938256035e+03
5.361992756660101804e+03
5.361992778381947574e+03
5.361992800103793343e+03
5.361992821825640021e+03
5.361992843547485791e+03
5.361992865269331560e+03
5.361992886991178239e+03
5.361992908713024008e+03
5.361992930434869777e+03
5.361992952156716456e+03
5.361992973878562225e+03
5.361992995600407994e+03
5.361993017322254673e+03
5.361993039044100442e+03
5.361993060765946211e+03
5.361993082487792890e+03
5.361993104209638659e+03
5.361993125931484428e+03
5.361993147653331107e+03
5.361993169375176876e+03
5.361993191097022645e+03
5.361993212818868415e+03
5.361993234540715093e+03
5.361993256262560863e+03
5.361993277984406632e+03
5.361993299706253310e+03
5.361993321428099080e+03
5.361993343149944849e+03
5.361993364871791528e+03
5.361993386593637297e+03
5.361993408315483066e+03
5.361993430037329745e+03
5.361993451759175514e+03
5.361993473481021283e+03
5.361993495202867962e+03
5.361993516924713731e+03
5.361993538646559500e+03
5.361993560368405269e+03
5.361993582090251948e+03
5.361993603812097717e+03
5.361993625533943487e+03
5.361993647255790165e+03
5.361993668977635934e+03
5.361993690699481704e+03
5.361993712421328382e+03
5.361993734143174152e+03
5.361993755865019921e+03
5.361993777586866599e+03
5.361993799308712369e+03
5.361993821030558138e+03
5.361993842752404817e+03
5.361993864474250586e+03
5.361993886196096355e+03
5.361993907917942124e+03
5.361993929639788803e+03
5.361993951361634572e+03
5.361993973083480341e+03
5.361993994805327020e+03
5.361994016527172789e+03
5.361994038249018558e+03
5.361994059970865237e+03
5.361994081692711006e+03
5.361994103414556776e+03
5.361994125136403454e+03
5.361994146858249223e+03
5.361994168580094993e+03
5.361994190301941671e+03
5.361994212023787441e+03
5.361994233745633210e+03
5.361994255467479888e+03
5.361994277189325658e+03
5.361994298911171427e+03
5.361994320633017196e+03
5.361994342354863875e+03
5.361994364076709644e+03
5.361994385798555413e+03
5.361994407520402092e+03
5.361994429242247861e+03
5.361994450964093630e+03
5.361994472685940309e+03
5.361994494407786078e+03
5.361994516129631847e+03
5.361994537851478526e+03
5.361994559573324295e+03
5.361994581295170065e+03
5.361994603017016743e+03
5.361994624738862512e+03
5.361994646460708282e+03
5.361994668182554051e+03
5.361994689904400730e+03
5.361994711626246499e+03
5.361994733348092268e+03
5.361994755069938947e+03
5.361994776791784716e+03
5.361994798513630485e+03
5.361994820235477164e+03
5.361994841957322933e+03
5.361994863679168702e+03
5.361994885401015381e+03
5.361994907122861150e+03
5.361994928844706919e+03
5.361994950566553598e+03
5.361994972288399367e+03
5.361994994010245136e+03
5.361995015732091815e+03
5.361995037453937584e+03
5.361995059175783354e+03
5.361995080897629123e+03
5.361995102619475801e+03
5.361995124341321571e+03
5.361995146063167340e+03
5.361995167785014019e+03
5.361995189506859788e+03
5.361995211228705557e+03
5.361995232950552236e+03
5.361995254672398005e+03
5.361995276394243774e+03
5.361995298116090453e+03
5.361995319837936222e+03
5.361995341559781991e+03
5.361995363281628670e+03
5.361995385003474439e+03
5.361995406725320208e+03
5.361995428447165978e+03
5.361995450169012656e+03
5.361995471890858425e+03
5.361995493612704195e+03
5.361995515334550873e+03
5.361995537056396643e+03
5.361995558778242412e+03
5.361995580500089090e+03
5.361995602221934860e+03
5.361995623943780629e+03
5.361995645665627308e+03
5.361995667387473077e+03
5.361995689109318846e+03
5.361995710831165525e+03
5.361995732553011294e+03
5.361995754274857063e+03
5.361995775996702832e+03
5.361995797718549511e+03
5.361995819440395280e+03
5.361995841162241049e+03
5.361995862884087728e+03
5.361995884605933497e+03
5.361995906327779267e+03
5.361995928049625945e+03
5.361995949771471714e+03
5.361995971493317484e+03
5.361995993215164162e+03
5.361996014937009932e+03
5.361996036658855701e+03
5.361996058380702380e+03
5.361996080102548149e+03
5.361996101824393918e+03
5.361996123546240597e+03
5.361996145268086366e+03
5.361996166989932135e+03
5.361996188711777904e+03
5.361996210433624583e+03
5.361996232155470352e+03
5.361996253877316121e+03
5.361996275599162800e+03
5.361996297321008569e+03
5.361996319042854338e+03
5.361996340764701017e+03
5.361996362486546786e+03
5.361996384208392556e+03
5.361996405930239234e+03
5.361996427652085004e+03
5.361996449373930773e+03
5.361996471095777451e+03
5.361996492817623221e+03
5.361996514539468990e+03
5.361996536261314759e+03
5.361996557983161438e+03
5.361996579705007207e+03
5.361996601426852976e+03
5.361996623148699655e+03
5.361996644870545424e+03
5.361996666592391193e+03
5.361996688314237872e+03
5.361996710036083641e+03
5.361996731757929410e+03
5.361996753479776089e+03
5.361996775201621858e+03
5.361996796923467627e+03
5.361996818645314306e+03
5.361996840367160075e+03
5.361996862089005845e+03
5.361996883810851614e+03
5.361996905532698293e+03
5.361996927254544062e+03
5.361996948976389831e+03
5.361996970698236510e+03
5.361996992420082279e+03
5.361997014141928048e+03
5.361997035863774727e+03
5.361997057585620496e+03
