1.000000000000000000e+00
1.000000083703336040e+00
1.000000167406839946e+00
1.000000251110511273e+00
1.000000334814350689e+00
1.000000418518357748e+00
1.000000502222532450e+00
1.000000585926874797e+00
1.000000669631384786e+00
1.000000753336062642e+00
1.000000837040908142e+00
1.000000920745921507e+00
1.000001004451102515e+00
1.000001088156451168e+00
1.000001171861967464e+00
1.000001255567651626e+00
1.000001339273503431e+00
1.000001422979523102e+00
1.000001506685710417e+00
1.000001590392065376e+00
1.000001674098588200e+00
1.000001757805278668e+00
1.000001841512136780e+00
1.000001925219162757e+00
1.000002008926356378e+00
1.000002092633717865e+00
1.000002176341246773e+00
1.000002260048943770e+00
1.000002343756808409e+00
1.000002427464840693e+00
1.000002511173040620e+00
1.000002594881408413e+00
1.000002678589943850e+00
1.000002762298646930e+00
1.000002846007517876e+00
1.000002929716556466e+00
1.000003013425763143e+00
1.000003097135137242e+00
1.000003180844679207e+00
1.000003264554388593e+00
1.000003348264265846e+00
1.000003431974310963e+00
1.000003515684523947e+00
1.000003599394904130e+00
1.000003683105452401e+00
1.000003766816168538e+00
1.000003850527052318e+00
1.000003934238103742e+00
1.000004017949322810e+00
1.000004101660709743e+00
1.000004185372264542e+00
1.000004269083986985e+00
1.000004352795877072e+00
1.000004436507935024e+00
1.000004520220160398e+00
1.000004603932553859e+00
1.000004687645115187e+00
1.000004771357843936e+00
1.000004855070740328e+00
1.000004938783804809e+00
1.000005022497036933e+00
1.000005106210436701e+00
1.000005189924004334e+00
1.000005273637739611e+00
1.000005357351642532e+00
1.000005441065713541e+00
1.000005524779951971e+00
1.000005608494358045e+00
1.000005692208932206e+00
1.000005775923674012e+00
1.000005859638583461e+00
1.000005943353660776e+00
1.000006027068905734e+00
1.000006110784318336e+00
1.000006194499899026e+00
1.000006278215647137e+00
1.000006361931563115e+00
1.000006445647646736e+00
1.000006529363898444e+00
1.000006613080317575e+00
1.000006696796904571e+00
1.000006780513659432e+00
1.000006864230581938e+00
1.000006947947672087e+00
1.000007031664930102e+00
1.000007115382355982e+00
1.000007199099949506e+00
1.000007282817710674e+00
1.000007366535639708e+00
1.000007450253736607e+00
1.000007533972000928e+00
1.000007617690433337e+00
1.000007701409033389e+00
1.000007785127801085e+00
1.000007868846736647e+00
1.000007952565840075e+00
1.000008036285111146e+00
1.000008120004549861e+00
1.000008203724156663e+00
1.000008287443930888e+00
1.000008371163872756e+00
1.000008454883982489e+00
1.000008538604260089e+00
1.000008622324705776e+00
1.000008706045318885e+00
1.000008789766099859e+00
1.000008873487048255e+00
1.000008957208164961e+00
1.000009040929449089e+00
1.000009124650901082e+00
1.000009208372520719e+00
1.000009292094308222e+00
1.000009375816263590e+00
1.000009459538386603e+00
1.000009543260677258e+00
1.000009626983136002e+00
1.000009710705762167e+00
1.000009794428556198e+00
1.000009878151518095e+00
1.000009961874647635e+00
1.000010045597945041e+00
1.000010129321410313e+00
1.000010213045043228e+00
1.000010296768844009e+00
1.000010380492812434e+00
1.000010464216948725e+00
1.000010547941252659e+00
1.000010631665724459e+00
1.000010715390363680e+00
1.000010799115170990e+00
1.000010882840146165e+00
1.000010966565289205e+00
1.000011050290599890e+00
1.000011134016078218e+00
1.000011217741724190e+00
1.000011301467538471e+00
1.000011385193520175e+00
1.000011468919669744e+00
1.000011552645986956e+00
1.000011636372472035e+00
1.000011720099124979e+00
1.000011803825945567e+00
1.000011887552934020e+00
1.000011971280090117e+00
1.000012055007414080e+00
1.000012138734905909e+00
1.000012222462565381e+00
1.000012306190392719e+00
1.000012389918387701e+00
1.000012473646550770e+00
1.000012557374881261e+00
1.000012641103379840e+00
1.000012724832046063e+00
1.000012808560880151e+00
1.000012892289881883e+00
1.000012976019051258e+00
1.000013059748388722e+00
1.000013143477893607e+00
1.000013227207566802e+00
1.000013310937407418e+00
1.000013394667415900e+00
1.000013478397592248e+00
1.000013562127936240e+00
1.000013645858448097e+00
1.000013729589127598e+00
1.000013813319975187e+00
1.000013897050990419e+00
1.000013980782173517e+00
1.000014064513524259e+00
1.000014148245042866e+00
1.000014231976729118e+00
1.000014315708583457e+00
1.000014399440605439e+00
1.000014483172795066e+00
1.000014566905152558e+00
1.000014650637678137e+00
1.000014734370371139e+00
1.000014818103232228e+00
1.000014901836260961e+00
1.000014985569457338e+00
1.000015069302821802e+00
1.000015153036353910e+00
1.000015236770053662e+00
1.000015320503921279e+00
1.000015404237956984e+00
1.000015487972160111e+00
1.000015571706531103e+00
1.000015655441070184e+00
1.000015739175776686e+00
1.000015822910651275e+00
1.000015906645693731e+00
1.000015990380903830e+00
1.000016074116281573e+00
1.000016157851827403e+00
1.000016241587540877e+00
1.000016325323422217e+00
1.000016409059471423e+00
1.000016492795688272e+00
1.000016576532072987e+00
1.000016660268625568e+00
1.000016744005345792e+00
1.000016827742233883e+00
1.000016911479289838e+00
1.000016995216513660e+00
1.000017078953905125e+00
1.000017162691464456e+00
1.000017246429191653e+00
1.000017330167086715e+00
1.000017413905149644e+00
1.000017497643379993e+00
1.000017581381778431e+00
1.000017665120344512e+00
1.000017748859078681e+00
1.000017832597980494e+00
1.000017916337049950e+00
1.000018000076287494e+00
1.000018083815692682e+00
1.000018167555265736e+00
1.000018251295006655e+00
1.000018335034915218e+00
1.000018418774991869e+00
1.000018502515235941e+00
1.000018586255648323e+00
1.000018669996228349e+00
1.000018753736976018e+00
1.000018837477891775e+00
1.000018921218975176e+00
1.000019004960226221e+00
1.000019088701645131e+00
1.000019172443232129e+00
1.000019256184986771e+00
1.000019339926909279e+00
1.000019423668999652e+00
1.000019507411257669e+00
1.000019591153683773e+00
1.000019674896277300e+00
1.000019758639038914e+00
1.000019842381968393e+00
1.000019926125065739e+00
1.000020009868330728e+00
1.000020093611763583e+00
1.000020177355364082e+00
1.000020261099132668e+00
1.000020344843069120e+00
1.000020428587173216e+00
1.000020512331445177e+00
1.000020596075885004e+00
1.000020679820492697e+00
1.000020763565268034e+00
1.000020847310211236e+00
1.000020931055322526e+00
1.000021014800601682e+00
1.000021098546048259e+00
1.000021182291662925e+00
1.000021266037445233e+00
1.000021349783395630e+00
1.000021433529513670e+00
1.000021517275799576e+00
1.000021601022253126e+00
1.000021684768874763e+00
1.000021768515664267e+00
1.000021852262621413e+00
1.000021936009746426e+00
1.000022019757039526e+00
1.000022103504500270e+00
1.000022187252128880e+00
1.000022270999925134e+00
1.000022354747889697e+00
1.000022438496021682e+00
1.000022522244321532e+00
1.000022605992789027e+00
1.000022689741424609e+00
1.000022773490228278e+00
1.000022857239199370e+00
1.000022940988338549e+00
1.000023024737645594e+00
1.000023108487120060e+00
1.000023192236763059e+00
1.000023275986573479e+00
1.000023359736551543e+00
1.000023443486697694e+00
1.000023527237011711e+00
1.000023610987493594e+00
1.000023694738143121e+00
1.000023778488960735e+00
1.000023862239946215e+00
1.000023945991099117e+00
1.000024029742420328e+00
1.000024113493909184e+00
1.000024197245565905e+00
1.000024280997390491e+00
1.000024364749382944e+00
1.000024448501543040e+00
1.000024532253871223e+00
1.000024616006367273e+00
1.000024699759030966e+00
1.000024783511862747e+00
1.000024867264861950e+00
1.000024951018029462e+00
1.000025034771364396e+00
1.000025118524867640e+00
1.000025202278538528e+00
1.000025286032377281e+00
1.000025369786383678e+00
1.000025453540558384e+00
1.000025537294900513e+00
1.000025621049410729e+00
1.000025704804088589e+00
1.000025788558934536e+00
1.000025872313948128e+00
1.000025956069129807e+00
1.000026039824479129e+00
1.000026123579996540e+00
1.000026207335681594e+00
1.000026291091534514e+00
1.000026374847555521e+00
1.000026458603744173e+00
1.000026542360100690e+00
1.000026626116625073e+00
1.000026709873317321e+00
1.000026793630177435e+00
1.000026877387205415e+00
1.000026961144401261e+00
1.000027044901764972e+00
1.000027128659296549e+00
1.000027212416995992e+00
1.000027296174863300e+00
1.000027379932898253e+00
1.000027463691101293e+00
1.000027547449472198e+00
1.000027631208010970e+00
1.000027714966717385e+00
1.000027798725591888e+00
1.000027882484634034e+00
1.000027966243844268e+00
1.000028050003222369e+00
1.000028133762768334e+00
1.000028217522482166e+00
1.000028301282363641e+00
1.000028385042413204e+00
1.000028468802630632e+00
1.000028552563015705e+00
1.000028636323569087e+00
1.000028720084289890e+00
1.000028803845178782e+00
1.000028887606235539e+00
1.000028971367460162e+00
1.000029055128852651e+00
1.000029138890413005e+00
1.000029222652141225e+00
1.000029306414037311e+00
1.000029390176101263e+00
1.000029473938332858e+00
1.000029557700732763e+00
1.000029641463300312e+00
1.000029725226035726e+00
1.000029808988938784e+00
1.000029892752010152e+00
1.000029976515249164e+00
1.000030060278656263e+00
1.000030144042230784e+00
1.000030227805973837e+00
1.000030311569884089e+00
1.000030395333962652e+00
1.000030479098209080e+00
1.000030562862623151e+00
1.000030646627205311e+00
1.000030730391955336e+00
1.000030814156873227e+00
1.000030897921958761e+00
1.000030981687212384e+00
1.000031065452633872e+00
1.000031149218223447e+00
1.000031232983980667e+00
1.000031316749905752e+00
1.000031400515998703e+00
1.000031484282259520e+00
1.000031568048688424e+00
1.000031651815285194e+00
1.000031735582049608e+00
1.000031819348982109e+00
1.000031903116082477e+00
1.000031986883350488e+00
1.000032070650786586e+00
1.000032154418390551e+00
1.000032238186162381e+00
1.000032321954102299e+00
1.000032405722209861e+00
1.000032489490485510e+00
1.000032573258929025e+00
1.000032657027540184e+00
1.000032740796319430e+00
1.000032824565266543e+00
1.000032908334381299e+00
1.000032992103664364e+00
1.000033075873115074e+00
1.000033159642733871e+00
1.000033243412520312e+00
1.000033327182474840e+00
1.000033410952597235e+00
1.000033494722887273e+00
1.000033578493345621e+00
1.000033662263971612e+00
1.000033746034765469e+00
1.000033829805727414e+00
1.000033913576857003e+00
1.000033997348154680e+00
1.000034081119620000e+00
1.000034164891253630e+00
1.000034248663054903e+00
1.000034332435024043e+00
1.000034416207161048e+00
1.000034499979466140e+00
1.000034583751938877e+00
1.000034667524579701e+00
1.000034751297388391e+00
1.000034835070365169e+00
1.000034918843509590e+00
1.000035002616822100e+00
1.000035086390302475e+00
1.000035170163950715e+00
1.000035253937766599e+00
1.000035337711750794e+00
1.000035421485902631e+00
1.000035505260222557e+00
1.000035589034710126e+00
1.000035672809366005e+00
1.000035756584189528e+00
1.000035840359180916e+00
1.000035924134340393e+00
1.000036007909667735e+00
1.000036091685162942e+00
1.000036175460825794e+00
1.000036259236656955e+00
1.000036343012655760e+00
1.000036426788822652e+00
1.000036510565157188e+00
1.000036594341660035e+00
1.000036678118330524e+00
1.000036761895169102e+00
1.000036845672175323e+00
1.000036929449349410e+00
1.000037013226691807e+00
1.000037097004201847e+00
1.000037180781879975e+00
1.000037264559725747e+00
1.000037348337739607e+00
1.000037432115921554e+00
1.000037515894271145e+00
1.000037599672788602e+00
1.000037683451474368e+00
1.000037767230327779e+00
1.000037851009349055e+00
1.000037934788538418e+00
1.000038018567895648e+00
1.000038102347420743e+00
1.000038186127113704e+00
1.000038269906974753e+00
1.000038353687003667e+00
1.000038437467200447e+00
1.000038521247565093e+00
1.000038605028097827e+00
1.000038688808798426e+00
1.000038772589666669e+00
1.000038856370703222e+00
1.000038940151907640e+00
1.000039023933279925e+00
1.000039107714819853e+00
1.000039191496528090e+00
1.000039275278403972e+00
1.000039359060447941e+00
1.000039442842659776e+00
1.000039526625039477e+00
1.000039610407587487e+00
1.000039694190302919e+00
1.000039777973186661e+00
1.000039861756238047e+00
1.000039945539457520e+00
1.000040029322844859e+00
1.000040113106400286e+00
1.000040196890123578e+00
1.000040280674014737e+00
1.000040364458073539e+00
1.000040448242300872e+00
1.000040532026695628e+00
1.000040615811258693e+00
1.000040699595989624e+00
1.000040783380888199e+00
1.000040867165954861e+00
1.000040950951189389e+00
1.000041034736592227e+00
1.000041118522162709e+00
1.000041202307901278e+00
1.000041286093807491e+00
1.000041369879881792e+00
1.000041453666124180e+00
1.000041537452534213e+00
1.000041621239112111e+00
1.000041705025858318e+00
1.000041788812772170e+00
1.000041872599854109e+00
1.000041956387103914e+00
1.000042040174521807e+00
1.000042123962107565e+00
1.000042207749861412e+00
1.000042291537782901e+00
1.000042375325872479e+00
1.000042459114129922e+00
1.000042542902555454e+00
1.000042626691148850e+00
1.000042710479910335e+00
1.000042794268839685e+00
1.000042878057936679e+00
1.000042961847201983e+00
1.000043045636635153e+00
1.000043129426236188e+00
1.000043213216005089e+00
1.000043297005942300e+00
1.000043380796047154e+00
1.000043464586320097e+00
1.000043548376760905e+00
1.000043632167369578e+00
1.000043715958146340e+00
1.000043799749090967e+00
1.000043883540203682e+00
1.000043967331484263e+00
1.000044051122932487e+00
1.000044134914549021e+00
1.000044218706333421e+00
1.000044302498285687e+00
1.000044386290406262e+00
1.000044470082694481e+00
1.000044553875150788e+00
1.000044637667774738e+00
1.000044721460566999e+00
1.000044805253526903e+00
1.000044889046655117e+00
1.000044972839950974e+00
1.000045056633414919e+00
1.000045140427046952e+00
1.000045224220846851e+00
1.000045308014814616e+00
1.000045391808950468e+00
1.000045475603254186e+00
1.000045559397725770e+00
1.000045643192365663e+00
1.000045726987173200e+00
1.000045810782148603e+00
1.000045894577292316e+00
1.000045978372603672e+00
1.000046062168083338e+00
1.000046145963730648e+00
1.000046229759546046e+00
1.000046313555529309e+00
1.000046397351680660e+00
1.000046481147999877e+00
1.000046564944487182e+00
1.000046648741142352e+00
1.000046732537965610e+00
1.000046816334956734e+00
1.000046900132115946e+00
1.000046983929442801e+00
1.000047067726937966e+00
1.000047151524600775e+00
1.000047235322431893e+00
1.000047319120430878e+00
1.000047402918597728e+00
1.000047486716932665e+00
1.000047570515435469e+00
1.000047654314106360e+00
1.000047738112945117e+00
1.000047821911951962e+00
1.000047905711126672e+00
1.000047989510469471e+00
1.000048073309979912e+00
1.000048157109658664e+00
1.000048240909505282e+00
1.000048324709519987e+00
1.000048408509702558e+00
1.000048492310052994e+00
1.000048576110571519e+00
1.000048659911258131e+00
1.000048743712112387e+00
1.000048827513134952e+00
1.000048911314325162e+00
1.000048995115683681e+00
1.000049078917210066e+00
1.000049162718904538e+00
1.000049246520766877e+00
1.000049330322797081e+00
1.000049414124995373e+00
1.000049497927361752e+00
1.000049581729895998e+00
1.000049665532598331e+00
1.000049749335468530e+00
1.000049833138506594e+00
1.000049916941712747e+00
1.000050000745086987e+00
1.000050084548629314e+00
1.000050168352339508e+00
1.000050252156217345e+00
1.000050335960263492e+00
1.000050419764477727e+00
1.000050503568859606e+00
1.000050587373409794e+00
1.000050671178127626e+00
1.000050754983013990e+00
1.000050838788067997e+00
1.000050922593290093e+00
1.000051006398680054e+00
1.000051090204237880e+00
1.000051174009963795e+00
1.000051257815857797e+00
1.000051341621919665e+00
1.000051425428149621e+00
1.000051509234547442e+00
1.000051593041113573e+00
1.000051676847847570e+00
1.000051760654749433e+00
1.000051844461819384e+00
1.000051928269057200e+00
1.000052012076463326e+00
1.000052095884036873e+00
1.000052179691778953e+00
1.000052263499688898e+00
1.000052347307766709e+00
1.000052431116012386e+00
1.000052514924426150e+00
1.000052598733008224e+00
1.000052682541758164e+00
1.000052766350675970e+00
1.000052850159761864e+00
1.000052933969015623e+00
1.000053017778437470e+00
1.000053101588027404e+00
1.000053185397785205e+00
1.000053269207711093e+00
1.000053353017804847e+00
1.000053436828066689e+00
1.000053520638496618e+00
1.000053604449094191e+00
1.000053688259860296e+00
1.000053772070794045e+00
1.000053855881895881e+00
1.000053939693165805e+00
1.000054023504603817e+00
1.000054107316209473e+00
1.000054191127983438e+00
1.000054274939925270e+00
1.000054358752035188e+00
1.000054442564312973e+00
1.000054526376759068e+00
1.000054610189373028e+00
1.000054694002154854e+00
1.000054777815104767e+00
1.000054861628222769e+00
1.000054945441508636e+00
1.000055029254962813e+00
1.000055113068584633e+00
1.000055196882374542e+00
1.000055280696332760e+00
1.000055364510458622e+00
1.000055448324752572e+00
1.000055532139214609e+00
1.000055615953844734e+00
1.000055699768642725e+00
1.000055783583609026e+00
1.000055867398742970e+00
1.000055951214044780e+00
1.000056035029514900e+00
1.000056118845153108e+00
1.000056202660959404e+00
1.000056286476933343e+00
1.000056370293075592e+00
1.000056454109385928e+00
1.000056537925864131e+00
1.000056621742510199e+00
1.000056705559324577e+00
1.000056789376306821e+00
1.000056873193457152e+00
1.000056957010775349e+00
1.000057040828261856e+00
1.000057124645916229e+00
1.000057208463738467e+00
1.000057292281728794e+00
1.000057376099887430e+00
1.000057459918213709e+00
1.000057543736708299e+00
1.000057627555370754e+00
1.000057711374201075e+00
1.000057795193199928e+00
1.000057879012366202e+00
1.000057962831700786e+00
1.000058046651203458e+00
1.000058130470874218e+00
1.000058214290712844e+00
1.000058298110719335e+00
1.000058381930894136e+00
1.000058465751237025e+00
1.000058549571747779e+00
1.000058633392426399e+00
1.000058717213273329e+00
1.000058801034288125e+00
1.000058884855471009e+00
1.000058968676821980e+00
1.000059052498340817e+00
1.000059136320027964e+00
1.000059220141882976e+00
1.000059303963906077e+00
1.000059387786097043e+00
1.000059471608456318e+00
1.000059555430983460e+00
1.000059639253678467e+00
1.000059723076541784e+00
1.000059806899572967e+00
1.000059890722772460e+00
1.000059974546139818e+00
1.000060058369675042e+00
1.000060142193378576e+00
1.000060226017249976e+00
1.000060309841289463e+00
1.000060393665497038e+00
1.000060477489872479e+00
1.000060561314416230e+00
1.000060645139127624e+00
1.000060728964007328e+00
1.000060812789054898e+00
1.000060896614270778e+00
1.000060980439654523e+00
1.000061064265206578e+00
1.000061148090926277e+00
1.000061231916814286e+00
1.000061315742870161e+00
1.000061399569094345e+00
1.000061483395486395e+00
1.000061567222046310e+00
1.000061651048774536e+00
1.000061734875670627e+00
1.000061818702735028e+00
1.000061902529967295e+00
1.000061986357367649e+00
1.000062070184936092e+00
1.000062154012672622e+00
1.000062237840577017e+00
1.000062321668649501e+00
1.000062405496890072e+00
1.000062489325298731e+00
1.000062573153875478e+00
1.000062656982620091e+00
1.000062740811533013e+00
1.000062824640613801e+00
1.000062908469862677e+00
1.000062992299279641e+00
1.000063076128864470e+00
1.000063159958617387e+00
1.000063243788538614e+00
1.000063327618627707e+00
1.000063411448884887e+00
1.000063495279310155e+00
1.000063579109903733e+00
1.000063662940664955e+00
1.000063746771594486e+00
1.000063830602691883e+00
1.000063914433957368e+00
1.000063998265390941e+00
1.000064082096992601e+00
1.000064165928762350e+00
1.000064249760699964e+00
1.000064333592806110e+00
1.000064417425079899e+00
1.000064501257521998e+00
1.000064585090131963e+00
1.000064668922910016e+00
1.000064752755856157e+00
1.000064836588970385e+00
1.000064920422252479e+00
1.000065004255702883e+00
1.000065088089321375e+00
1.000065171923107732e+00
1.000065255757062399e+00
1.000065339591184932e+00
1.000065423425475331e+00
1.000065507259934261e+00
1.000065591094561057e+00
1.000065674929355719e+00
1.000065758764318913e+00
1.000065842599449750e+00
1.000065926434748675e+00
1.000066010270215910e+00
1.000066094105851011e+00
1.000066177941654200e+00
1.000066261777625698e+00
1.000066345613765062e+00
1.000066429450072514e+00
1.000066513286548275e+00
1.000066597123191681e+00
1.000066680960003618e+00
1.000066764796983421e+00
1.000066848634131089e+00
1.000066932471447068e+00
1.000067016308930912e+00
1.000067100146583066e+00
1.000067183984403085e+00
1.000067267822391415e+00
1.000067351660547832e+00
1.000067435498872115e+00
1.000067519337364708e+00
1.000067603176025166e+00
1.000067687014853490e+00
1.000067770853850346e+00
1.000067854693015068e+00
1.000067938532347878e+00
1.000068022371848553e+00
1.000068106211517760e+00
1.000068190051354833e+00
1.000068273891359771e+00
1.000068357731533020e+00
1.000068441571874356e+00
1.000068525412384002e+00
1.000068609253061291e+00
1.000068693093906891e+00
1.000068776934920578e+00
1.000068860776102131e+00
1.000068944617451994e+00
1.000069028458969944e+00
1.000069112300655982e+00
1.000069196142510108e+00
1.000069279984532100e+00
1.000069363826722402e+00
1.000069447669080791e+00
1.000069531511607046e+00
1.000069615354301611e+00
1.000069699197164264e+00
1.000069783040195004e+00
1.000069866883393610e+00
1.000069950726760526e+00
1.000070034570295530e+00
1.000070118413998843e+00
1.000070202257869578e+00
1.000070286101908845e+00
1.000070369946116200e+00
1.000070453790491642e+00
1.000070537635035173e+00
1.000070621479746791e+00
1.000070705324626275e+00
1.000070789169674068e+00
1.000070873014890172e+00
1.000070956860274141e+00
1.000071040705826197e+00
1.000071124551546342e+00
1.000071208397434575e+00
1.000071292243490895e+00
1.000071376089715525e+00
1.000071459936107798e+00
1.000071543782668604e+00
1.000071627629397275e+00
1.000071711476294256e+00
1.000071795323359103e+00
1.000071879170592259e+00
1.000071963017993282e+00
1.000072046865562614e+00
1.000072130713300034e+00
1.000072214561205541e+00
1.000072298409278915e+00
1.000072382257520598e+00
1.000072466105930369e+00
1.000072549954508005e+00
1.000072633803254174e+00
1.000072717652168208e+00
1.000072801501250330e+00
1.000072885350500762e+00
1.000072969199919060e+00
1.000073053049505667e+00
1.000073136899260140e+00
1.000073220749182923e+00
1.000073304599273794e+00
1.000073388449532752e+00
1.000073472299959798e+00
1.000073556150554710e+00
1.000073640001318154e+00
1.000073723852249463e+00
1.000073807703348860e+00
1.000073891554616567e+00
1.000073975406052362e+00
1.000074059257656023e+00
1.000074143109427993e+00
1.000074226961368051e+00
1.000074310813476197e+00
1.000074394665752431e+00
1.000074478518196974e+00
1.000074562370809383e+00
1.000074646223589880e+00
1.000074730076538909e+00
1.000074813929655582e+00
1.000074897782940564e+00
1.000074981636393412e+00
1.000075065490014570e+00
1.000075149343803815e+00
1.000075233197761371e+00
1.000075317051887014e+00
1.000076951084680754e+00
1.000079329707484366e+00
1.000081708465561103e+00
1.000084087358921847e+00
1.000086466387576145e+00
1.000088845551534433e+00
1.000091224850807814e+00
1.000093604285405169e+00
1.000095983855337600e+00
1.000098363560615544e+00
1.000100743401248771e+00
1.000103123377247938e+00
1.000105503488623038e+00
1.000107883735384506e+00
1.000110264117543002e+00
1.000112644635107850e+00
1.000115025288090154e+00
1.000117406076499904e+00
1.000119787000347316e+00
1.000122168059642824e+00
1.000124549254396866e+00
1.000126930584619656e+00
1.000129312050320740e+00
1.000131693651511666e+00
1.000134075388201760e+00
1.000136457260401679e+00
1.000138839268121638e+00
1.000141221411372072e+00
1.000143603690163419e+00
1.000145986104505225e+00
1.000148368654408593e+00
1.000150751339883515e+00
1.000154770553711492e+00
1.000158842197183207e+00
1.000162914236538914e+00
1.000166986671830127e+00
1.000171059503107696e+00
1.000175132730423799e+00
1.000179206353829287e+00
1.000183280373375894e+00
1.000187354789114913e+00
1.000191429601097859e+00
1.000195504809375802e+00
1.000199580414000700e+00
1.000203656415023845e+00
1.000207732812496531e+00
1.000211809606470492e+00
1.000215886796997022e+00
1.000219964384127636e+00
1.000224042367914290e+00
1.000228806224280786e+00
1.000234550361766450e+00
1.000240295286247472e+00
1.000246040997866626e+00
1.000251787496768907e+00
1.000257534783097979e+00
1.000263282856997504e+00
1.000269031718612256e+00
1.000274781368086119e+00
1.000280531805562756e+00
1.000286283031187162e+00
1.000292035045103001e+00
1.000297787847454600e+00
1.000303929221750820e+00
1.000311341653990604e+00
1.000318755395202652e+00
1.000326170445696050e+00
1.000333586805778996e+00
1.000341004475760798e+00
1.000348423455949876e+00
1.000355843746655538e+00
1.000363265348186648e+00
1.000370688260852514e+00
1.000378118315024434e+00
1.000387198611273121e+00
1.000396280869539467e+00
1.000405365090389687e+00
1.000414451274389993e+00
1.000423539422106378e+00
1.000432629534105722e+00
1.000441721610954682e+00
1.000450815653220804e+00
1.000460965081112708e+00
1.000471716658803079e+00
1.000482470983643069e+00
1.000493228056569484e+00
1.000503987878520018e+00
1.000514750450432810e+00
1.000525515773245999e+00
1.000537204744332165e+00
1.000549628226599097e+00
1.000562055372445691e+00
1.000574486183313905e+00
1.000586920660647028e+00
1.000599358805889239e+00
1.000612492800256659e+00
1.000626590332369670e+00
1.000640692576352020e+00
1.000654799534306694e+00
1.000668911208337564e+00
1.000683027600549835e+00
1.000759609054194588e+00
1.000836329632355470e+00
1.000913189672290926e+00
1.000990189512269701e+00
1.001067329491579061e+00
1.001144609950530784e+00
1.001222031230468490e+00
1.001299593673769861e+00
1.001377297623851970e+00
1.001455143425176164e+00
1.001533131423252287e+00
1.001611261964640676e+00
1.001689535396959041e+00
1.001767952068884471e+00
1.001846512330158090e+00
1.001925216531589502e+00
1.002004065025059232e+00
1.002083058163523832e+00
1.002162196301020991e+00
1.002241479792670198e+00
1.002320908994680959e+00
1.002400484264353686e+00
1.002480205960084803e+00
1.002560074441370297e+00
1.002640090068811052e+00
1.002720253204115286e+00
1.002800564210103440e+00
1.002881023450712838e+00
1.002961631291000355e+00
1.003042388097148185e+00
1.003123294236467178e+00
1.003204350077401275e+00
1.003285555989530620e+00
1.003366912343577999e+00
1.003448419511410838e+00
1.003530077866046977e+00
1.003611887781657774e+00
1.003693849633573443e+00
1.003775963798286375e+00
1.003858230653456918e+00
1.003940650577916260e+00
1.004023223951671095e+00
1.004105951155908283e+00
1.004188832572999956e+00
1.004271868586505745e+00
1.004355059581180765e+00
1.004438405942975843e+00
1.004521908059045066e+00
1.004605566317749554e+00
1.004689381108661683e+00
1.004773352822569521e+00
1.004857481851481715e+00
1.004941768588631046e+00
1.005026213428481752e+00
1.005110816766730419e+00
1.005195579000313977e+00
1.005280500527411913e+00
1.005365581747452053e+00
1.005450823061115440e+00
1.005536224870340334e+00
1.005621787578328652e+00
1.005707511589547298e+00
1.005793397309736603e+00
1.005879445145913431e+00
1.005965655506375622e+00
1.006052028800707543e+00
1.006138565439785193e+00
1.006225265835780647e+00
1.006312130402166494e+00
1.006399159553722056e+00
1.006486353706537384e+00
1.006573713278018145e+00
1.006661238686890947e+00
1.006748930353209115e+00
1.006836788698355800e+00
1.006924814145051528e+00
1.007013007117356196e+00
1.007101368040676848e+00
1.007189897341772333e+00
1.007278595448757308e+00
1.007367462791108670e+00
1.007456499799669780e+00
1.007545706906656680e+00
1.007635084545662085e+00
1.007724633151661831e+00
1.007814353161019749e+00
1.007904245011492783e+00
1.007994309142236089e+00
1.008084545993809700e+00
1.008174956008182521e+00
1.008265539628737884e+00
1.008356297300279758e+00
1.008447229469038087e+00
1.008538336582673445e+00
1.008629619090283258e+00
1.008721077442407132e+00
1.008812712091032404e+00
1.008904523489600358e+00
1.008996512093010667e+00
1.009088678357627389e+00
1.009181022741286071e+00
1.009273545703296637e+00
1.009366247704451824e+00
1.009459129207031403e+00
1.009552190674808836e+00
1.009645432573055723e+00
1.009738855368549126e+00
1.009832459529576010e+00
1.009926245525941235e+00
1.010020213828971114e+00
1.010114364911520290e+00
1.010208699247977737e+00
1.010303217314273638e+00
1.010397919587882720e+00
1.010492806547833577e+00
1.010587878674712670e+00
1.010683136450670538e+00
1.010778580359429135e+00
1.010874210886286262e+00
1.010970028518123121e+00
1.011066033743410308e+00
1.011162227052212703e+00
1.011258608936197900e+00
1.011355179888641320e+00
1.011451940404432426e+00
1.011548890980080051e+00
1.011646032113721949e+00
1.011743364305127679e+00
1.011840888055707488e+00
1.011938603868517417e+00
1.012036512248266185e+00
1.012134613701321850e+00
1.012232908735718251e+00
1.012331397861161886e+00
1.012430081589037689e+00
1.012528960432416136e+00
1.012628034906060570e+00
1.012727305526432975e+00
1.012826772811701304e+00
1.012926437281745473e+00
1.013026299458165136e+00
1.013126359864286563e+00
1.013226619025167752e+00
1.013327077467607751e+00
1.013427735720151768e+00
1.013528594313098941e+00
1.013629653778509221e+00
1.013730914650210035e+00
1.013832377463804724e+00
1.013934042756676757e+00
1.014035911068000173e+00
1.014137982938744686e+00
1.014240258911683235e+00
1.014342739531399307e+00
1.014445425344294271e+00
1.014548316898595592e+00
1.014651414744361491e+00
1.014754719433491381e+00
1.014858231519730980e+00
1.014961951558681852e+00
1.015065880107806073e+00
1.015170017726436669e+00
1.015274364975782939e+00
1.015378922418939567e+00
1.015483690620892832e+00
1.015588670148529271e+00
1.015693861570643231e+00
1.015799265457944411e+00
1.015904882383064756e+00
1.016010712920567993e+00
1.016116757646956525e+00
1.016223017140678531e+00
1.016329491982136846e+00
1.016436182753697404e+00
1.016543090039695674e+00
1.016650214426445542e+00
1.016757556502248194e+00
1.016865116857397222e+00
1.016972896084191058e+00
1.017080894776937861e+00
1.017189113531964173e+00
1.017297552947624695e+00
1.017406213624309608e+00
1.017515096164451682e+00
1.017624201172537379e+00
1.017733529255112401e+00
1.017843081020792351e+00
1.017952857080269613e+00
1.018062858046322905e+00
1.018173084533825046e+00
1.018283537159752505e+00
1.018394216543193398e+00
1.018505123305356141e+00
1.018616258069578340e+00
1.018727621461335220e+00
1.018839214108249402e+00
1.018951036640098673e+00
1.019063089688825530e+00
1.019175373888545844e+00
1.019287889875557296e+00
1.019400638288349814e+00
1.019513619767613566e+00
1.019626834956248063e+00
1.019740284499371707e+00
1.019853969044331121e+00
1.019967889240709580e+00
1.020082045740337451e+00
1.020196439197300409e+00
1.020311070267949649e+00
1.020425939610910993e+00
1.020541047887093544e+00
1.020656395759701462e+00
1.020771983894240842e+00
1.020887812958530816e+00
1.021003883622713326e+00
1.021120196559262450e+00
1.021236752442993501e+00
1.021353551951073690e+00
1.021470595763032341e+00
1.021587884560769099e+00
1.021705419028566375e+00
1.021823199853096442e+00
1.021941227723434320e+00
1.022059503331065322e+00
1.022178027369896824e+00
1.022296800536268480e+00
1.022415823528960876e+00
1.022535097049208197e+00
1.022654621800706432e+00
1.022774398489624481e+00
1.022894427824615482e+00
1.023014710516825909e+00
1.023135247279907123e+00
1.023256038830025139e+00
1.023377085885872617e+00
1.023498389168677747e+00
1.023619949402216234e+00
1.023741767312821960e+00
1.023863843629397641e+00
1.023986179083425929e+00
1.024108774408979627e+00
1.024231630342734123e+00
1.024354747623976714e+00
1.024478126994620597e+00
1.024601769199211754e+00
1.024725674984944046e+00
1.024849845101668988e+00
1.024974280301906404e+00
1.025098981340857751e+00
1.025223948976415445e+00
1.025349183969176403e+00
1.025474687082451375e+00
1.025600459082279148e+00
1.025726500737435654e+00
1.025852812819448179e+00
1.025979396102605579e+00
1.026106251363970490e+00
1.026233379383391320e+00
1.026360780943514461e+00
1.026488456829796059e+00
1.026616407830514666e+00
1.026744634736782347e+00
1.026873138342558889e+00
1.027001919444660460e+00
1.027130978842776932e+00
1.027260317339480311e+00
1.027389935740238514e+00
1.027519834853428682e+00
1.027650015490348956e+00
1.027780478465230685e+00
1.027911224595252859e+00
1.028042254700553437e+00
1.028173569604242443e+00
1.028305170132415514e+00
1.028437057114166553e+00
1.028569231381600391e+00
1.028701693769846326e+00
1.028834445117072560e+00
1.028967486264496412e+00
1.029100818056400968e+00
1.029234441340145523e+00
1.029368356966182230e+00
1.029502565788067203e+00
1.029637068662474508e+00
1.029771866449210815e+00
1.029906960011228501e+00
1.030042350214639191e+00
1.030178037928728862e+00
1.030314024025969610e+00
1.030450309382036300e+00
1.030586894875819004e+00
1.030723781389437876e+00
1.030860969808256700e+00
1.030998461020897761e+00
1.031136255919256728e+00
1.031274355398515974e+00
1.031412760357160119e+00
1.031551471696989797e+00
1.031690490323138087e+00
1.031829817144082062e+00
1.031969453071661436e+00
1.032109399021091001e+00
1.032249655910976616e+00
1.032390224663329636e+00
1.032531106203582905e+00
1.032672301460605180e+00
1.032813811366717571e+00
1.032955636857707304e+00
1.033097778872845485e+00
1.033240238354899976e+00
1.033383016250153608e+00
1.033526113508417277e+00
1.033669531083048820e+00
1.033813269930966783e+00
1.033957331012666625e+00
1.034101715292236712e+00
1.034246423737376297e+00
1.034391457319408625e+00
1.034536817013300691e+00
1.034682503797676789e+00
1.034828518654835605e+00
1.034974862570768650e+00
1.035121536535174913e+00
1.035268541541478404e+00
1.035415878586845251e+00
1.035563548672199019e+00
1.035711552802240698e+00
1.035859891985463133e+00
1.036008567234169231e+00
1.036157579564489284e+00
1.036306929996399173e+00
1.036456619553735248e+00
1.036606649264215196e+00
1.036757020159453591e+00
1.036907733274980092e+00
1.037058789650257218e+00
1.037210190328699433e+00
1.037361936357688919e+00
1.037514028788596443e+00
1.037666468676796683e+00
1.037819257081690205e+00
1.037972395066717013e+00
1.038125883699380081e+00
1.038279724051261566e+00
1.038433917198040124e+00
1.038588464219513341e+00
1.038743366199613272e+00
1.038898624226427536e+00
1.039054239392217527e+00
1.039210212793437949e+00
1.039366545530756136e+00
1.039523238709071817e+00
1.039680293437536207e+00
1.039837710829571327e+00
1.039995492002890431e+00
1.040153638079518883e+00
1.040312150185811468e+00
1.040471029452474383e+00
1.040630277014585658e+00
1.040789894011613592e+00
1.040949881587439174e+00
1.041110240890376515e+00
1.041270973073192385e+00
1.041432079293125978e+00
1.041593560711912669e+00
1.041755418495803998e+00
1.041917653815586764e+00
1.042080267846607011e+00
1.042243261768789564e+00
1.042406636766659345e+00
1.042570394029365355e+00
1.042734534750698883e+00
1.042899060129117705e+00
1.043063971367767628e+00
1.043229269674503579e+00
1.043394956261912476e+00
1.043561032347336104e+00
1.043727499152891758e+00
1.043894357905496673e+00
1.044061609836889559e+00
1.044229256183653698e+00
1.044397298187240031e+00
1.044565737093989144e+00
1.044734574155155915e+00
1.044903810626931939e+00
1.045073447770469510e+00
1.045243486851904269e+00
1.045413929142378739e+00
1.045584775918068310e+00
1.045756028460202325e+00
1.045927688055090510e+00
1.046099755994145175e+00
1.046272233573906307e+00
1.046445122096067326e+00
1.046618422867497955e+00
1.046792137200269535e+00
1.046966266411680113e+00
1.047140811824278872e+00
1.047315774765892549e+00
1.047491156569649418e+00
1.047666958574005491e+00
1.047843182122769390e+00
1.048019828565129652e+00
1.048196899255677605e+00
1.048374395554437566e+00
1.048552318826889040e+00
1.048730670443995150e+00
1.048909451782229718e+00
1.049088664223601031e+00
1.049268309155682255e+00
1.049448387971634977e+00
1.049628902070239178e+00
1.049809852855918102e+00
1.049991241738766901e+00
1.050173070134580611e+00
1.050355339464879467e+00
1.050538051156940877e+00
1.050721206643822070e+00
1.050904807364393845e+00
1.051088854763363889e+00
1.051273350291309416e+00
1.051458295404702481e+00
1.051643691565941729e+00
1.051829540243378602e+00
1.052015842911348864e+00
1.052202601050199471e+00
1.052389816146321433e+00
1.052577489692175128e+00
1.052765623186324495e+00
1.052954218133463460e+00
1.053143276044448129e+00
1.053332798436326767e+00
1.053522786832370217e+00
1.053713242762101876e+00
1.053904167761329891e+00
1.054095563372176914e+00
1.054287431143111853e+00
1.054479772628981848e+00
1.054672589391042692e+00
1.054865882996991244e+00
1.055059655020998077e+00
1.055253907043737893e+00
1.055448640652422831e+00
1.055643857440835998e+00
1.055839559009361883e+00
1.056035746965021227e+00
1.056232422921503211e+00
1.056429588499198102e+00
1.056627245325232334e+00
1.056825395033501591e+00
1.057024039264703452e+00
1.057223179666373358e+00
1.057422817892916589e+00
1.057622955605644677e+00
1.057823594472809825e+00
1.058024736169638880e+00
1.058226382378368635e+00
1.058428534788281583e+00
1.058631195095741440e+00
1.058834365004227784e+00
1.059038046224373364e+00
1.059242240473998953e+00
1.059446949478150435e+00
1.059652174969135663e+00
1.059857918686559985e+00
1.060064182377364439e+00
1.060270967795861941e+00
1.060478276703775702e+00
1.060686110870276533e+00
1.060894472072019479e+00
1.061103362093184233e+00
1.061312782725511328e+00
1.061522735768341885e+00
1.061733223028655804e+00
1.061944246321110841e+00
1.062155807468081914e+00
1.062367908299701291e+00
1.062580550653897227e+00
1.062793736376433262e+00
1.063007467320951527e+00
1.063221745349008929e+00
1.063436572330121566e+00
1.063651950141803137e+00
1.063867880669607580e+00
1.064084365807168586e+00
1.064301407456244464e+00
1.064519007526756766e+00
1.064737167936834261e+00
1.064955890612854894e+00
1.065175177489488423e+00
1.065395030509738605e+00
1.065615451624988275e+00
1.065836442795041306e+00
1.066058005988166357e+00
1.066280143181141282e+00
1.066502856359297313e+00
1.066726147516563472e+00
1.066950018655511423e+00
1.067174471787400769e+00
1.067399508932223240e+00
1.067625132118749987e+00
1.067851343384576435e+00
1.068078144776168692e+00
1.068305538348910400e+00
1.068533526167148251e+00
1.068762110304240620e+00
1.068991292842603302e+00
1.069221075873758586e+00
1.069451461498381661e+00
1.069682451826350578e+00
1.069914048976792875e+00
1.070146255078136210e+00
1.070379072268155207e+00
1.070612502694023194e+00
1.070846548512359941e+00
1.071081211889283402e+00
1.071316495000459446e+00
1.071552400031150709e+00
1.071788929176270111e+00
1.072026084640430810e+00
1.072263868637998607e+00
1.072502283393142353e+00
1.072741331139887899e+00
1.072981014122169618e+00
1.073221334593882581e+00
1.073462294818938290e+00
1.073703897071315305e+00
1.073946143635114314e+00
1.074189036804613417e+00
1.074432578884321199e+00
1.074676772189032015e+00
1.074921619043881060e+00
1.075167121784400992e+00
1.075413282756576772e+00
1.075660104316901844e+00
1.075907588832435868e+00
1.076155738680860674e+00
1.076404556250537770e+00
1.076654043940567185e+00
1.076904204160844314e+00
1.077155039332118980e+00
1.077406551886053165e+00
1.077658744265282298e+00
1.077911618923472314e+00
1.078165178325382501e+00
1.078419424946923222e+00
1.078674361275217430e+00
1.078929989808662393e+00
1.079186313056991864e+00
1.079443333541334926e+00
1.079701053794281718e+00
1.079959476359944492e+00
1.080218603794020460e+00
1.080478438663856622e+00
1.080738983548511500e+00
1.081000241038821974e+00
1.081262213737466560e+00
1.081524904259030917e+00
1.081788315230072461e+00
1.082052449289188090e+00
1.082317309087079238e+00
1.082582897286619383e+00
1.082849216562921324e+00
1.083116269603404236e+00
1.083384059107862063e+00
1.083652587788533017e+00
1.083921858370167302e+00
1.084191873590097721e+00
1.084462636198309182e+00
1.084734148957508193e+00
1.085006414643195471e+00
1.085279436043736112e+00
1.085553215960431084e+00
1.085827757207590505e+00
1.086103062612606474e+00
1.086379135016024788e+00
1.086655977271619999e+00
1.086933592246469349e+00
1.087211982821026046e+00
1.087491151889196983e+00
1.087771102358416009e+00
1.088051837149721202e+00
1.088333359197831474e+00
1.088615671451223399e+00
1.088898776872209151e+00
1.089182678437014218e+00
1.089467379135857339e+00
1.089752881973027110e+00
1.090039189966965916e+00
1.090326306150344760e+00
1.090614233570149638e+00
1.090902975287758592e+00
1.091192534379026080e+00
1.091482913934364918e+00
1.091774117058827986e+00
1.092066146872193722e+00
1.092359006509047603e+00
1.092652699118870752e+00
1.092947227866119864e+00
1.093242595930318473e+00
1.093538806506139993e+00
1.093835862803494541e+00
1.094133768047618416e+00
1.094432525479160700e+00
1.094732138354272744e+00
1.095032609944697422e+00
1.095333943537857735e+00
1.095636142436949845e+00
1.095939209961031890e+00
1.096243149445117027e+00
1.096547964240265571e+00
1.096853657713678265e+00
1.097160233248788863e+00
1.097467694245359171e+00
1.097776044119574523e+00
1.098085286304137931e+00
1.098395424248367114e+00
1.098706461418292646e+00
1.099018401296752767e+00
1.099331247383493082e+00
1.099645003195266479e+00
1.099959672265930388e+00
1.100275258146549362e+00
1.100591764405493889e+00
1.100909194628543197e+00
1.101227552418987843e+00
1.101546841397732290e+00
1.101867065203397722e+00
1.102188227492428396e+00
1.102510331939195343e+00
1.102833382236102944e+00
1.103157382093694627e+00
1.103482335240761891e+00
1.103808245424451995e+00
1.104135116410374762e+00
1.104462951982714936e+00
1.104791755944341647e+00
1.105121532116918104e+00
1.105452284341016167e+00
1.105784016476226927e+00
1.106116732401274838e+00
1.106450436014132954e+00
1.106785131232136621e+00
1.107120821992100046e+00
1.107457512250433096e+00
1.107795205983258313e+00
1.108133907186529488e+00
1.108473619876151117e+00
1.108814348088098534e+00
1.109156095878537585e+00
1.109498867323948978e+00
1.109842666521247523e+00
1.110187497587908467e+00
1.110533364662089850e+00
1.110880271902759064e+00
1.111228223489818090e+00
1.111577223624231170e+00
1.111927276528151154e+00
1.112278386445050504e+00
1.112630557639849416e+00
1.112983794399047266e+00
1.113338101030853178e+00
1.113693481865318802e+00
1.114049941254473763e+00
1.114407483572456670e+00
1.114766113215653887e+00
1.115125834602832988e+00
1.115486652175282423e+00
1.115848570396947625e+00
1.116211593754572018e+00
1.116575726757836673e+00
1.116940973939501092e+00
1.117307339855547532e+00
1.117674829085320676e+00
1.118043446231675508e+00
1.118413195921121428e+00
1.118784082803967017e+00
1.119156111554466815e+00
1.119529286870974527e+00
1.119903613476091353e+00
1.120279096116818085e+00
1.120655739564701214e+00
1.121033548615987474e+00
1.121412528091780381e+00
1.121792682838196775e+00
1.122174017726520701e+00
1.122556537653359054e+00
1.122940247540803460e+00
1.123325152336587474e+00
1.123711257014249565e+00
1.124098566573293656e+00
1.124487086039353212e+00
1.124876820464354665e+00
1.125267774926684838e+00
1.125659954531355256e+00
1.126053364410172231e+00
1.126448009721906063e+00
1.126843895652460015e+00
1.127241027415043506e+00
1.127639410250344643e+00
1.128039049426704743e+00
1.128439950240293754e+00
1.128842118015286999e+00
1.129245558104043701e+00
1.129650275887285948e+00
1.130056276774279889e+00
1.130463566203018244e+00
1.130872149640403057e+00
1.131282032582430652e+00
1.131693220554379042e+00
1.132105719110992448e+00
1.132519533836674253e+00
1.132934670345674411e+00
1.133351134282281958e+00
1.133768931321019302e+00
1.134188067166835179e+00
1.134608547555302049e+00
1.135030378252812611e+00
1.135453565056778968e+00
1.135878113795833588e+00
1.136304030330030690e+00
1.136731320551050306e+00
1.137159990382401675e+00
1.137590045779631964e+00
1.138021492730532325e+00
1.138454337255347948e+00
1.138888585406989673e+00
1.139324243271246928e+00
1.139761316966999338e+00
1.140199812646436328e+00
1.140639736495271395e+00
1.141081094732963708e+00
1.141523893612936158e+00
1.141968139422799178e+00
1.142413838484575228e+00
1.142860997154922620e+00
1.143309621825364886e+00
1.143759718922517710e+00
1.144211294908320298e+00
1.144664356280269191e+00
1.145118909571650523e+00
1.145574961351776944e+00
1.146032518226224983e+00
1.146491586837073973e+00
1.146952173863148294e+00
1.147414286020257634e+00
1.147877930061445451e+00
1.148343112777233443e+00
1.148809840995869136e+00
1.149278121583580115e+00
1.149747961444820277e+00
1.150219367522528735e+00
1.150692346798383614e+00
1.151166906293059844e+00
1.151643053066488731e+00
1.152120794218120858e+00
1.152600136887187654e+00
1.153081088252968955e+00
1.153563655535058574e+00
1.154047845993635635e+00
1.154533666929735247e+00
1.155021125685521843e+00
1.155510229644564513e+00
1.156000986232115224e+00
1.156493402915388380e+00
1.156987487203841480e+00
1.157483246649460673e+00
1.157980688847045414e+00
1.158479821434496682e+00
1.158980652093108743e+00
1.159483188547858479e+00
1.159987438567702034e+00
1.160493409965870804e+00
1.161001110600171859e+00
1.161510548373285934e+00
1.162021731233073840e+00
1.162534667172881120e+00
1.163049364231845129e+00
1.163565830495205899e+00
1.164084074094618559e+00
1.164604103208468855e+00
1.165125926062188455e+00
1.165649550928576250e+00
1.166174986128120317e+00
1.166702240029321658e+00
1.167231321049020387e+00
1.167762237652726354e+00
1.168294998354948655e+00
1.168829611719532258e+00
1.169366086359993506e+00
1.169904430939858075e+00
1.170444654173006693e+00
1.170986764824015092e+00
1.171530771708504171e+00
1.172076683693486387e+00
1.172624509697721029e+00
1.173174258692065930e+00
1.173725939699838960e+00
1.174279561797174409e+00
1.174835134113390911e+00
1.175392665831352712e+00
1.175952166187841375e+00
1.176513644473922815e+00
1.177077110035327667e+00
1.177642572272823651e+00
1.178210040642598599e+00
1.178779524656642819e+00
1.179351033883136779e+00
1.179924577946837916e+00
1.180500166529473427e+00
1.181077809370136178e+00
1.181657516265682162e+00
1.182239297071132178e+00
1.182823161700078174e+00
1.183409120125091585e+00
1.183997182378134561e+00
1.184587358550972080e+00
1.185179658795592506e+00
1.185774093324626577e+00
1.186370672411775518e+00
1.186969406392236470e+00
1.187570305663135484e+00
1.188173380683966052e+00
1.188778641977025652e+00
1.189386100127856283e+00
1.189995765785694770e+00
1.190607649663920409e+00
1.191221762540510376e+00
1.191838115258497144e+00
1.192456718726431886e+00
1.193077583918849438e+00
1.193700721876739257e+00
1.194326143708017041e+00
1.194953860588004346e+00
1.195583883759911092e+00
1.196216224535323169e+00
1.196850894294690049e+00
1.197487904487824384e+00
1.198127266634399390e+00
1.198768992324453109e+00
1.199413093218898441e+00
1.200059581050034296e+00
1.200708467622067399e+00
1.201359764811632536e+00
1.202013484568319912e+00
1.202669638915208505e+00
1.203328239949400746e+00
1.203989299842570748e+00
1.204652830841507427e+00
1.205318845268669392e+00
1.205987355522740945e+00
1.206658374079197182e+00
1.207331913490872211e+00
1.208007986388526689e+00
1.208686605481432919e+00
1.209367783557957710e+00
1.210051533486153463e+00
1.210737868214353474e+00
1.211426800771773671e+00
1.212118344269122128e+00
1.212812511899209023e+00
1.213509316937568139e+00
1.214208772743081255e+00
1.214910892758605865e+00
1.215615690511609559e+00
1.216323179614820393e+00
1.217033373766874371e+00
1.217746286752968921e+00
1.218461932445524809e+00
1.219180324804856941e+00
1.219901477879845819e+00
1.220625405808620112e+00
1.221352122819245434e+00
1.222081643230416681e+00
1.222813981452156362e+00
1.223549151986525141e+00
1.224287169428338373e+00
1.225028048465883534e+00
1.225771803881651634e+00
1.226518450553063078e+00
1.227268003453217515e+00
1.228020477651641684e+00
1.228775888315044584e+00
1.229534250708078869e+00
1.230295580194112670e+00
1.231059892236005870e+00
1.231827202396897691e+00
1.232597526340994509e+00
1.233370879834373879e+00
1.234147278745786780e+00
1.234926739047470745e+00
1.235709276815976976e+00
1.236494908232997902e+00
1.237283649586204293e+00
1.238075517270089021e+00
1.238870527786819054e+00
1.239668697747098536e+00
1.240470043871034767e+00
1.241274582989016162e+00
1.242082332042596438e+00
1.242893308085387005e+00
1.243707528283957142e+00
1.244525009918746372e+00
1.245345770384971962e+00
1.246169827193562618e+00
1.246997197972089744e+00
1.247827900465714013e+00
1.248661952538127951e+00
1.249499372172520495e+00
1.250340177472546888e+00
1.251184386663305004e+00
1.252032018092318344e+00
1.252883090230531682e+00
1.253737621673318481e+00
1.254595631141492751e+00
1.255457137482330676e+00
1.256322159670599348e+00
1.257190716809603037e+00
1.258062828132233468e+00
1.258938513002027637e+00
1.259817790914238733e+00
1.260700681496916165e+00
1.261587204511997351e+00
1.262477379856405957e+00
1.263371227563161669e+00
1.264268767802499971e+00
1.265170020883005675e+00
1.266075007252752238e+00
1.266983747500455060e+00
1.267896262356630332e+00
1.268812572694774765e+00
1.269732699532544418e+00
1.270656664032954852e+00
1.271584487505585725e+00
1.272516191407799369e+00
1.273451797345971581e+00
1.274391327076732194e+00
1.275334802508220289e+00
1.276282245701347851e+00
1.277233678871077194e+00
1.278189124387711706e+00
1.279148604778199250e+00
1.280112142727444002e+00
1.281079761079635171e+00
1.282051482839588585e+00
1.283027331174095176e+00
1.284007329413297205e+00
1.284991501052058727e+00
1.285979869751361582e+00
1.286972459339713160e+00
1.287969293814568372e+00
1.288970397343762064e+00
1.289975794266958742e+00
1.290985509097116068e+00
1.291999566521963239e+00
1.293017991405494227e+00
1.294040808789469699e+00
1.295068043894946674e+00
1.296099722123813747e+00
1.297135869060342506e+00
1.298176510472752732e+00
1.299221672314805787e+00
1.300271380727400450e+00
1.301325662040184072e+00
1.302384542773194154e+00
1.303448049638505468e+00
1.304516209541891181e+00
1.305589049584510164e+00
1.306666597064609414e+00
1.307748879479236903e+00
1.308835924525977523e+00
1.309927760104707017e+00
1.311024414319363451e+00
1.312125915479737559e+00
1.313232292103277743e+00
1.314343572916915948e+00
1.315459786858914404e+00
1.316580963080727917e+00
1.317707130948889027e+00
1.318838320046909152e+00
1.319974560177202161e+00
1.321115881363027711e+00
1.322262313850454341e+00
1.323413888110340109e+00
1.324570634840339434e+00
1.325732584966927030e+00
1.326899769647444050e+00
1.328072220272166204e+00
1.329249968466393872e+00
1.330433046092563076e+00
1.331621485252379555e+00
1.725620497326095792e+00
1.726223029048022051e+00
1.726826252483319335e+00
1.727430168691082901e+00
1.728034778732435273e+00
1.728640083670532901e+00
1.729246084570569275e+00
1.729852782499779140e+00
1.730460178527444715e+00
1.731068273724899687e+00
1.731677069165534988e+00
1.732286565924799016e+00
1.732896765080209844e+00
1.733507667711354561e+00
1.734119274899893925e+00
1.734731587729570812e+00
1.735344607286212426e+00
1.735958334657734303e+00
1.736572770934148302e+00
1.737187917207564825e+00
1.737803774572198368e+00
1.738420344124371519e+00
1.739037626962522287e+00
1.739655624187206762e+00
1.740274336901104668e+00
1.740893766209024918e+00
1.741513913217908716e+00
1.742134779036836445e+00
1.742756364777032996e+00
1.743378671551869763e+00
1.744001700476872863e+00
1.744625452669726462e+00
1.745249929250278775e+00
1.745875131340543396e+00
1.746501060064712618e+00
1.747127716549152554e+00
1.747755101922415788e+00
1.748383217315242710e+00
1.749012063860566624e+00
1.749641642693520849e+00
1.750271954951442055e+00
1.750903001773876921e+00
1.751534784302584802e+00
1.752167303681546828e+00
1.752800561056967021e+00
1.753434557577279174e+00
1.754069294393153289e+00
1.754704772657498912e+00
1.755340993525470905e+00
1.755977958154474994e+00
1.756615667704173100e+00
1.757254123336488449e+00
1.757893326215611340e+00
1.758533277508002479e+00
1.759173978382401193e+00
1.759815430009828541e+00
1.760457633563593971e+00
1.761100590219299988e+00
1.761744301154848147e+00
1.762388767550442381e+00
1.763033990588598776e+00
1.763679971454145790e+00
1.764326711334233355e+00
1.764974211418336880e+00
1.765622472898264572e+00
1.766271496968158550e+00
1.766921284824503946e+00
1.767571837666136014e+00
1.768223156694240128e+00
1.768875243112362661e+00
1.769528098126412541e+00
1.770181722944670133e+00
1.770836118777790347e+00
1.771491286838810630e+00
1.772147228343152969e+00
1.772803944508633878e+00
1.773461436555466397e+00
1.774119705706268979e+00
1.774778753186066149e+00
1.775438580222301832e+00
1.776099188044837573e+00
1.776760577885963643e+00
1.777422750980401034e+00
1.778085708565308787e+00
1.778749451880290655e+00
1.779413982167399322e+00
1.780079300671144393e+00
1.780745408638493732e+00
1.781412307318885002e+00
1.782079997964228335e+00
1.782748481828912324e+00
1.783417760169809352e+00
1.784087834246284032e+00
1.784758705320196981e+00
1.785430374655911478e+00
1.786102843520298356e+00
1.786776113182743542e+00
1.787450184915154505e+00
1.788125059991963139e+00
1.788800739690135311e+00
1.789477225289172635e+00
1.790154518071126910e+00
1.790832619320594343e+00
1.791511530324732204e+00
1.792191252373257715e+00
1.792871786758458708e+00
1.793553134775197400e+00
1.794235297720918609e+00
1.794918276895652864e+00
1.795602073602025062e+00
1.796286689145260018e+00
1.796972124833187356e+00
1.797658381976251718e+00
1.798345461887513208e+00
1.799033365882659830e+00
1.799722095280008149e+00
1.800411651400513513e+00
1.801102035567775150e+00
1.801793249108041062e+00
1.802485293350218010e+00
1.803178169625873295e+00
1.803871879269245637e+00
1.804566423617248505e+00
1.805261804009477444e+00
1.805958021788216517e+00
1.806655078298445405e+00
1.807352974887844743e+00
1.808051712906804775e+00
1.808751293708427799e+00
1.809451718648540375e+00
1.810152989085695330e+00
1.810855106381178192e+00
1.811558071899018740e+00
1.812261887005992556e+00
1.812966553071629017e+00
1.813672071468219960e+00
1.814378443570823451e+00
1.815085670757271785e+00
1.815793754408179694e+00
1.816502695906947684e+00
1.817212496639772912e+00
1.817923157995651628e+00
1.818634681366390060e+00
1.819347068146607960e+00
1.820060319733747933e+00
1.820774437528079659e+00
1.821489422932709656e+00
1.822205277353586839e+00
1.822922002199507618e+00
1.823639598882127455e+00
1.824358068815960632e+00
1.825077413418397354e+00
1.825797634109698864e+00
1.826518732313015425e+00
1.827240709454385437e+00
1.827963566962746533e+00
1.828687306269942026e+00
1.829411928810725785e+00
1.830137436022774011e+00
1.830863829346686789e+00
1.831591110226000296e+00
1.832319280107188364e+00
1.833048340439676238e+00
1.833778292675843025e+00
1.834509138271030126e+00
1.835240878683549459e+00
1.835973515374689669e+00
1.836707049808723458e+00
1.837441483452916913e+00
1.838176817777531724e+00
1.838913054255838730e+00
1.839650194364122804e+00
1.840388239581688401e+00
1.841127191390868445e+00
1.841867051277033429e+00
1.842607820728596746e+00
1.843349501237022015e+00
1.844092094296831519e+00
1.844835601405614645e+00
1.845580024064033875e+00
1.846325363775831452e+00
1.847071622047840700e+00
1.847818800389989136e+00
1.848566900315309125e+00
1.849315923339944767e+00
1.850065870983160554e+00
1.850816744767345368e+00
1.851568546218025801e+00
1.852321276863869270e+00
1.853074938236692004e+00
1.853829531871472813e+00
1.854585059306351758e+00
1.855341522082645245e+00
1.856098921744849362e+00
1.856857259840652530e+00
1.857616537920938393e+00
1.858376757539795587e+00
1.859137920254526843e+00
1.859900027625656538e+00
1.860663081216937575e+00
1.861427082595360716e+00
1.862192033331160790e+00
1.862957934997827358e+00
1.863724789172111151e+00
1.864492597434031174e+00
1.865261361366886916e+00
1.866031082557260357e+00
1.866801762595030389e+00
1.867573403073377047e+00
1.868346005588789049e+00
1.869119571741076680e+00
1.869894103133377783e+00
1.870669601372161761e+00
1.871446068067244006e+00
1.872223504831794338e+00
1.873001913282337227e+00
1.873781295038771999e+00
1.874561651724369726e+00
1.875342984965792992e+00
1.876125296393093000e+00
1.876908587639728010e+00
1.877692860342563774e+00
1.878478116141888421e+00
1.879264356681418224e+00
1.880051583608304711e+00
1.880839798573146648e+00
1.881629003229995822e+00
1.882419199236367913e+00
1.883210388253250045e+00
1.884002571945108562e+00
1.884795751979900125e+00
1.885589930029078598e+00
1.886385107767604818e+00
1.887181286873955477e+00
1.887978469030130668e+00
1.888776655921663439e+00
1.889575849237631111e+00
1.890376050670659724e+00
1.891177261916937136e+00
1.891979484676219014e+00
1.892782720651839057e+00
1.893586971550719200e+00
1.894392239083376728e+00
1.895198524963932929e+00
1.896005830910126866e+00
1.896814158643317372e+00
1.897623509888498594e+00
1.898433886374305102e+00
1.899245289833023431e+00
1.900057722000600524e+00
1.900871184616651721e+00
1.901685679424472308e+00
1.902501208171047287e+00
1.903317772607056257e+00
1.904135374486888299e+00
1.904954015568648185e+00
1.905773697614166595e+00
1.906594422389010779e+00
1.907416191662490546e+00
1.908239007207672477e+00
1.909062870801386147e+00
1.909887784224233886e+00
1.910713749260604111e+00
1.911540767698675314e+00
1.912368841330430058e+00
1.913197971951662080e+00
1.914028161361988722e+00
1.914859411364857822e+00
1.915691723767559473e+00
1.916525100381234248e+00
1.917359543020885626e+00
1.918195053505386882e+00
1.919031633657492852e+00
1.919869285303848816e+00
1.920708010275002042e+00
1.921547810405410006e+00
1.922388687533451712e+00
1.923230643501437021e+00
1.924073680155616639e+00
1.924917799346192337e+00
1.925763002927328049e+00
1.926609292757160086e+00
1.927456670697803798e+00
1.928305138615370229e+00
1.929154698379969224e+00
1.930005351865725860e+00
1.930857100950786664e+00
1.931709947517332937e+00
1.932563893451588299e+00
1.933418940643831130e+00
1.934275090988405221e+00
1.935132346383727997e+00
1.935990708732304055e+00
1.936850179940732275e+00
1.937710761919720914e+00
1.938572456584092718e+00
1.939435265852801571e+00
1.940299191648937382e+00
1.941164235899741408e+00
1.942030400536614243e+00
1.942897687495127590e+00
1.943766098715035362e+00
1.944635636140283452e+00
1.945506301719021947e+00
1.946378097403614227e+00
1.947251025150651849e+00
1.948125086920958760e+00
1.949000284679609729e+00
1.949876620395935234e+00
1.950754096043537889e+00
1.951632713600299551e+00
1.952512475048392870e+00
1.953393382374295273e+00
1.954275437568797180e+00
1.955158642627015109e+00
1.956042999548402328e+00
1.956928510336758853e+00
1.957815177000245210e+00
1.958703001551393319e+00
1.959591986007114928e+00
1.960482132388717602e+00
1.961373442721912275e+00
1.962265919036829454e+00
1.963159563368023663e+00
1.964054377754492986e+00
1.964950364239683944e+00
1.965847524871508822e+00
1.966745861702352327e+00
1.967645376789086908e+00
1.968546072193083418e+00
1.969447949980222434e+00
1.970351012220906917e+00
1.971255260990071978e+00
1.972160698367201759e+00
1.973067326436334756e+00
1.973975147286082032e+00
1.974884163009633431e+00
1.975794375704774231e+00
1.976705787473895803e+00
1.977618400424007827e+00
1.978532216666748944e+00
1.979447238318400748e+00
1.980363467499900665e+00
1.981280906336850389e+00
1.982199556959534537e+00
1.983119421502925306e+00
1.984040502106703352e+00
1.984962800915262449e+00
1.985886320077726808e+00
1.986811061747961960e+00
1.987737028084587187e+00
1.988664221250988406e+00
1.989592643415331708e+00
1.990522296750574460e+00
1.991453183434478857e+00
1.992385305649624350e+00
1.993318665583420746e+00
1.994253265428121757e+00
1.995189107380835214e+00
1.996126193643539271e+00
1.997064526423093733e+00
1.998004107931253159e+00
1.998944940384679514e+00
1.999887026004955493e+00
2.000830367018599176e+00
2.001774965657074912e+00
2.002720824156806412e+00
2.003667944759193187e+00
2.004616329710620093e+00
2.005565981262472430e+00
2.006516901671150599e+00
2.007469093198078092e+00
2.008422558109724143e+00
2.009377298677607726e+00
2.010333317178316648e+00
2.011290615893520872e+00
2.012249197109981846e+00
2.013209063119573816e+00
2.014170216219289600e+00
2.015132658711258351e+00
2.016096392902758883e+00
2.017061421106234764e+00
2.018027745639304982e+00
2.018995368824779924e+00
2.019964292990675592e+00
2.020934520470226925e+00
2.021906053601902009e+00
2.022878894729416288e+00
2.023853046201745887e+00
2.024828510373143153e+00
2.025805289603149539e+00
2.026783386256612474e+00
2.027762802703694245e+00
2.028743541319893762e+00
2.029725604486054547e+00
2.030708994588381611e+00
2.031693714018457886e+00
2.032679765173254882e+00
2.033667150455150896e+00
2.034655872271942556e+00
2.035645933036861699e+00
2.036637335168590024e+00
2.037630081091271972e+00
2.038624173234532044e+00
2.039619614033487238e+00
2.040616405928763921e+00
2.041614551366512043e+00
2.042614052798419344e+00
2.043614912681727791e+00
2.044617133479248228e+00
2.045620717659374588e+00
2.046625667696101658e+00
2.047631986069035737e+00
2.048639675263414173e+00
2.049648737770120466e+00
2.050659176085696700e+00
2.051670992712361308e+00
2.052684190158023725e+00
2.053698770936301266e+00
2.054714737566532445e+00
2.055732092573794301e+00
2.056750838488917488e+00
2.057770977848502714e+00
2.058792513194935392e+00
2.059815447076401629e+00
2.060839782046904656e+00
2.061865520666282148e+00
2.062892665500218659e+00
2.063921219120264716e+00
2.064951184103851922e+00
2.065982563034308939e+00
2.067015358500878364e+00
2.068049573098730942e+00
2.069085209428985106e+00
2.070122270098720740e+00
2.071160757720997836e+00
2.072200674914868479e+00
2.073242024305399500e+00
2.074284808523684909e+00
2.075329030206862768e+00
2.076374691998134736e+00
2.077421796546778499e+00
2.078470346508168198e+00
2.079520344543789978e+00
2.080571793321257523e+00
2.081624695514331602e+00
2.082679053802934721e+00
2.083734870873169776e+00
2.084792149417337814e+00
2.085850892133950030e+00
2.086911101727753515e+00
2.087972780909740589e+00
2.089035932397170559e+00
2.090100558913587037e+00
2.091166663188832597e+00
2.092234247959068316e+00
2.093303315966792866e+00
2.094373869960856283e+00
2.095445912696480395e+00
2.096519446935276143e+00
2.097594475445260009e+00
2.098671001000874892e+00
2.099749026383001649e+00
2.100828554378987967e+00
2.101909587782654132e+00
2.102992129394318788e+00
2.104076182020816255e+00
2.105161748475511629e+00
2.106248831578322100e+00
2.107337434155733380e+00
2.108427559040819688e+00
2.109519209073260182e+00
2.110612387099360276e+00
2.111707095972066739e+00
2.112803338550989452e+00
2.113901117702415178e+00
2.115000436299336428e+00
2.116101297221456790e+00
2.117203703355221567e+00
2.118307657593828885e+00
2.119413162837252784e+00
2.120520221992260534e+00
2.121628837972433068e+00
2.122739013698182298e+00
2.123850752096771544e+00
2.124964056102335075e+00
2.126078928655896760e+00
2.127195372705390497e+00
2.128313391205677974e+00
2.129432987118569987e+00
2.130554163412844648e+00
2.131676923064268259e+00
2.132801269055614846e+00
2.133927204376683928e+00
2.135054732024324942e+00
2.136183855002451892e+00
2.137314576322066451e+00
2.138446899001277934e+00
2.139580826065322849e+00
2.140716360546584429e+00
2.141853505484615283e+00
2.142992263926152496e+00
2.144132638925146495e+00
2.145274633542772591e+00
2.146418250847458520e+00
2.147563493914900423e+00
2.148710365828084612e+00
2.149858869677311102e+00
2.151009008560210045e+00
2.152160785581766600e+00
2.153314203854339581e+00
2.154469266497682778e+00
2.155625976638965824e+00
2.156784337412796404e+00
2.157944351961241125e+00
2.159106023433846389e+00
2.160269354987660151e+00
2.161434349787252351e+00
2.162601011004738449e+00
2.163769341819799408e+00
2.164939345419704786e+00
2.166111024999330947e+00
2.167284383761188149e+00
2.168459424915438305e+00
2.169636151679918079e+00
2.170814567280162866e+00
2.171994674949425885e+00
2.173176477928700834e+00
2.174359979466747195e+00
2.175545182820109336e+00
2.176732091253139156e+00
2.177920708038020070e+00
2.179111036454788763e+00
2.180303079791357845e+00
2.181496841343539828e+00
2.182692324415065777e+00
2.183889532317613735e+00
2.185088468370827375e+00
2.186289135902342640e+00
2.187491538247806844e+00
2.188695678750901763e+00
2.189901560763373389e+00
2.191109187645048362e+00
2.192318562763861056e+00
2.193529689495875346e+00
2.194742571225308136e+00
2.195957211344554683e+00
2.197173613254210345e+00
2.198391780363095460e+00
2.199611716088277991e+00
2.200833423855100168e+00
2.202056907097199367e+00
2.203282169256534306e+00
2.204509213783408139e+00
2.205738044136493770e+00
2.206968663782856943e+00
2.208201076197982005e+00
2.209435284865796767e+00
2.210671293278693827e+00
2.211909104937559878e+00
2.213148723351797020e+00
2.214390152039348969e+00
2.215633394526727695e+00
2.216878454349033856e+00
2.218125335049987434e+00
2.219374040181949503e+00
2.220624573305946203e+00
2.221876937991699830e+00
2.223131137817648373e+00
2.224387176370973940e+00
2.225645057247628067e+00
2.226904784052357478e+00
2.228166360398729395e+00
2.229429789909158632e+00
2.230695076214931127e+00
2.231962222956233699e+00
2.233231233782176250e+00
2.234502112350821079e+00
2.235774862329209078e+00
2.237049487393382385e+00
2.238325991228417244e+00
2.239604377528444434e+00
2.240884649996679912e+00
2.242166812345450566e+00
2.243450868296221312e+00
2.244736821579621289e+00
2.246024675935471837e+00
2.247314435112811815e+00
2.248606102869929568e+00
2.249899682974384252e+00
2.251195179203036911e+00
2.252492595342078907e+00
2.253791935187055451e+00
2.255093202542898023e+00
2.256396401223950132e+00
2.257701535053993069e+00
2.259008607866280105e+00
2.260317623503556916e+00
2.261628585818097559e+00
2.262941498671722673e+00
2.264256365935839455e+00
2.265573191491461191e+00
2.266891979229242793e+00
2.268212733049504326e+00
2.269535456862262546e+00
2.270860154587257096e+00
2.272186830153984261e+00
2.273515487501723165e+00
2.274846130579563752e+00
2.276178763346438760e+00
2.277513389771151253e+00
2.278850013832404819e+00
2.280188639518835547e+00
2.281529270829037337e+00
2.282871911771592988e+00
2.284216566365108836e+00
2.285563238638216532e+00
2.286911932629690281e+00
2.288262652388358465e+00
2.289615401973206232e+00
2.290970185453389263e+00
2.292327006908265741e+00
2.293685870427427886e+00
2.295046780110730378e+00
2.296409740068321437e+00
2.297774754420675247e+00
2.299141827298623930e+00
2.300510962843383744e+00
2.301882165206594610e+00
2.303255438550344092e+00
2.304630787047203366e+00
2.306008214880254759e+00
2.307387726243130821e+00
2.308769325340037870e+00
2.310153016385793290e+00
2.311538803605856174e+00
2.312926691236360188e+00
2.314316683524144658e+00
2.315708784726790537e+00
2.317102999112645279e+00
2.318499330960865024e+00
2.319897784561440357e+00
2.321298364215230947e+00
2.322701074234003293e+00
2.324105918940454263e+00
2.325512902668257720e+00
2.326922029762084065e+00
2.328333304577642426e+00
2.329746731481713518e+00
2.331162314852180728e+00
2.332580059078065204e+00
2.333999968559560045e+00
2.335422047708064497e+00
2.336846300946219479e+00
2.338272732707937784e+00
2.339701347438443158e+00
2.341132149594303158e+00
2.342565143643462466e+00
2.344000334065282853e+00
2.345437725350570712e+00
2.346877322001618360e+00
2.348319128532236011e+00
2.349763149467786416e+00
2.351209389345223943e+00
2.352657852713127884e+00
2.354108544131737979e+00
2.355561468172992168e+00
2.357016629420561227e+00
2.358474032469882520e+00
2.359933681928202631e+00
2.361395582414606675e+00
2.362859738560062262e+00
2.364326155007448360e+00
2.365794836411596602e+00
2.367265787439329028e+00
2.368739012769492280e+00
2.370214517092996243e+00
2.371692305112851340e+00
2.373172381544205845e+00
2.374654751114384510e+00
2.376139418562925432e+00
2.377626388641616906e+00
2.379115666114536065e+00
2.380607255758087959e+00
2.382101162361042412e+00
2.383597390724574439e+00
2.385095945662300210e+00
2.386596832000319690e+00
2.388100054577249942e+00
2.389605618244270424e+00
2.391113527865156740e+00
2.392623788316322830e+00
2.394136404486859604e+00
2.395651381278575354e+00
2.397168723606032614e+00
2.398688436396593460e+00
2.400210524590451922e+00
2.401734993140684171e+00
2.403261847013275165e+00
2.404791091187174601e+00
2.406322730654324893e+00
2.407856770419711356e+00
2.409393215501395513e+00
2.410932070930559057e+00
2.412473341751544709e+00
2.414017033021898850e+00
2.415563149812411936e+00
2.417111697207161125e+00
2.418662680303550250e+00
2.420216104212352448e+00
2.421771974057755017e+00
2.423330294977396715e+00
2.424891072122414837e+00
2.426454310657483848e+00
2.428020015760861128e+00
2.429588192624429599e+00
2.431158846453738587e+00
2.432731982468048226e+00
2.434307605900373428e+00
2.435885721997526066e+00
2.437466336020162050e+00
2.439049453242818633e+00
2.440635078953965476e+00
2.442223218456045508e+00
2.443813877065517115e+00
2.445407060112903874e+00
2.447002772942835414e+00
2.448601020914094040e+00
2.450201809399656483e+00
2.451805143786742303e+00
2.453411029476856964e+00
2.455019471885841131e+00
2.456630476443911970e+00
2.458244048595711106e+00
2.459860193800351258e+00
2.461478917531458421e+00
2.463100225277227384e+00
2.464724122540456364e+00
2.466350614838602073e+00
2.467979707703823689e+00
2.469611406683031252e+00
2.471245717337929637e+00
2.472882645245069622e+00
2.474522195995894069e+00
2.476164375196785450e+00
2.477809188469114243e+00
2.479456641449285126e+00
2.481106739788789817e+00
2.482759489154247934e+00
2.484414895227467834e+00
2.486072963705478145e+00
2.487733700300596151e+00
2.489397110740462882e+00
2.491063200768096397e+00
2.492731976141941974e+00
2.494403442635923618e+00
2.496077606039488472e+00
2.497754472157665440e+00
2.499434046811106480e+00
2.501116335836144344e+00
2.502801345084840090e+00
2.504489080425031045e+00
2.506179547740389868e+00
2.507872752930466298e+00
2.509568701910747546e+00
2.511267400612703149e+00
2.512968854983839151e+00
2.514673070987753167e+00
2.516380054604181904e+00
2.518089811829054447e+00
2.519802348674549552e+00
2.521517671169141828e+00
2.523235785357659466e+00
2.524956697301337982e+00
2.526680413077865950e+00
2.528406938781449842e+00
2.530136280522860659e+00
2.531868444429490328e+00
2.533603436645405882e+00
2.535341263331402306e+00
2.537081930665056717e+00
2.538825444840789647e+00
2.540571812069910784e+00
2.542321038580681147e+00
2.544073130618368150e+00
2.545828094445295786e+00
2.547585936340907242e+00
2.549346662601818192e+00
2.551110279541871861e+00
2.552876793492197649e+00
2.554646210801268857e+00
2.556418537834954208e+00
2.558193780976584897e+00
2.559971946627001671e+00
2.561753041204618331e+00
2.563537071145479018e+00
2.565324042903315949e+00
2.567113962949607142e+00
2.568906837773633267e+00
2.570702673882543365e+00
2.572501477801404590e+00
2.574303256073269264e+00
2.576108015259229500e+00
2.577915761938479378e+00
2.579726502708372227e+00
2.581540244184487243e+00
2.583356993000680557e+00
2.585176755809151850e+00
2.586999539280506966e+00
2.588825350103812983e+00
2.590654194986664383e+00
2.592486080655242109e+00
2.594321013854378855e+00
2.596159001347613682e+00
2.598000049917263965e+00
2.599844166364480902e+00
2.601691357509316127e+00
2.603541630190782108e+00
2.605394991266918314e+00
2.607251447614852058e+00
2.609111006130861554e+00
2.610973673730446087e+00
2.612839457348381966e+00
2.614708363938794022e+00
2.616580400475214674e+00
2.618455573950655868e+00
2.620333891377664148e+00
2.622215359788398814e+00
2.624099986234686099e+00
2.625987777788095556e+00
2.627878741539995566e+00
2.629772884601630611e+00
2.631670214104180783e+00
2.633570737198831058e+00
2.635474461056840134e+00
2.637381392869605268e+00
2.639291539848733770e+00
2.641204909226107844e+00
2.643121508253955199e+00
2.645041344204913436e+00
2.646964424372108660e+00
2.648890756069212316e+00
2.650820346630522462e+00
2.652753203411024607e+00
2.654689333786464989e+00
2.656628745153423399e+00
2.658571444929380689e+00
2.660517440552791157e+00
2.662466739483152711e+00
2.664419349201080145e+00
2.666375277208373529e+00
2.668334531028095480e+00
2.670297118204636444e+00
2.672263046303794631e+00
2.674232322912843962e+00
2.676204955640610006e+00
2.678180952117541036e+00
2.680160319995782636e+00
2.682143066949255417e+00
2.684129200673723847e+00
2.686118728886872642e+00
2.688111659328383585e+00
2.690107999760009250e+00
2.692107757965649828e+00
2.694110941751427735e+00
2.696117558945762216e+00
2.698127617399451950e+00
2.700141124985742991e+00
2.702158089600415369e+00
2.704178519161850591e+00
2.706202421611119568e+00
2.708229804912050565e+00
2.710260677051315348e+00
2.712295046038504687e+00
2.714332919906206509e+00
2.716374306710089392e+00
2.718419214528974504e+00
2.720467651464924419e+00
2.722519625643314178e+00
2.724575145212920990e+00
2.726634218346000615e+00
2.728696853238365083e+00
2.730763058109470176e+00
2.732832841202496699e+00
2.734906210784429081e+00
2.736983175146140645e+00
2.739063742602475315e+00
2.741147921492332440e+00
2.743235720178747616e+00
2.745327147048979732e+00
2.747422210514593566e+00
2.749520919011541054e+00
2.751623281000252774e+00
2.753729304965718772e+00
2.755838999417576041e+00
2.757952372890192905e+00
2.760069433942758721e+00
2.762190191159364705e+00
2.764314653149098966e+00
2.766442828546123334e+00
2.768574726009770171e+00
2.770710354224626748e+00
2.772849721900624065e+00
2.774992837773124332e+00
2.777139710603010236e+00
2.779290349176780861e+00
2.781444762306634289e+00
2.783602958830559082e+00
2.785764947612426656e+00
2.787930737542082316e+00
2.790100337535434960e+00
2.792273756534548124e+00
2.794451003507737230e+00
2.796632087449652193e+00
2.798817017381380889e+00
2.801005802350537532e+00
2.803198451431359484e+00
2.805394973724793406e+00
2.807595378358599625e+00
2.809799674487439614e+00
2.812007871292974137e+00
2.814219977983960064e+00
2.816436003796344067e+00
2.818655957993361216e+00
2.820879849865627342e+00
2.823107688731242959e+00
2.825339483935882967e+00
2.827575244852901015e+00
2.829814980883425424e+00
2.832058701456460881e+00
2.834306416028980813e+00
2.836558134086034855e+00
2.838813865140842552e+00
2.841073618734895057e+00
2.843337404438059046e+00
2.845605231848679306e+00
2.847877110593675987e+00
2.850153050328648519e+00
2.852433060737975090e+00
2.854717151534920561e+00
2.857005332461731939e+00
2.859297613289754292e+00
2.861594003819531995e+00
2.863894513880905102e+00
2.866199153333122140e+00
2.868507932064940036e+00
2.870820859994732466e+00
2.873137947070594667e+00
2.875459203270458008e+00
2.877784638602190359e+00
2.880114263103702221e+00
2.882448086843057311e+00
2.884786119918588021e+00
2.887128372458994896e+00
2.889474854623457212e+00
2.891825576601743553e+00
2.894180548614329940e+00
2.896539780912504192e+00
2.898903283778471174e+00
2.901271067525470038e+00
2.903643142497896346e+00
2.906019519071403323e+00
2.908400207653011105e+00
2.910785218681216868e+00
2.913174562626140940e+00
2.915568249989611171e+00
2.917966291305277959e+00
2.920368697138730152e+00
2.922775478087623835e+00
2.925186644781781808e+00
2.927602207883324592e+00
2.930022178086779672e+00
2.932446566119185416e+00
2.934875382740240291e+00
2.937308638742374800e+00
2.939746344950906476e+00
2.942188512224146457e+00
2.944635151453477651e+00
2.947086273563550574e+00
2.949541889512329096e+00
2.952002010291208123e+00
2.954466646925147266e+00
2.956935810472777870e+00
2.959409512026494937e+00
2.961887762712557493e+00
2.964370573691202271e+00
2.966857956156664144e+00
2.969349921337348430e+00
2.971846480495720755e+00
2.974347644928399870e+00
2.976853425966064837e+00
2.979363834973280056e+00
2.980807737439093330e+00
2.982208777405311206e+00
2.983484018923634018e+00
2.984711822344089160e+00
2.985817663362076768e+00
2.986924174881479654e+00
2.987860001593532377e+00
2.988796469540954348e+00
2.989681933539601211e+00
2.990447638384362783e+00
2.991213771922837772e+00
2.991980334475108361e+00
2.992576222140268083e+00
2.993171163038420346e+00
2.993766362365795519e+00
2.994361820272092967e+00
2.994831657143067094e+00
2.995254495234878966e+00
2.995677463717653310e+00
2.996100562645008569e+00
2.996523792070591163e+00
2.996947152048073271e+00
2.997245026419828484e+00
2.997493229398385139e+00
2.997741477249997288e+00
2.997989769985482500e+00
2.998238107615662340e+00
2.998486490151360595e+00
2.998734917603404160e+00
2.998983389982625702e+00
2.999231907299857891e+00
2.999480469565938279e+00
2.999616295937316046e+00
2.999618931964342927e+00
2.999621567996422655e+00
2.999624204033559227e+00
2.999626840075750867e+00
2.999629476122998462e+00
2.999632112175298460e+00
2.999634748232656634e+00
2.999637384295069431e+00
2.999640020362536852e+00
2.999642656435060228e+00
2.999645292512638672e+00
2.999647928595271740e+00
2.999650564682962095e+00
2.999653200775705741e+00
2.999655836873506232e+00
2.999658472976361789e+00
2.999661109084271526e+00
2.999663745197237663e+00
2.999666381315259311e+00
2.999669017438336915e+00
2.999671653566469143e+00
2.999674289699656882e+00
2.999676925837900132e+00
2.999679561981199338e+00
2.999682198129554056e+00
2.999684834282963841e+00
2.999687470441429582e+00
2.999690106604949946e+00
2.999692742773527154e+00
2.999695378947159430e+00
2.999698015125847217e+00
2.999700651309590516e+00
2.999703287498389770e+00
2.999705923692244536e+00
2.999708559891154369e+00
2.999711196095119714e+00
2.999713832304142791e+00
2.999716468518219603e+00
2.999719104737353259e+00
2.999721740961540650e+00
2.999724377190785329e+00
2.999727013425085520e+00
2.999729649664441222e+00
2.999732285908853768e+00
2.999734922158320938e+00
2.999737558412843175e+00
2.999740194672423144e+00
2.999742830937057736e+00
2.999745467206748284e+00
2.999748103481494343e+00
2.999750739761297247e+00
2.999753376046155218e+00
2.999756012336068700e+00
2.999758648631039026e+00
2.999761284931065308e+00
2.999763921236147102e+00
2.999766557546285295e+00
2.999769193861477667e+00
2.999771830181727772e+00
2.999774466507032500e+00
2.999777102837395404e+00
2.999779739172811155e+00
2.999782375513285082e+00
2.999785011858815409e+00
2.999787648209399915e+00
2.999790284565043041e+00
2.999792920925739903e+00
2.999795557291493608e+00
2.999798193662303714e+00
2.999800830038169330e+00
2.999803466419091347e+00
2.999806102805069319e+00
2.999808739196104135e+00
2.999811375592193574e+00
2.999814011993340301e+00
2.999816648399543428e+00
2.999819284810802067e+00
2.999821921227116661e+00
2.999824557648488543e+00
2.999827194074915937e+00
2.999829830506400175e+00
2.999832466942939480e+00
2.999835103384536517e+00
2.999837739831188621e+00
2.999840376282898013e+00
2.999843012739662473e+00
2.999845649201483777e+00
2.999848285668362369e+00
2.999850922140295584e+00
2.999853558617286531e+00
2.999856195099332989e+00
2.999858831586435848e+00
2.999861468078595994e+00
2.999864104575812096e+00
2.999866741078084598e+00
2.999869377585413055e+00
2.999872014097798800e+00
2.999874650615240945e+00
2.999877287137738602e+00
2.999879923665293990e+00
2.999882560197904446e+00
2.999885196735572634e+00
2.999887833278296778e+00
2.999890469826077322e+00
2.999893106378914265e+00
2.999895742936807608e+00
2.999898379499759127e+00
2.999901016067766157e+00
2.999903652640830476e+00
2.999906289218949862e+00
2.999908925802126536e+00
2.999911562390359610e+00
2.999914198983650415e+00
2.999916835581997621e+00
2.999919472185400782e+00
2.999922108793860343e+00
2.999924745407378079e+00
2.999927382025950884e+00
2.999930018649581864e+00
2.999932655278268800e+00
2.999935291912011248e+00
2.999937928550813648e+00
2.999940565194670228e+00
2.999943201843584539e+00
2.999945838497555695e+00
2.999948475156583694e+00
2.999951111820667649e+00
2.999953748489809335e+00
2.999956385164007866e+00
2.999959021843262796e+00
2.999961658527575459e+00
2.999964295216944077e+00
2.999966931911369539e+00
2.999969568610852289e+00
2.999972205315391882e+00
2.999974842024988320e+00
2.999977478739642045e+00
2.999980115459352614e+00
2.999982752184120915e+00
2.999985388913944284e+00
2.999988025648826717e+00
2.999990662388765106e+00
2.999993299133761671e+00
2.999995935883814191e+00
2.999998572638923111e+00
3.000001209399090207e+00
3.000003846164313703e+00
3.000006482934595820e+00
3.000009119709933447e+00
3.000011756490327919e+00
3.000014393275781899e+00
3.000017030066289614e+00
3.000019666861857726e+00
3.000022303662480905e+00
3.000024940468162260e+00
3.000027577278900903e+00
3.000030214094696390e+00
3.000032850915549609e+00
3.000035487741458340e+00
3.000038124572427023e+00
3.000040761408450329e+00
3.000043398249532256e+00
3.000046035095672359e+00
3.000048671946867529e+00
3.000051308803122208e+00
3.000053945664432842e+00
3.000056582530800320e+00
3.000059219402227306e+00
3.000061856278709804e+00
3.000064493160251811e+00
3.000067130046848440e+00
3.000069766938504578e+00
3.000072403835216672e+00
3.000075040736986942e+00
3.000077677643815388e+00
3.000080314555700234e+00
3.000082951472642812e+00
3.000085588394643121e+00
3.000088225321700275e+00
3.000090862253816049e+00
3.000093499190988222e+00
3.000096136133219016e+00
3.000098773080506209e+00
3.000101410032851135e+00
3.000104046990254680e+00
3.000106683952714626e+00
3.000109320920232747e+00
3.000111957892809045e+00
3.000114594870442186e+00
3.000117231853132616e+00
3.000119868840882109e+00
3.000122505833688447e+00
3.000125142831552072e+00
3.000127779834473873e+00
3.000130416842453851e+00
3.000133053855490228e+00
3.000135690873586114e+00
3.000138327896737955e+00
3.000140964924948417e+00
3.000143601958217054e+00
3.000146238996542980e+00
3.000148876039926638e+00
3.000151513088367583e+00
3.000154150141868037e+00
3.000156787200424002e+00
3.000159424264040808e+00
3.000162061332713126e+00
3.000164698406443620e+00
3.000167335485232734e+00
3.000169972569079579e+00
3.000172609657983713e+00
3.000175246751946911e+00
3.000177883850966509e+00
3.000180520955045171e+00
3.000183158064180677e+00
3.000185795178376136e+00
3.000188432297627550e+00
3.000191069421938028e+00
3.000193706551306683e+00
3.000196343685732625e+00
3.000198980825217188e+00
3.000201617969759926e+00
3.000204255119360397e+00
3.000206892274019044e+00
3.000209529433735867e+00
3.000212166598510866e+00
3.000214803768343597e+00
3.000217440943234948e+00
3.000220078123184031e+00
3.000222715308190846e+00
3.000225352498257170e+00
3.000227989693381225e+00
3.000230626893563013e+00
3.000233264098803421e+00
3.000235901309102005e+00
3.000238538524458765e+00
3.000241175744873257e+00
3.000243812970346813e+00
3.000246450200877657e+00
3.000249087436468454e+00
3.000251724677115650e+00
3.000254361922821467e+00
3.000256999173587236e+00
3.000259636429409404e+00
3.000262273690291970e+00
3.000264910956231379e+00
3.000267548227230296e+00
3.000270185503286058e+00
3.000272822784400439e+00
3.000275460070575217e+00
3.000278097361806395e+00
3.000280734658096193e+00
3.000283371959445500e+00
3.000286009265852094e+00
3.000288646577318641e+00
3.000291283893842031e+00
3.000293921215426263e+00
3.000296558542066450e+00
3.000299195873766145e+00
3.000301833210524460e+00
3.000304470552341396e+00
3.000307107899217396e+00
3.000309745251151572e+00
3.000312382608144368e+00
3.000315019970194896e+00
3.000317657337304933e+00
3.000320294709473590e+00
3.000322932086700867e+00
3.000325569468987208e+00
3.000328206856330837e+00
3.000330844248733531e+00
3.000333481646197065e+00
3.000336119048716998e+00
3.000338756456297329e+00
3.000341393868934947e+00
3.000344031286631630e+00
3.000346668709387821e+00
3.000349306137202188e+00
3.000351943570075619e+00
3.000354581008007226e+00
3.000357218450999230e+00
3.000359855899047634e+00
3.000362493352156434e+00
3.000365130810323855e+00
3.000367768273549451e+00
3.000370405741835445e+00
3.000373043215179614e+00
3.000375680693581515e+00
3.000378318177044257e+00
3.000380955665565619e+00
3.000383593159146045e+00
3.000386230657784203e+00
3.000388868161482758e+00
3.000391505670238601e+00
3.000394143184054840e+00
3.000396780702929700e+00
3.000399418226863180e+00
3.000402055755855724e+00
3.000404693289907332e+00
3.000407330829018449e+00
3.000409968373188629e+00
3.000412605922417875e+00
3.000415243476707072e+00
3.000417881036054002e+00
3.000420518600459552e+00
3.000423156169925942e+00
3.000425793744450953e+00
3.000428431324035028e+00
3.000431068908678611e+00
3.000433706498380815e+00
3.000436344093142527e+00
3.000438981692962859e+00
3.000441619297842699e+00
3.000444256907782048e+00
3.000446894522781349e+00
3.000449532142838827e+00
3.000452169767955368e+00
3.000454807398132306e+00
3.000457445033367865e+00
3.000460082673663376e+00
3.000462720319017951e+00
3.000465357969431590e+00
3.000467995624904738e+00
3.000470633285436062e+00
3.000473270951029114e+00
3.000475908621680343e+00
3.000478546297390636e+00
3.000481183978161326e+00
3.000483821663990636e+00
3.000486459354879898e+00
3.000489097050828224e+00
3.000491734751836503e+00
3.000494372457903847e+00
3.000497010169030698e+00
3.000499647885217502e+00
3.000502285606463371e+00
3.000504923332769636e+00
3.000507561064134521e+00
3.000510198800558914e+00
3.000512836542044148e+00
3.000515474288588003e+00
3.000518112040191365e+00
3.000520749796854236e+00
3.000523387558577504e+00
3.000526025325358948e+00
3.000528663097201232e+00
3.000531300874103469e+00
3.000533938656064326e+00
3.000536576443086911e+00
3.000539214235167673e+00
3.000541852032307499e+00
3.000544489834508166e+00
3.000547127641768341e+00
3.000549765454088469e+00
3.000552403271467661e+00
3.000555041093908137e+00
3.000557678921406790e+00
3.000560316753964951e+00
3.000562954591585285e+00
3.000565592434262907e+00
3.000568230282002258e+00
3.000570868134800673e+00
3.000573505992659040e+00
3.000576143855577360e+00
3.000578781723555633e+00
3.000581419596594301e+00
3.000584057474691591e+00
3.000586695357850608e+00
3.000589333246067802e+00
3.000591971139345393e+00
3.000594609037683824e+00
3.000597246941081764e+00
3.000599884849539212e+00
3.000602522763057944e+00
3.000605160681635297e+00
3.000607798605273935e+00
3.000610436533972081e+00
3.000613074467730179e+00
3.000615712406548230e+00
3.000618350350426233e+00
3.000620988299365965e+00
3.000623626253363430e+00
3.000626264212422623e+00
3.000628902176541768e+00
3.000631540145721310e+00
3.000634178119960360e+00
3.000636816099259363e+00
3.000639454083620095e+00
3.000642092073038558e+00
3.000644730067519639e+00
3.000647368067059784e+00
3.000650006071659881e+00
3.000652644081321707e+00
3.000655282096042153e+00
3.000657920115823885e+00
3.000660558140666012e+00
3.000663196170568092e+00
3.000665834205530569e+00
3.000668472245553442e+00
3.000671110290636712e+00
3.000673748340780378e+00
3.000676386395985329e+00
3.000679024456248900e+00
3.000681662521572868e+00
3.000684300591959452e+00
3.000686938667403769e+00
3.000689576747910703e+00
3.000692214833477145e+00
3.000694852924103539e+00
3.000697491019791219e+00
3.000700129120539739e+00
3.000702767226347767e+00
3.000705405337217080e+00
3.000708043453147233e+00
3.000710681574137784e+00
3.000713319700187398e+00
3.000715957831298741e+00
3.000718595967471813e+00
3.000721234108703950e+00
3.000723872254996927e+00
3.000726510406350300e+00
3.000729148562764959e+00
3.000731786724240457e+00
3.000734424890776797e+00
3.000737063062372201e+00
3.000739701239029777e+00
3.000742339420748195e+00
3.000744977607526565e+00
3.000747615799365775e+00
3.000750253996265826e+00
3.000752892198227162e+00
3.000755530405248006e+00
3.000758168617330579e+00
3.000760806834473993e+00
3.000763445056677803e+00
3.000766083283943342e+00
3.000768721516268389e+00
3.000771359753654721e+00
3.000773997996102338e+00
3.000776636243610795e+00
3.000779274496180093e+00
3.000781912753809788e+00
3.000784551016501212e+00
3.000787189284253476e+00
3.000789827557065248e+00
3.000792465834940081e+00
3.000795104117874867e+00
3.000797742405870938e+00
3.000800380698926961e+00
3.000803018997045157e+00
3.000805657300224194e+00
3.000808295608464071e+00
3.000810933921765677e+00
3.000813572240127236e+00
3.000816210563550079e+00
3.000818848892034651e+00
3.000821487225578732e+00
3.000824125564186762e+00
3.000826763907853856e+00
3.000829402256582235e+00
3.000832040610372342e+00
3.000834678969222846e+00
3.000837317333135079e+00
3.000839955702108153e+00
3.000842594076143399e+00
3.000845232455238598e+00
3.000847870839395082e+00
3.000850509228613738e+00
3.000853147622892791e+00
3.000855786022234906e+00
3.000858424426636528e+00
3.000861062836098991e+00
3.000863701250624072e+00
3.000866339670209104e+00
3.000868978094858086e+00
3.000871616524565688e+00
3.000874254959336795e+00
3.000876893399167411e+00
3.000879531844059311e+00
3.000882170294014273e+00
3.000884808749029631e+00
3.000887447209106718e+00
3.000890085674245089e+00
3.000892724144444745e+00
3.000895362619706574e+00
3.000898001100029688e+00
3.000900639585414087e+00
3.000903278075859770e+00
3.000905916571366738e+00
3.000908555071935879e+00
3.000911193577565861e+00
3.000913832088258015e+00
3.000916470604011899e+00
3.000919109124827067e+00
3.000921747650703075e+00
3.000924386181640813e+00
3.000927024717641611e+00
3.000929663258702362e+00
3.000932301804827063e+00
3.000934940356010827e+00
3.000937578912256765e+00
3.000940217473566207e+00
3.000942856039935602e+00
3.000945494611367170e+00
3.000948133187860467e+00
3.000950771769415937e+00
3.000953410356032691e+00
3.000956048947710730e+00
3.000958687544451831e+00
3.000961326146252883e+00
3.000963964753117885e+00
3.000966603365043284e+00
3.000969241982029967e+00
3.000971880604079711e+00
3.000974519231190296e+00
3.000977157863364386e+00
3.000979796500599317e+00
3.000982435142895977e+00
3.000985073790255253e+00
3.000987712442675370e+00
3.000990351100158993e+00
3.000992989762703012e+00
3.000995628430309647e+00
3.000998267102977568e+00
3.001000905780708550e+00
3.001003544463501260e+00
3.001006183151355255e+00
3.001008821844271868e+00
3.001011460542250209e+00
3.001014099245290723e+00
3.001016737953393854e+00
3.001019376666557825e+00
3.001022015384785746e+00
3.001024654108074508e+00
3.001027292836425442e+00
3.001029931569838105e+00
3.001032570308313385e+00
3.001035209051850394e+00
3.001037847800450020e+00
3.001040486554112263e+00
3.001043125312835347e+00
3.001045764076621492e+00
3.001048402845470697e+00
3.001051041619380744e+00
3.001053680398353851e+00
3.001056319182388687e+00
3.001058957971485697e+00
3.001061596765645767e+00
3.001064235564867122e+00
3.001066874369152426e+00
3.001069513178498127e+00
3.001072151992907333e+00
3.001074790812378712e+00
3.001077429636911376e+00
3.001080068466508433e+00
3.001082707301166330e+00
3.001085346140886845e+00
3.001087984985670420e+00
3.001090623835515281e+00
3.001093262690423646e+00
3.001095901550394185e+00
3.001098540415427340e+00
3.001101179285522225e+00
3.001103818160680170e+00
3.001106457040900288e+00
3.001109095926183024e+00
3.001111734816529708e+00
3.001114373711936789e+00
3.001117012612407819e+00
3.001119651517940579e+00
3.001122290428535955e+00
3.001124929344193948e+00
3.001127568264914114e+00
3.001130207190698229e+00
3.001132846121544073e+00
3.001135485057452090e+00
3.001138123998424057e+00
3.001140762944457752e+00
3.001143401895554952e+00
3.001146040851713881e+00
3.001148679812936315e+00
3.001151318779220478e+00
3.001153957750567702e+00
3.001156596726979320e+00
3.001159235708451334e+00
3.001161874694988185e+00
3.001164513686585877e+00
3.001167152683247075e+00
3.001169791684971777e+00
3.001172430691758652e+00
3.001175069703609033e+00
3.001177708720521586e+00
3.001180347742495869e+00
3.001182986769534988e+00
3.001185625801636725e+00
3.001188264838801079e+00
3.001190903881028049e+00
3.001193542928318525e+00
3.001196181980671174e+00
3.001198821038085995e+00
3.001201460100565210e+00
3.001204099168107930e+00
3.001206738240712824e+00
3.001209377318380334e+00
3.001212016401110905e+00
3.001214655488905425e+00
3.001217294581761674e+00
3.001219933679682761e+00
3.001222572782665132e+00
3.001225211890711897e+00
3.001227851003820835e+00
3.001230490121992833e+00
3.001233129245228781e+00
3.001235768373527346e+00
3.001238407506888972e+00
3.001241046645313659e+00
3.001243685788801852e+00
3.001246324937353549e+00
3.001248964090967863e+00
3.001251603249646127e+00
3.001254242413386120e+00
3.001256881582189617e+00
3.001259520756059285e+00
3.001262159934988016e+00
3.001264799118982918e+00
3.001267438308039992e+00
3.001270077502161460e+00
3.001272716701344656e+00
3.001275355905590914e+00
3.001277995114902009e+00
3.001280634329276165e+00
3.001283273548713382e+00
3.001285912773214104e+00
3.001288552002777887e+00
3.001291191237405620e+00
3.001293830477095526e+00
3.001296469721851157e+00
3.001299108971667629e+00
3.001301748226549382e+00
3.001304387486494640e+00
3.001307026751501184e+00
3.001309666021574341e+00
3.001312305296708338e+00
3.001314944576908061e+00
3.001317583862170402e+00
3.001320223152494915e+00
3.001322862447885154e+00
3.001325501748338009e+00
3.001328141053854814e+00
3.001330780364434681e+00
3.001333419680077608e+00
3.001336059000785816e+00
3.001338698326555754e+00
3.001341337657390973e+00
3.001343976993289253e+00
3.001346616334251038e+00
3.001349255680276329e+00
3.001351895031366013e+00
3.001354534387518758e+00
3.001357173748735452e+00
3.001359813115016539e+00
3.001362452486360688e+00
3.001365091862767898e+00
3.001367731244240833e+00
3.001370370630775941e+00
3.001373010022374999e+00
3.001375649419038893e+00
3.001378288820764961e+00
3.001380928227556311e+00
3.001383567639411165e+00
3.001386207056329969e+00
3.001388846478312278e+00
3.001391485905359868e+00
3.001394125337469188e+00
3.001396764774642456e+00
3.001399404216882338e+00
3.001402043664183505e+00
3.001404683116550398e+00
3.001407322573980352e+00
3.001409962036473367e+00
3.001412601504032107e+00
3.001415240976653465e+00
3.001417880454340548e+00
3.001420519937089804e+00
3.001423159424904341e+00
3.001425798917782828e+00
3.001428438415725264e+00
3.001431077918732093e+00
3.001433717426801984e+00
3.001436356939937600e+00
3.001438996458135833e+00
3.001441635981398903e+00
3.001444275509725923e+00
3.001446915043117336e+00
3.001449554581572698e+00
3.001452194125092454e+00
3.001454833673676159e+00
3.001457473227324702e+00
3.001460112786036305e+00
3.001462752349812746e+00
3.001465391918654024e+00
3.001468031492559696e+00
3.001470671071528873e+00
3.001473310655562443e+00
3.001475950244659963e+00
3.001478589838822320e+00
3.001481229438049958e+00
3.001483869042340213e+00
3.001486508651694862e+00
3.001489148266115237e+00
3.001491787885599116e+00
3.001494427510148277e+00
3.001497067139760944e+00
3.001499706774438003e+00
3.001502346414180344e+00
3.001504986058986191e+00
3.001507625708857319e+00
3.001510265363792396e+00
3.001512905023792754e+00
3.001515544688856174e+00
3.001518184358984875e+00
3.001520824034178414e+00
3.001523463714436346e+00
3.001526103399758671e+00
3.001528743090145390e+00
3.001531382785596946e+00
3.001534022486113340e+00
3.001536662191694127e+00
3.001539301902339307e+00
3.001541941618048881e+00
3.001544581338823292e+00
3.001547221064662985e+00
3.001549860795567071e+00
3.001552500531535550e+00
3.001555140272569311e+00
3.001557780018667909e+00
3.001560419769830013e+00
3.001563059526056954e+00
3.001565699287350508e+00
3.001568339053707124e+00
3.001570978825129021e+00
3.001573618601616200e+00
3.001576258383166884e+00
3.001578898169783294e+00
3.001581537961464097e+00
3.001584177758211514e+00
3.001586817560021103e+00
3.001589457366897751e+00
3.001592097178837903e+00
3.001594736995842894e+00
3.001597376817914054e+00
3.001600016645048719e+00
3.001602656477249109e+00
3.001605296314514337e+00
3.001607936156843959e+00
3.001610576004238862e+00
3.001613215856699490e+00
3.001615855714224956e+00
3.001618495576814816e+00
3.001621135444469513e+00
3.001623775317190379e+00
3.001626415194974751e+00
3.001629055077825736e+00
3.001631694965740671e+00
3.001634334858721775e+00
3.001636974756766385e+00
3.001639614659876720e+00
3.001642254568053669e+00
3.001644894481293679e+00
3.001647534399601192e+00
3.001650174322971321e+00
3.001652814251407175e+00
3.001655454184909644e+00
3.001658094123475617e+00
3.001660734067108649e+00
3.001663374015805186e+00
3.001666013969567892e+00
3.001668653928395436e+00
3.001671293892288706e+00
3.001673933861247257e+00
3.001676573835270645e+00
3.001679213814359759e+00
3.001681853798514599e+00
3.001684493787732499e+00
3.001687133782018790e+00
3.001689773781369031e+00
3.001692413785784996e+00
3.001695053795265800e+00
3.001697693809811884e+00
3.001700333829423695e+00
3.001702973854101231e+00
3.001705613883844936e+00
3.001708253918652147e+00
3.001710893958526416e+00
3.001713534003465078e+00
3.001716174053469910e+00
3.001718814108540023e+00
3.001721454168675418e+00
3.001724094233876983e+00
3.001726734304143385e+00
3.001729374379475512e+00
3.001732014459873810e+00
3.001734654545337388e+00
3.001737294635866249e+00
3.001739934731460835e+00
3.001742574832120258e+00
3.001745214937846740e+00
3.001747855048637614e+00
3.001750495164495991e+00
3.001753135285418761e+00
3.001755775411407701e+00
3.001758415542461478e+00
3.001761055678580981e+00
3.001763695819767541e+00
3.001766335966018051e+00
3.001768976117336507e+00
3.001771616273718912e+00
3.001774256435167043e+00
3.001776896601681788e+00
3.001779536773262702e+00
3.001782176949908454e+00
3.001784817131619487e+00
3.001787457318398911e+00
3.001790097510241395e+00
3.001792737707151382e+00
3.001795377909127094e+00
3.001798018116168087e+00
3.001800658328276139e+00
3.001803298545449028e+00
3.001805938767686754e+00
3.001808578994992427e+00
3.001811219227363381e+00
3.001813859464800949e+00
3.001816499707302910e+00
3.001819139954871485e+00
3.001821780207507562e+00
3.001824420465208032e+00
3.001827060727975560e+00
3.001829700995808370e+00
3.001832341268706905e+00
3.001834981546672054e+00
3.001837621829703373e+00
3.001840262117800417e+00
3.001842902410964076e+00
3.001845542709194348e+00
3.001848183012489457e+00
3.001850823320850736e+00
3.001853463634279962e+00
3.001856103952773580e+00
3.001858744276333812e+00
3.001861384604961103e+00
3.001864024938653230e+00
3.001866665277412416e+00
3.001869305621238215e+00
3.001871945970129740e+00
3.001874586324086991e+00
3.001877226683111743e+00
3.001879867047201778e+00
3.001882507416358425e+00
3.001885147790581687e+00
3.001887788169870674e+00
3.001890428554227164e+00
3.001893068943648490e+00
3.001895709338137319e+00
3.001898349737692762e+00
3.001900990142313042e+00
3.001903630552001268e+00
3.001906270966754775e+00
3.001908911386576229e+00
3.001911551811462964e+00
3.001914192241415869e+00
3.001916832676436275e+00
3.001919473116522408e+00
3.001922113561675598e+00
3.001924754011894070e+00
3.001927394467180932e+00
3.001930034927532631e+00
3.001932675392951388e+00
3.001935315863438092e+00
3.001937956338989633e+00
3.001940596819607787e+00
3.001943237305294332e+00
3.001945877796046158e+00
3.001948518291864598e+00
3.001951158792749652e+00
3.001953799298702652e+00
3.001956439809720045e+00
3.001959080325805829e+00
3.001961720846958226e+00
3.001964361373175905e+00
3.001967001904462862e+00
3.001969642440814212e+00
3.001972282982232620e+00
3.001974923528718531e+00
3.001977564080271055e+00
3.001980204636889749e+00
3.001982845198576388e+00
3.001985485765328754e+00
3.001988126337148621e+00
3.001990766914035103e+00
3.001993407495988642e+00
3.001996048083008350e+00
3.001998688675096005e+00
3.002001329272249830e+00
3.002003969874470268e+00
3.002006610481759097e+00
3.002009251094113207e+00
3.002011891711535263e+00
3.002014532334023489e+00
3.002017172961578773e+00
3.002019813594202002e+00
3.002022454231890958e+00
3.002025094874647859e+00
3.002027735522471374e+00
3.002030376175361948e+00
3.002033016833320467e+00
3.002035657496344712e+00
3.002038298164436902e+00
3.002040938837595707e+00
3.002043579515821570e+00
3.002046220199114490e+00
3.002048860887474024e+00
3.002051501580902837e+00
3.002054142279396931e+00
3.002056782982958971e+00
3.002059423691587181e+00
3.002062064405282893e+00
3.002064705124046995e+00
3.002067345847876378e+00
3.002069986576775040e+00
3.002072627310739872e+00
3.002075268049772649e+00
3.002077908793871597e+00
3.002080549543038046e+00
3.002083190297271997e+00
3.002085831056573006e+00
3.002088471820941962e+00
3.002091112590378419e+00
3.002093753364880602e+00
3.002096394144452507e+00
3.002099034929090582e+00
3.002101675718796159e+00
3.002104316513568349e+00
3.002106957313408930e+00
3.002109598118316569e+00
3.002112238928290822e+00
3.002114879743334797e+00
3.002117520563444053e+00
3.002120161388622144e+00
3.002122802218867736e+00
3.002125443054179055e+00
3.002128083894558763e+00
3.002130724740006418e+00
3.002133365590522462e+00
3.002136006446104233e+00
3.002138647306754393e+00
3.002141288172472500e+00
3.002143929043258108e+00
3.002146569919111219e+00
3.002149210800031387e+00
3.002151851686019945e+00
3.002154492577075118e+00
3.002157133473198236e+00
3.002159774374390633e+00
3.002162415280649199e+00
3.002165056191976156e+00
3.002167697108369726e+00
