1.000000000000000222e+00
1.000000069939403824e+00
1.000000139878832295e+00
1.000000209818285857e+00
1.000000279757764288e+00
1.000000349697267588e+00
1.000000419636795979e+00
1.000000489576349239e+00
1.000000559515927367e+00
1.000000629455530365e+00
1.000000699395158454e+00
1.000000769334811412e+00
1.000000839274489461e+00
1.000000909214192379e+00
1.000000979153920166e+00
1.000001049093672822e+00
1.000001119033450570e+00
1.000001188973253186e+00
1.000001258913080671e+00
1.000001328852933025e+00
1.000001398792810692e+00
1.000001468732713006e+00
1.000001538672640189e+00
1.000001608612592685e+00
1.000001678552569828e+00
1.000001748492572062e+00
1.000001818432598943e+00
1.000001888372651138e+00
1.000001958312728201e+00
1.000002028252829911e+00
1.000002098192956712e+00
1.000002168133108604e+00
1.000002238073285366e+00
1.000002308013487218e+00
1.000002377953713717e+00
1.000002447893965307e+00
1.000002517834241766e+00
1.000002587774543317e+00
1.000002657714869514e+00
1.000002727655220802e+00
1.000002797595597182e+00
1.000002867535998430e+00
1.000002937476424547e+00
1.000003007416875311e+00
1.000003077357351611e+00
1.000003147297852557e+00
1.000003217238378372e+00
1.000003287178928835e+00
1.000003357119504610e+00
1.000003427060105698e+00
1.000003497000731212e+00
1.000003566941381594e+00
1.000003636882057290e+00
1.000003706822757854e+00
1.000003776763483287e+00
1.000003846704233590e+00
1.000003916645008761e+00
1.000003986585809024e+00
1.000004056526634155e+00
1.000004126467484378e+00
1.000004196408359469e+00
1.000004266349259430e+00
1.000004336290184259e+00
1.000004406231133958e+00
1.000004476172108969e+00
1.000004546113108850e+00
1.000004616054133377e+00
1.000004685995182996e+00
1.000004755936257483e+00
1.000004825877357062e+00
1.000004895818481510e+00
1.000004965759631048e+00
1.000005035700805456e+00
1.000005105642004732e+00
1.000005175583228878e+00
1.000005245524477893e+00
1.000005315465751998e+00
1.000005385407050751e+00
1.000005455348374817e+00
1.000005525289723751e+00
1.000005595231097555e+00
1.000005665172496450e+00
1.000005735113919991e+00
1.000005805055368846e+00
1.000005874996842570e+00
1.000005944938341162e+00
1.000006014879864402e+00
1.000006084821412955e+00
1.000006154762986377e+00
1.000006224704584890e+00
1.000006294646207827e+00
1.000006364587856078e+00
1.000006434529529420e+00
1.000006504471227409e+00
1.000006574412950267e+00
1.000006644354698437e+00
1.000006714296471255e+00
1.000006784238269164e+00
1.000006854180091720e+00
1.000006924121939589e+00
1.000006994063812105e+00
1.000007064005709934e+00
1.000007133947632409e+00
1.000007203889579976e+00
1.000007273831552412e+00
1.000007343773549939e+00
1.000007413715571891e+00
1.000007483657619378e+00
1.000007553599691290e+00
1.000007623541788293e+00
1.000007693483910387e+00
1.000007763426057572e+00
1.000007833368229404e+00
1.000007903310426327e+00
1.000007973252648119e+00
1.000008043194894780e+00
1.000008113137166754e+00
1.000008183079463375e+00
1.000008253021784865e+00
1.000008322964131446e+00
1.000008392906502896e+00
1.000008462848899438e+00
1.000008532791320626e+00
1.000008602733766905e+00
1.000008672676238053e+00
1.000008742618734514e+00
1.000008812561255622e+00
1.000008882503801821e+00
1.000008952446372668e+00
1.000009022388968605e+00
1.000009092331589411e+00
1.000009162274235308e+00
1.000009232216906074e+00
1.000009302159601932e+00
1.000009372102322436e+00
1.000009442045067809e+00
1.000009511987838495e+00
1.000009581930634051e+00
1.000009651873454475e+00
1.000009721816299768e+00
1.000009791759169930e+00
1.000009861702065184e+00
1.000009931644985306e+00
1.000010001587930519e+00
1.000010071530900602e+00
1.000010141473895553e+00
1.000010211416915373e+00
1.000010281359960285e+00
1.000010351303030287e+00
1.000010421246124936e+00
1.000010491189244677e+00
1.000010561132389286e+00
1.000010631075558987e+00
1.000010701018753556e+00
1.000010770961972995e+00
1.000010840905217302e+00
1.000010910848486700e+00
1.000010980791780968e+00
1.000011050735100104e+00
1.000011120678444554e+00
1.000011190621813428e+00
1.000011260565207616e+00
1.000011330508626450e+00
1.000011400452070598e+00
1.000011470395539614e+00
1.000011540339033278e+00
1.000011610282551811e+00
1.000011680226095878e+00
1.000011750169664371e+00
1.000011820113257954e+00
1.000011890056876407e+00
1.000011960000519728e+00
1.000012029944188363e+00
1.000012099887881867e+00
1.000012169831599795e+00
1.000012239775343259e+00
1.000012309719111370e+00
1.000012379662904571e+00
1.000012449606722642e+00
1.000012519550565582e+00
1.000012589494433612e+00
1.000012659438326512e+00
1.000012729382244281e+00
1.000012799326187141e+00
1.000012869270154647e+00
1.000012939214147467e+00
1.000013009158164934e+00
1.000013079102207492e+00
1.000013149046274918e+00
1.000013218990367658e+00
1.000013288934484823e+00
1.000013358878627079e+00
1.000013428822794426e+00
1.000013498766986642e+00
1.000013568711203726e+00
1.000013638655445902e+00
1.000013708599712947e+00
1.000013778544004861e+00
1.000013848488321644e+00
1.000013918432663518e+00
1.000013988377030039e+00
1.000014058321421651e+00
1.000014128265838353e+00
1.000014198210280147e+00
1.000014268154746810e+00
1.000014338099238120e+00
1.000014408043754521e+00
1.000014477988296013e+00
1.000014547932862374e+00
1.000014617877453382e+00
1.000014687822069703e+00
1.000014757766710893e+00
1.000014827711376952e+00
1.000014897656067880e+00
1.000014967600783899e+00
1.000015037545525010e+00
1.000015107490290767e+00
1.000015177435081393e+00
1.000015247379897110e+00
1.000015317324737918e+00
1.000015387269603595e+00
1.000015457214494141e+00
1.000015527159409778e+00
1.000015597104350062e+00
1.000015667049315660e+00
1.000015736994305682e+00
1.000015806939321017e+00
1.000015876884361221e+00
1.000015946829426294e+00
1.000016016774516459e+00
1.000016086719631492e+00
1.000016156664771616e+00
1.000016226609936387e+00
1.000016296555126250e+00
1.000016366500340981e+00
1.000016436445580803e+00
1.000016506390845494e+00
1.000016576336135055e+00
1.000016646281449484e+00
1.000016716226789226e+00
1.000016786172153616e+00
1.000016856117542874e+00
1.000016926062957445e+00
1.000016996008396886e+00
1.000017065953860751e+00
1.000017135899349929e+00
1.000017205844864199e+00
1.000017275790403337e+00
1.000017345735967345e+00
1.000017415681556221e+00
1.000017485627170188e+00
1.000017555572809025e+00
1.000017625518472730e+00
1.000017695464161305e+00
1.000017765409875192e+00
1.000017835355613727e+00
1.000017905301377352e+00
1.000017975247165625e+00
1.000018045192979210e+00
1.000018115138817443e+00
1.000018185084680766e+00
1.000018255030568959e+00
1.000018324976482020e+00
1.000018394922420173e+00
1.000018464868383417e+00
1.000018534814371307e+00
1.000018604760384289e+00
1.000018674706422139e+00
1.000018744652485081e+00
1.000018814598572670e+00
1.000018884544685571e+00
1.000018954490823120e+00
1.000019024436985982e+00
1.000019094383173268e+00
1.000019164329385868e+00
1.000019234275623337e+00
1.000019304221885896e+00
1.000019374168173103e+00
1.000019444114485401e+00
1.000019514060822567e+00
1.000019584007184825e+00
1.000019653953571952e+00
1.000019723899983948e+00
1.000019793846421035e+00
1.000019863792882990e+00
1.000019933739369593e+00
1.000020003685881731e+00
1.000020073632418516e+00
1.000020143578980170e+00
1.000020213525566692e+00
1.000020283472178306e+00
1.000020353418814789e+00
1.000020423365476141e+00
1.000020493312162584e+00
1.000020563258873896e+00
1.000020633205610299e+00
1.000020703152371349e+00
1.000020773099157489e+00
1.000020843045968721e+00
1.000020912992805044e+00
1.000020982939666014e+00
1.000021052886551631e+00
1.000021122833462783e+00
1.000021192780398582e+00
1.000021262727359472e+00
1.000021332674345009e+00
1.000021402621355859e+00
1.000021472568391356e+00
1.000021542515452166e+00
1.000021612462537401e+00
1.000021682409647950e+00
1.000021752356783367e+00
1.000021822303943653e+00
1.000021892251128808e+00
1.000021962198339276e+00
1.000022032145574391e+00
1.000022102092834375e+00
1.000022172040119450e+00
1.000022241987429394e+00
1.000022311934764430e+00
1.000022381882124334e+00
1.000022451829509107e+00
1.000022521776918749e+00
1.000022591724353482e+00
1.000022661671813085e+00
1.000022731619297556e+00
1.000022801566807340e+00
1.000022871514341771e+00
1.000022941461901294e+00
1.000023011409485685e+00
1.000023081357094723e+00
1.000023151304729074e+00
1.000023221252388295e+00
1.000023291200072606e+00
1.000023361147781564e+00
1.000023431095515614e+00
1.000023501043274532e+00
1.000023570991058541e+00
1.000023640938867420e+00
1.000023710886700945e+00
1.000023780834559783e+00
1.000023850782443491e+00
1.000023920730352289e+00
1.000023990678285735e+00
1.000024060626244271e+00
1.000024130574227677e+00
1.000024200522236173e+00
1.000024270470269760e+00
1.000024340418327773e+00
1.000024410366411098e+00
1.000024480314519293e+00
1.000024550262652356e+00
1.000024620210810511e+00
1.000024690158993312e+00
1.000024760107201205e+00
1.000024830055434188e+00
1.000024900003692041e+00
1.000024969951974763e+00
1.000025039900282353e+00
1.000025109848615257e+00
1.000025179796972807e+00
1.000025249745355227e+00
1.000025319693762738e+00
1.000025389642195339e+00
1.000025459590652810e+00
1.000025529539134928e+00
1.000025599487642136e+00
1.000025669436174658e+00
1.000025739384731605e+00
1.000025809333313864e+00
1.000025879281920771e+00
1.000025949230552991e+00
1.000026019179209857e+00
1.000026089127891593e+00
1.000026159076598642e+00
1.000026229025330338e+00
1.000026298974087124e+00
1.000026368922868780e+00
1.000026438871675527e+00
1.000026508820506921e+00
1.000026578769363406e+00
1.000026648718244759e+00
1.000026718667151204e+00
1.000026788616082518e+00
1.000026858565038479e+00
1.000026928514019753e+00
1.000026998463025896e+00
1.000027068412056908e+00
1.000027138361113233e+00
1.000027208310194204e+00
1.000027278259300045e+00
1.000027348208430977e+00
1.000027418157586778e+00
1.000027488106767448e+00
1.000027558055973209e+00
1.000027628005203839e+00
1.000027697954459560e+00
1.000027767903740150e+00
1.000027837853045609e+00
1.000027907802375937e+00
1.000027977751731356e+00
1.000028047701111644e+00
1.000028117650516801e+00
1.000028187599947271e+00
1.000028257549402166e+00
1.000028327498882375e+00
1.000028397448387452e+00
1.000028467397917398e+00
1.000028537347472435e+00
1.000028607297052119e+00
1.000028677246657116e+00
1.000028747196286760e+00
1.000028817145941495e+00
1.000028887095621100e+00
1.000028957045325795e+00
1.000029026995055137e+00
1.000029096944809570e+00
1.000029166894588872e+00
1.000029236844393488e+00
1.000029306794222750e+00
1.000029376744076881e+00
1.000029446693956103e+00
1.000029516643860417e+00
1.000029586593789377e+00
1.000029656543743428e+00
1.000029726493722348e+00
1.000029796443726360e+00
1.000029866393755240e+00
1.000029936343808989e+00
1.000030006293887608e+00
1.000030076243991539e+00
1.000030146194120118e+00
1.000030216144273787e+00
1.000030286094452103e+00
1.000030356044655733e+00
1.000030425994884231e+00
1.000030495945137599e+00
1.000030565895415835e+00
1.000030635845719162e+00
1.000030705796047359e+00
1.000030775746400424e+00
1.000030845696778581e+00
1.000030915647181606e+00
1.000030985597609723e+00
1.000031055548062486e+00
1.000031125498540341e+00
1.000031195449043064e+00
1.000031265399570879e+00
1.000031335350123562e+00
1.000031405300701115e+00
1.000031475251303981e+00
1.000031545201931271e+00
1.000031615152583653e+00
1.000031685103261125e+00
1.000031755053963689e+00
1.000031825004691122e+00
1.000031894955443201e+00
1.000031964906220372e+00
1.000032034857022634e+00
1.000032104807849542e+00
1.000032174758701542e+00
1.000032244709578855e+00
1.000032314660480592e+00
1.000032384611407643e+00
1.000032454562359341e+00
1.000032524513336130e+00
1.000032594464337787e+00
1.000032664415364314e+00
1.000032734366416154e+00
1.000032804317492641e+00
1.000032874268594218e+00
1.000032944219720665e+00
1.000033014170871759e+00
1.000033084122048388e+00
1.000033154073249664e+00
1.000033224024475809e+00
1.000033293975726822e+00
1.000033363927002927e+00
1.000033433878303901e+00
1.000033503829629966e+00
1.000033573780980900e+00
1.000033643732356703e+00
1.000033713683757597e+00
1.000033783635183360e+00
1.000033853586634214e+00
1.000033923538109937e+00
1.000033993489610529e+00
1.000034063441135990e+00
1.000034133392686320e+00
1.000034203344261963e+00
1.000034273295862475e+00
1.000034343247487634e+00
1.000034413199137884e+00
1.000034483150813225e+00
1.000034553102513435e+00
1.000034623054238514e+00
1.000034693005988462e+00
1.000034762957763501e+00
1.000034832909563631e+00
1.000034902861388408e+00
1.000034972813238277e+00
1.000035042765113014e+00
1.000035112717012842e+00
1.000035182668937761e+00
1.000035252620887105e+00
1.000035322572861762e+00
1.000035392524861289e+00
1.000035462476885462e+00
1.000035532428934948e+00
1.000035602381009303e+00
1.000035672333108749e+00
1.000035742285232843e+00
1.000035812237382027e+00
1.000035882189556080e+00
1.000035952141755446e+00
1.000036022093979460e+00
1.000036092046228120e+00
1.000036161998502315e+00
1.000036231950800936e+00
1.000036301903124869e+00
1.000036371855473671e+00
1.000036441807847343e+00
1.000036511760246105e+00
1.000036581712669737e+00
1.000036651665118015e+00
1.000036721617591606e+00
1.000036791570090067e+00
1.000036861522613396e+00
1.000036931475161595e+00
1.000037001427734884e+00
1.000037071380333265e+00
1.000037141332956514e+00
1.000037211285604410e+00
1.000037281238277620e+00
1.000037351190975476e+00
1.000037421143698424e+00
1.000037491096446240e+00
1.000037561049219148e+00
1.000037631002016925e+00
1.000037700954839570e+00
1.000037770907687307e+00
1.000037840860559690e+00
1.000037910813457387e+00
1.000037980766379953e+00
1.000038050719327387e+00
1.000038120672299913e+00
1.000038190625297307e+00
1.000038260578319349e+00
1.000038330531366704e+00
1.000038400484438927e+00
1.000038470437536020e+00
1.000038540390658204e+00
1.000038610343805034e+00
1.000038680296977178e+00
1.000038750250173969e+00
1.000038820203395851e+00
1.000038890156642601e+00
1.000038960109914443e+00
1.000039030063210932e+00
1.000039100016532734e+00
1.000039169969879405e+00
1.000039239923250944e+00
1.000039309876647353e+00
1.000039379830068853e+00
1.000039449783515000e+00
1.000039519736986460e+00
1.000039589690482789e+00
1.000039659644003986e+00
1.000039729597549831e+00
1.000039799551121211e+00
1.000039869504717238e+00
1.000039939458338134e+00
1.000040009411983899e+00
1.000040079365654977e+00
1.000040149319350702e+00
1.000040219273071740e+00
1.000040289226817203e+00
1.000040359180587979e+00
1.000040429134383624e+00
1.000040499088204138e+00
1.000040569042049521e+00
1.000040638995919995e+00
1.000040708949815560e+00
1.000040778903735994e+00
1.000040848857681075e+00
1.000040918811651469e+00
1.000040988765646510e+00
1.000041058719666864e+00
1.000041128673711865e+00
1.000041198627781736e+00
1.000041268581876919e+00
1.000041338535996749e+00
1.000041408490141448e+00
1.000041478444311460e+00
1.000041548398506341e+00
1.000041618352725870e+00
1.000041688306970489e+00
1.000041758261240199e+00
1.000041828215534778e+00
1.000041898169854004e+00
1.000041968124198544e+00
1.000042038078567730e+00
1.000042108032962229e+00
1.000042177987381598e+00
1.000042247941825613e+00
1.000042317896294719e+00
1.000042387850788916e+00
1.000042457805307983e+00
1.000042527759852140e+00
1.000042597714420944e+00
1.000042667669015062e+00
1.000042737623633826e+00
1.000042807578277682e+00
1.000042877532946406e+00
1.000042947487639999e+00
1.000043017442358684e+00
1.000043087397102237e+00
1.000043157351870882e+00
1.000043227306664173e+00
1.000043297261482778e+00
1.000043367216326029e+00
1.000043437171194372e+00
1.000043507126087805e+00
1.000043577081005663e+00
1.000043647035949057e+00
1.000043716990917098e+00
1.000043786945910229e+00
1.000043856900928230e+00
1.000043926855971099e+00
1.000043996811039060e+00
1.000044066766131667e+00
1.000044136721249588e+00
1.000044206676392378e+00
1.000044276631560036e+00
1.000044346586752564e+00
1.000044416541969960e+00
1.000044486497212670e+00
1.000044556452480249e+00
1.000044626407772697e+00
1.000044696363089791e+00
1.000044766318432199e+00
1.000044836273799476e+00
1.000044906229191621e+00
1.000044976184608858e+00
1.000045046140050964e+00
1.000045116095517939e+00
1.000045186051010004e+00
1.000045256006526717e+00
1.000045325962068743e+00
1.000045395917635638e+00
1.000045465873227624e+00
1.000045535828844034e+00
1.000045605784485758e+00
1.000045675740152573e+00
1.000045745695844035e+00
1.000045815651560588e+00
1.000045885607302010e+00
1.000045955563068301e+00
1.000046025518859905e+00
1.000046095474676155e+00
1.000046165430517275e+00
1.000046235386383486e+00
1.000046305342274566e+00
1.000046375298190515e+00
1.000046445254131777e+00
1.000046515210097686e+00
1.000046585166088686e+00
1.000046655122104555e+00
1.000046725078145293e+00
1.000046795034211122e+00
1.000046864990302042e+00
1.000046934946417387e+00
1.000047004902558268e+00
1.000047074858723795e+00
1.000047144814914191e+00
1.000047214771129456e+00
1.000047284727370256e+00
1.000047354683635481e+00
1.000047424639925797e+00
1.000047494596240982e+00
1.000047564552581258e+00
1.000047634508946404e+00
1.000047704465336640e+00
1.000047774421751523e+00
1.000047844378191497e+00
1.000047914334656562e+00
1.000047984291146497e+00
1.000048054247661078e+00
1.000048124204200972e+00
1.000048194160765735e+00
1.000048264117355368e+00
1.000048334073969869e+00
1.000048404030609461e+00
1.000048473987273923e+00
1.000048543943963475e+00
1.000048613900677674e+00
1.000048683857417187e+00
1.000048753814181568e+00
1.000048823770970818e+00
1.000048893727784938e+00
1.000048963684623926e+00
1.000049033641488228e+00
1.000049103598377398e+00
1.000049173555290993e+00
1.000049243512230346e+00
1.000049313469193901e+00
1.000049383426182992e+00
1.000049453383196507e+00
1.000049523340235336e+00
1.000049593297299033e+00
1.000049663254387600e+00
1.000049733211501257e+00
1.000049803168639784e+00
1.000049873125803401e+00
1.000049943082991888e+00
1.000050013040205021e+00
1.000050082997443468e+00
1.000050152954706784e+00
1.000050222911994968e+00
1.000050292869308022e+00
1.000050362826646166e+00
1.000050432784009180e+00
1.000050502741397063e+00
1.000050572698810036e+00
1.000050642656247879e+00
1.000050712613710813e+00
1.000050782571198615e+00
1.000050852528711287e+00
1.000050922486249050e+00
1.000050992443811682e+00
1.000051062401399182e+00
1.000051132359011774e+00
1.000051202316649235e+00
1.000051272274311565e+00
1.000051342231998985e+00
1.000051412189711497e+00
1.000051482147448656e+00
1.000051552105210906e+00
1.000051622062998247e+00
1.000051692020810012e+00
1.000051761978647091e+00
1.000051831936509261e+00
1.000051901894396300e+00
1.000051971852308208e+00
1.000052041810244985e+00
1.000052111768206853e+00
1.000052181726193590e+00
1.000052251684205418e+00
1.000052321642241893e+00
1.000052391600303459e+00
1.000052461558390338e+00
1.000052531516501642e+00
1.000052601474638037e+00
1.000052671432799301e+00
1.000052741390985656e+00
1.000052811349196880e+00
1.000052881307433195e+00
1.000052951265694379e+00
1.000053021223980432e+00
1.000053091182291576e+00
1.000053161140627811e+00
1.000053231098988693e+00
1.000053301057374666e+00
1.000053371015785286e+00
1.000053440974221441e+00
1.000053510932682022e+00
1.000053580891167915e+00
1.000053650849678455e+00
1.000053720808214086e+00
1.000053790766774808e+00
1.000053860725360177e+00
1.000053930683970638e+00
1.000054000642606189e+00
1.000054070601266387e+00
1.000054140559951898e+00
1.000054210518662057e+00
1.000054280477397306e+00
1.000054350436157424e+00
1.000054420394942634e+00
1.000054490353752490e+00
1.000054560312587437e+00
1.000054630271447476e+00
1.000054700230332383e+00
1.000054770189242159e+00
1.000054840148177027e+00
1.000054910107136541e+00
1.000054980066121590e+00
1.000055050025130843e+00
1.000055119984165408e+00
1.000055189943225065e+00
1.000055259902309812e+00
1.000055329861418985e+00
1.000055399820553470e+00
1.000055469779712825e+00
1.000055539738897048e+00
1.000055609698106363e+00
1.000055679657340546e+00
1.000055749616599821e+00
1.000055819575883742e+00
1.000055889535192977e+00
1.000055959494526636e+00
1.000056029453885831e+00
1.000056099413269672e+00
1.000056169372678383e+00
1.000056239332112185e+00
1.000056309291571077e+00
1.000056379251054617e+00
1.000056449210563247e+00
1.000056519170096747e+00
1.000056589129655338e+00
1.000056659089238797e+00
1.000056729048847126e+00
1.000056799008480546e+00
1.000056868968139057e+00
1.000056938927821992e+00
1.000057008887530019e+00
1.000057078847263359e+00
1.000057148807021568e+00
1.000057218766804423e+00
1.000057288726612592e+00
1.000057358686445630e+00
1.000057428646303315e+00
1.000057498606186313e+00
1.000057568566093957e+00
1.000057638526026915e+00
1.000057708485984520e+00
1.000057778445967216e+00
1.000057848405974781e+00
1.000057918366007437e+00
1.000057988326064962e+00
1.000058058286147356e+00
1.000058128246254840e+00
1.000058198206387194e+00
1.000058268166544639e+00
1.000058338126726731e+00
1.000058408086933914e+00
1.000058478047165966e+00
1.000058548007423109e+00
1.000058617967705121e+00
1.000058687928012224e+00
1.000058757888344196e+00
1.000058827848701037e+00
1.000058897809082747e+00
1.000058967769489549e+00
1.000059037729921441e+00
1.000059107690377980e+00
1.000059177650859388e+00
1.000059247611366109e+00
1.000059317571897699e+00
1.000059387532454380e+00
1.000059457493035708e+00
1.000059527453641905e+00
1.000059597414273416e+00
1.000059667374929795e+00
1.000059737335610821e+00
1.000059807296317160e+00
1.000059877257048147e+00
1.000059947217804224e+00
1.000060017178585392e+00
1.000060087139391429e+00
1.000060157100222336e+00
1.000060227061078111e+00
1.000061098542874838e+00
1.000062476707216375e+00
1.000063854881239500e+00
1.000065233064944437e+00
1.000066611258331406e+00
1.000067989461400630e+00
1.000069367674151666e+00
1.000070745896585178e+00
1.000072124128701168e+00
1.000073502370499412e+00
1.000074880621980133e+00
1.000076258883143332e+00
1.000077637153989230e+00
1.000079015434518270e+00
1.000080393724729788e+00
1.000081772024624449e+00
1.000083150334202253e+00
1.000084528653462979e+00
1.000085906982407069e+00
1.000087285321034525e+00
1.000088663669345568e+00
1.000090042027339532e+00
1.000091420395017527e+00
1.000092798772379110e+00
1.000094177159424502e+00
1.000095555556153704e+00
1.000096933962566936e+00
1.000098312378664200e+00
1.000099690804445718e+00
1.000101069239911267e+00
1.000102447685061291e+00
1.000103826139895569e+00
1.000105204604414544e+00
1.000106583078617994e+00
1.000107961562505920e+00
1.000109340056078766e+00
1.000110718559336531e+00
1.000112097072279438e+00
1.000113475594907486e+00
1.000114854127220454e+00
1.000116232669218563e+00
1.000117611220902036e+00
1.000118989782270873e+00
1.000120368353325295e+00
1.000122612520408572e+00
1.000124969138848741e+00
1.000127325785592491e+00
1.000129682460640490e+00
1.000132039163992737e+00
1.000134395895649897e+00
1.000136752655612637e+00
1.000139109443881402e+00
1.000141466260455969e+00
1.000143823105337892e+00
1.000146179978526728e+00
1.000148536880023586e+00
1.000150893809828467e+00
1.000153250767941815e+00
1.000155607754364295e+00
1.000157964769096131e+00
1.000160321812137987e+00
1.000162678883490308e+00
1.000165035983153761e+00
1.000167393111128344e+00
1.000169750267414281e+00
1.000172107452012904e+00
1.000174464664924212e+00
1.000176821906148428e+00
1.000179179175686439e+00
1.000181830650854309e+00
1.000185153199359522e+00
1.000188475804114407e+00
1.000191798465119852e+00
1.000195121182377633e+00
1.000198443955889083e+00
1.000201766785654867e+00
1.000205089671676761e+00
1.000208412613955877e+00
1.000211735612493102e+00
1.000215058667290435e+00
1.000218381778348764e+00
1.000221704945669199e+00
1.000225028169253516e+00
1.000228351449102382e+00
1.000231674785217573e+00
1.000234998177599977e+00
1.000238321626251148e+00
1.000241794797776640e+00
1.000246079740473082e+00
1.000250364776705592e+00
1.000254649906477056e+00
1.000258935129789917e+00
1.000263220446647061e+00
1.000267505857051153e+00
1.000271791361004636e+00
1.000276076958511062e+00
1.000280362649572208e+00
1.000284648434191181e+00
1.000288934312370648e+00
1.000293220284113715e+00
1.000297506349422383e+00
1.000301867873264028e+00
1.000307113980519080e+00
1.000312360227950226e+00
1.000317606615563015e+00
1.000322853143362556e+00
1.000328099811353733e+00
1.000333346619541430e+00
1.000338593567930756e+00
1.000343840656526595e+00
1.000349087885334054e+00
1.000354335254357796e+00
1.000359582763603372e+00
1.000365383824614263e+00
1.000371590853382342e+00
1.000377798078340374e+00
1.000384005499495910e+00
1.000390213116857607e+00
1.000396420930433683e+00
1.000402628940232130e+00
1.000408837146261831e+00
1.000415045548530335e+00
1.000421254147046524e+00
1.000428280735215170e+00
1.000435448738552502e+00
1.000442617003475476e+00
1.000449785529995417e+00
1.000456954318126090e+00
1.000464123367879932e+00
1.000471292679269375e+00
1.000478462252307743e+00
1.000486044020178600e+00
1.000494173066819759e+00
1.000502302449826075e+00
1.000510432169216202e+00
1.000518562225009012e+00
1.000526692617222269e+00
1.000534823345875290e+00
1.000542954410986507e+00
1.000603375432153053e+00
1.000663815031864301e+00
1.000724273217738824e+00
1.000784749997395640e+00
1.000845245378462645e+00
1.000905759368567738e+00
1.000966291975343259e+00
1.001026843206426209e+00
1.001087413069457588e+00
1.001148001572082835e+00
1.001208608721950055e+00
1.001269234526712681e+00
1.001329878994026590e+00
1.001390542131552985e+00
1.001451223946955515e+00
1.001511924447903157e+00
1.001572643642068439e+00
1.001633381537126999e+00
1.001694138140759582e+00
1.001754913460649599e+00
1.001815707504486230e+00
1.001876520279960436e+00
1.001937351794769171e+00
1.001998202056611609e+00
1.002059071073192031e+00
1.002119958852218495e+00
1.002180865401402388e+00
1.002241790728459536e+00
1.002302734841109766e+00
1.002363697747076898e+00
1.002424679454088974e+00
1.002485679969876919e+00
1.002546699302176547e+00
1.002607737458728110e+00
1.002668794447274081e+00
1.002729870275563151e+00
1.002790964951346009e+00
1.002852078482378895e+00
1.002913210876420935e+00
1.002974362141235698e+00
1.003035532284590525e+00
1.003096721314257422e+00
1.003157929238011503e+00
1.003219156063632544e+00
1.003280401798903654e+00
1.003341666451612824e+00
1.003402950029551155e+00
1.003464252540514634e+00
1.003525573992302578e+00
1.003586914392718521e+00
1.003648273749570219e+00
1.003709652070669422e+00
1.003771049363830992e+00
1.003832465636875337e+00
1.003893900897625979e+00
1.003955355153910656e+00
1.004016828413561102e+00
1.004078320684413272e+00
1.004139831974306674e+00
1.004201362291085253e+00
1.004262911642597178e+00
1.004324480036694389e+00
1.004386067481232381e+00
1.004447673984071976e+00
1.004509299553076662e+00
1.004570944196115034e+00
1.004632607921058796e+00
1.004694290735784978e+00
1.004755992648173502e+00
1.004817713666108947e+00
1.004879453797479449e+00
1.004941213050177806e+00
1.005002991432101256e+00
1.005064788951149701e+00
1.005126605615228597e+00
1.005188441432246060e+00
1.005250296410115984e+00
1.005312170556754703e+00
1.005374063880083213e+00
1.005435976388027397e+00
1.005497908088516024e+00
1.005559858989482525e+00
1.005621829098864994e+00
1.005683818424604414e+00
1.005745826974646651e+00
1.005807854756942232e+00
1.005869901779444131e+00
1.005931968050111092e+00
1.005994053576904967e+00
1.006056158367792275e+00
1.006118282430743305e+00
1.006180425773732123e+00
1.006242588404737681e+00
1.006304770331743148e+00
1.006366971562735024e+00
1.006429192105704473e+00
1.006491431968646655e+00
1.006553691159560726e+00
1.006615969686450285e+00
1.006678267557322926e+00
1.006740584780190906e+00
1.006802921363069148e+00
1.006865277313976126e+00
1.006927652640940973e+00
1.006990047351989270e+00
1.007052461455153036e+00
1.007114894958469398e+00
1.007177347869978812e+00
1.007239820197726177e+00
1.007302311949761497e+00
1.007364823134137222e+00
1.007427353758911348e+00
1.007489903832145428e+00
1.007552473361905676e+00
1.007615062356261859e+00
1.007677670823288407e+00
1.007740298771063525e+00
1.007802946207670081e+00
1.007865613141194050e+00
1.007928299579727627e+00
1.007991005531365225e+00
1.008053731004206366e+00
1.008116476006354789e+00
1.008179240545918010e+00
1.008242024631008649e+00
1.008304828269742437e+00
1.008367651470239768e+00
1.008430494240625030e+00
1.008493356589027945e+00
1.008556238523580895e+00
1.008619140052421370e+00
1.008682061183690859e+00
1.008745001925535512e+00
1.008807962286104365e+00
1.008870942273552673e+00
1.008933941896038355e+00
1.008996961161724215e+00
1.009060000078777053e+00
1.009123058655368554e+00
1.009186136899673958e+00
1.009249234819872498e+00
1.009312352424148740e+00
1.009375489720690577e+00
1.009438646717690125e+00
1.009501823423344824e+00
1.009565019845855005e+00
1.009628235993426104e+00
1.009691471874267998e+00
1.009754727496593674e+00
1.009818002868621889e+00
1.009881297998574956e+00
1.009944612894678739e+00
1.010007947565164876e+00
1.010071302018268113e+00
1.010134676262228304e+00
1.010198070305289075e+00
1.010261484155698053e+00
1.010324917821708191e+00
1.010388371311575550e+00
1.010451844633561747e+00
1.010515337795931501e+00
1.010578850806954643e+00
1.010642383674904776e+00
1.010705936408059946e+00
1.010769509014703083e+00
1.010833101503120890e+00
1.010896713881604070e+00
1.010960346158448431e+00
1.011023998341953556e+00
1.011087670440423913e+00
1.011151362462167524e+00
1.011215074415497295e+00
1.011278806308729905e+00
1.011342558150187587e+00
1.011406329948195459e+00
1.011470121711083969e+00
1.011533933447187339e+00
1.011597765164844454e+00
1.011661616872398417e+00
1.011725488578196774e+00
1.011789380290591511e+00
1.011853292017938610e+00
1.011917223768598939e+00
1.011981175550937362e+00
1.012045147373322740e+00
1.012109139244129485e+00
1.012173151171735785e+00
1.012237183164523380e+00
1.012301235230879115e+00
1.012365307379194723e+00
1.012429399617865489e+00
1.012493511955291581e+00
1.012557644399876944e+00
1.012621796960030851e+00
1.012685969644166128e+00
1.012750162460700487e+00
1.012814375418055635e+00
1.012878608524658386e+00
1.012942861788938886e+00
1.013007135219333055e+00
1.013071428824279918e+00
1.013135742612223611e+00
1.013200076591612708e+00
1.013264430770899782e+00
1.013328805158542290e+00
1.013393199763002128e+00
1.013457614592744971e+00
1.013522049656241597e+00
1.013586504961966783e+00
1.013650980518400191e+00
1.013715476334025922e+00
1.013779992417331854e+00
1.013844528776810749e+00
1.013909085420960032e+00
1.013973662358281125e+00
1.014038259597280334e+00
1.014102877146467963e+00
1.014167515014359422e+00
1.014232173209473675e+00
1.014296851740335459e+00
1.014361550615472174e+00
1.014426269843417661e+00
1.014491009432708646e+00
1.014555769391887186e+00
1.014620549729499333e+00
1.014685350454096469e+00
1.014750171574233306e+00
1.014815013098470331e+00
1.014879875035370693e+00
1.014944757393504204e+00
1.015009660181443563e+00
1.015074583407766351e+00
1.015139527081055482e+00
1.015204491209897419e+00
1.015269475802883070e+00
1.015334480868608447e+00
1.015399506415674002e+00
1.015464552452684410e+00
1.015529618988249227e+00
1.015594706030981786e+00
1.015659813589500748e+00
1.015724941672429216e+00
1.015790090288394287e+00
1.015855259446027947e+00
1.015920449153966842e+00
1.015985659420851839e+00
1.016050890255328465e+00
1.016116141666047357e+00
1.016181413661662480e+00
1.016246706250833354e+00
1.016312019442223713e+00
1.016377353244501958e+00
1.016442707666341150e+00
1.016508082716418127e+00
1.016573478403415720e+00
1.016638894736019871e+00
1.016704331722922072e+00
1.016769789372817145e+00
1.016835267694406797e+00
1.016900766696395397e+00
1.016966286387491980e+00
1.017031826776410908e+00
1.017097387871870984e+00
1.017162969682595008e+00
1.017228572217311111e+00
1.017294195484751640e+00
1.017359839493653384e+00
1.017425504252758239e+00
1.017491189770812321e+00
1.017556896056566629e+00
1.017622623118776160e+00
1.017688370966201683e+00
1.017754139607607300e+00
1.017819929051762218e+00
1.017885739307440751e+00
1.017951570383420989e+00
1.018017422288486795e+00
1.018083295031425139e+00
1.018149188621028989e+00
1.018215103066094862e+00
1.018281038375425274e+00
1.018346994557826068e+00
1.018412971622108421e+00
1.018478969577087279e+00
1.018544988431584031e+00
1.018611028194423174e+00
1.018677088874433867e+00
1.018743170480451044e+00
1.018809273021313633e+00
1.018875396505864561e+00
1.018941540942952750e+00
1.019007706341430897e+00
1.019073892710156581e+00
1.019140100057992049e+00
1.019206328393804872e+00
1.019272577726465734e+00
1.019338848064851755e+00
1.019405139417843609e+00
1.019471451794326855e+00
1.019537785203192604e+00
1.019604139653335517e+00
1.019670515153655588e+00
1.019736911713057248e+00
1.019803329340449594e+00
1.019869768044747049e+00
1.019936227834867593e+00
1.020002708719735418e+00
1.020069210708278051e+00
1.020135733809428569e+00
1.020202278032124266e+00
1.020268843385307767e+00
1.020335429877925915e+00
1.020402037518930216e+00
1.020468666317277728e+00
1.020535316281929283e+00
1.020601987421851042e+00
1.020668679746013607e+00
1.020735393263392243e+00
1.020802127982967766e+00
1.020868883913724767e+00
1.020935661064652944e+00
1.021002459444746879e+00
1.021069279063006041e+00
1.021136119928434338e+00
1.021202982050040342e+00
1.021269865436837954e+00
1.021336770097845292e+00
1.021403696042085807e+00
1.021470643278587165e+00
1.021537611816382585e+00
1.021604601664508616e+00
1.021671612832008691e+00
1.021738645327929129e+00
1.021805699161322023e+00
1.021872774341243906e+00
1.021939870876756418e+00
1.022006988776926084e+00
1.022074128050823649e+00
1.022141288707526519e+00
1.022208470756112764e+00
1.022275674205669560e+00
1.022342899065286748e+00
1.022410145344060162e+00
1.022477413051089190e+00
1.022544702195479438e+00
1.022612012786340063e+00
1.022679344832785997e+00
1.022746698343936611e+00
1.022814073328915496e+00
1.022881469796852461e+00
1.022948887756881087e+00
1.023016327218140287e+00
1.023083788189773635e+00
1.023151270680930480e+00
1.023218774700762612e+00
1.023286300258429371e+00
1.023353847363093649e+00
1.023421416023923225e+00
1.023489006250091204e+00
1.023556618050775580e+00
1.023624251435158117e+00
1.023691906412426800e+00
1.023759582991774275e+00
1.023827281182397853e+00
1.023895000993499504e+00
1.023962742434285866e+00
1.024030505513969569e+00
1.024098290241767462e+00
1.024166096626900835e+00
1.024233924678596752e+00
1.024301774406086940e+00
1.024369645818607566e+00
1.024437538925400126e+00
1.024505453735711447e+00
1.024573390258792349e+00
1.024641348503898763e+00
1.024709328480292836e+00
1.024777330197240044e+00
1.024845353664011194e+00
1.024913398889882643e+00
1.024981465884135412e+00
1.025049554656054740e+00
1.025117665214932083e+00
1.025185797570063118e+00
1.025253951730748181e+00
1.025322127706293607e+00
1.025390325506009281e+00
1.025458545139211308e+00
1.025526786615220232e+00
1.025595049943361481e+00
1.025663335132965814e+00
1.025731642193368431e+00
1.025799971133910304e+00
1.025868321963936403e+00
1.025936694692797690e+00
1.026005089329848907e+00
1.026073505884451231e+00
1.026141944365970060e+00
1.026210404783775454e+00
1.026278887147243024e+00
1.026347391465753711e+00
1.026415917748692452e+00
1.026484466005449736e+00
1.026553036245422046e+00
1.026621628478008308e+00
1.026690242712615220e+00
1.026758878958653254e+00
1.026827537225537768e+00
1.026896217522689447e+00
1.026964919859534087e+00
1.027033644245502808e+00
1.027102390690030731e+00
1.027171159202559192e+00
1.027239949792533524e+00
1.027308762469405279e+00
1.027377597242630003e+00
1.027446454121669017e+00
1.027515333115988083e+00
1.027584234235058958e+00
1.027653157488357394e+00
1.027722102885364919e+00
1.027791070435567944e+00
1.027860060148457766e+00
1.027929072033531233e+00
1.027998106100289855e+00
1.028067162358240250e+00
1.028136240816894142e+00
1.028205341485769031e+00
1.028274464374386410e+00
1.028343609492273547e+00
1.028412776848962595e+00
1.028481966453991259e+00
1.028551178316901682e+00
1.028620412447241339e+00
1.028689668854563255e+00
1.028758947548424674e+00
1.028828248538389278e+00
1.028897571834024749e+00
1.028966917444904094e+00
1.029036285380605875e+00
1.029105675650713758e+00
1.029175088264816074e+00
1.029244523232506259e+00
1.029313980563383968e+00
1.029383460267052630e+00
1.029452962353121892e+00
1.029522486831205841e+00
1.029592033710924115e+00
1.029661603001901460e+00
1.029731194713767506e+00
1.029800808856157879e+00
1.029870445438712201e+00
1.029940104471075868e+00
1.030009785962899826e+00
1.030079489923839464e+00
1.030149216363556386e+00
1.030218965291715527e+00
1.030288736717989595e+00
1.030358530652054405e+00
1.030428347103591769e+00
1.030498186082288381e+00
1.030568047597836934e+00
1.030637931659934337e+00
1.030707838278283495e+00
1.030777767462591976e+00
1.030847719222572900e+00
1.030917693567944493e+00
1.030987690508430088e+00
1.031057710053758569e+00
1.031127752213663706e+00
1.031197816997885264e+00
1.031267904416166559e+00
1.031338014478258014e+00
1.031408147193914493e+00
1.031478302572896188e+00
1.031548480624968400e+00
1.031618681359901757e+00
1.031688904787472438e+00
1.031759150917461287e+00
1.031829419759654920e+00
1.031899711323845503e+00
1.031970025619829201e+00
1.032040362657409061e+00
1.032110722446392570e+00
1.032181104996592547e+00
1.032251510317826915e+00
1.032321938419919372e+00
1.032392389312698500e+00
1.032462863005998432e+00
1.032533359509659077e+00
1.032603878833524114e+00
1.032674420987444108e+00
1.032744985981273844e+00
1.032815573824874988e+00
1.032886184528112539e+00
1.032956818100857932e+00
1.033027474552987934e+00
1.033098153894384641e+00
1.033168856134934366e+00
1.033239581284530528e+00
1.033310329353070989e+00
1.033381100350459159e+00
1.033451894286603112e+00
1.033522711171416919e+00
1.033593551014820422e+00
1.033664413826737905e+00
1.033735299617099423e+00
1.033806208395840587e+00
1.033877140172901665e+00
1.033948094958229591e+00
1.034019072761775071e+00
1.034090073593495696e+00
1.034161097463353274e+00
1.034232144381316054e+00
1.034303214357356504e+00
1.034374307401453530e+00
1.034445423523590701e+00
1.034516562733757139e+00
1.034587725041948181e+00
1.034658910458163161e+00
1.034730118992407855e+00
1.034801350654693142e+00
1.034872605455035455e+00
1.034943883403456333e+00
1.035015184509983088e+00
1.035086508784648363e+00
1.035157856237490126e+00
1.035229226878551456e+00
1.035300620717881870e+00
1.035372037765535325e+00
1.035443478031571773e+00
1.035514941526056276e+00
1.035586428259059888e+00
1.035657938240658105e+00
1.035729471480932862e+00
1.035801027989971645e+00
1.035872607777866383e+00
1.035944210854715664e+00
1.036015837230622072e+00
1.036087486915695299e+00
1.036159159920050143e+00
1.036230856253805399e+00
1.036302575927087410e+00
1.036374318950026296e+00
1.036446085332759504e+00
1.036517875085428031e+00
1.036589688218179761e+00
1.036661524741167240e+00
1.036733384664549451e+00
1.036805267998489821e+00
1.036877174753157993e+00
1.036949104938728494e+00
1.037021058565383180e+00
1.037093035643306571e+00
1.037165036182690736e+00
1.037237060193733296e+00
1.037309107686636089e+00
1.037381178671607618e+00
1.037453273158861711e+00
1.037525391158617971e+00
1.037597532681100221e+00
1.037669697736540053e+00
1.037741886335172392e+00
1.037814098487239267e+00
1.037886334202987593e+00
1.037958593492670056e+00
1.038030876366545341e+00
1.038103182834876570e+00
1.038175512907933085e+00
1.038247866595990443e+00
1.038320243909328866e+00
1.038392644858234570e+00
1.038465069452999323e+00
1.038537517703920443e+00
1.038609989621300800e+00
1.038682485215449036e+00
1.038755004496679790e+00
1.038827547475311919e+00
1.038900114161671384e+00
1.038972704566089478e+00
1.039045318698902154e+00
1.039117956570452028e+00
1.039190618191087268e+00
1.039263303571161368e+00
1.039336012721033375e+00
1.039408745651067889e+00
1.039481502371635946e+00
1.039554282893113246e+00
1.039627087225881930e+00
1.039699915380329465e+00
1.039772767366848427e+00
1.039845643195838276e+00
1.039918542877703134e+00
1.039991466422853117e+00
1.040064413841704338e+00
1.040137385144677573e+00
1.040210380342201146e+00
1.040283399444706713e+00
1.040356442462633924e+00
1.040429509406426201e+00
1.040502600286533852e+00
1.040575715113412958e+00
1.040648853897524040e+00
1.040722016649334503e+00
1.040795203379317524e+00
1.040868414097951611e+00
1.040941648815720377e+00
1.041014907543114099e+00
1.041088190290628823e+00
1.041161497068765485e+00
1.041234827888031678e+00
1.041308182758939882e+00
1.041381561692008795e+00
1.041454964697763330e+00
1.041528391786733065e+00
1.041601842969454239e+00
1.041675318256468197e+00
1.041748817658322723e+00
1.041822341185571155e+00
1.041895888848772156e+00
1.041969460658490387e+00
1.042043056625296726e+00
1.042116676759767158e+00
1.042190321072483883e+00
1.042263989574035099e+00
1.042337682275013666e+00
1.042411399186019993e+00
1.042485140317658709e+00
1.042558905680541770e+00
1.042632695285285127e+00
1.042706509142511839e+00
1.042780347262850515e+00
1.042854209656935538e+00
1.042928096335406840e+00
1.043002007308910795e+00
1.043075942588099103e+00
1.043149902183629019e+00
1.043223886106164677e+00
1.043297894366375100e+00
1.043371926974935748e+00
1.043445983942527189e+00
1.043520065279837095e+00
1.043594170997557358e+00
1.043668301106387419e+00
1.043742455617031162e+00
1.043816634540199129e+00
1.043890837886607859e+00
1.043965065666978997e+00
1.044039317892041074e+00
1.044113594572527726e+00
1.044187895719178805e+00
1.044262221342739494e+00
1.044336571453962303e+00
1.044410946063604184e+00
1.044485345182428526e+00
1.044559768821204493e+00
1.044634216990707243e+00
1.044708689701718596e+00
1.044783186965025257e+00
1.044857708791419482e+00
1.044932255191700854e+00
1.045006826176674286e+00
1.045081421757150464e+00
1.045156041943945846e+00
1.045230686747883331e+00
1.045305356179791145e+00
1.045380050250504400e+00
1.045454768970863313e+00
1.045529512351714096e+00
1.045604280403909625e+00
1.045679073138308102e+00
1.045753890565774169e+00
1.045828732697177577e+00
1.045903599543395179e+00
1.045978491115309383e+00
1.046053407423807924e+00
1.046128348479785863e+00
1.046203314294142706e+00
1.046278304877785281e+00
1.046353320241625529e+00
1.046428360396582047e+00
1.046503425353578765e+00
1.046578515123546493e+00
1.046653629717421374e+00
1.046728769146145765e+00
1.046803933420668020e+00
1.046879122551942709e+00
1.046954336550930176e+00
1.047029575428596981e+00
1.047104839195915682e+00
1.047180127863864607e+00
1.047255441443428969e+00
1.047330779945598866e+00
1.047406143381371724e+00
1.047481531761749407e+00
1.047556945097741776e+00
1.047632383400363354e+00
1.047707846680635102e+00
1.047783334949584422e+00
1.047858848218244043e+00
1.047934386497654025e+00
1.048009949798859086e+00
1.048085538132910832e+00
1.048161151510866862e+00
1.048236789943791214e+00
1.048312453442753256e+00
1.048388142018828795e+00
1.048463855683100299e+00
1.048539594446655565e+00
1.048615358320588831e+00
1.048691147316000771e+00
1.048766961443997614e+00
1.048842800715692025e+00
1.048918665142203110e+00
1.048994554734655527e+00
1.049070469504180148e+00
1.049146409461914731e+00
1.049222374619002585e+00
1.049298364986592569e+00
1.049374380575841537e+00
1.049450421397910116e+00
1.049526487463967594e+00
1.049602578785187257e+00
1.049678695372750159e+00
1.049754837237842464e+00
1.049831004391656997e+00
1.049907196845393020e+00
1.049983414610255794e+00
1.050059657697455906e+00
1.050135926118211716e+00
1.050212219883747133e+00
1.050288539005291399e+00
1.050364883494081303e+00
1.050441253361358962e+00
1.050517648618373601e+00
1.050594069276379550e+00
1.050670515346638245e+00
1.050746986840416897e+00
1.050823483768988931e+00
1.050900006143634879e+00
1.050976553975640382e+00
1.051053127276297738e+00
1.051129726056905467e+00
1.051206350328769190e+00
1.051283000103199416e+00
1.051359675391513759e+00
1.051436376205035828e+00
1.051513102555095669e+00
1.051589854453029549e+00
1.051666631910179950e+00
1.051743434937895794e+00
1.051820263547532441e+00
1.051897117750450805e+00
1.051973997558019347e+00
1.052050902981611635e+00
1.052127834032607900e+00
1.052204790722395256e+00
1.052281773062366810e+00
1.052358781063921001e+00
1.052435814738464259e+00
1.052512874097408790e+00
1.052589959152172572e+00
1.052667069914179798e+00
1.052744206394862436e+00
1.052821368605657115e+00
1.052898556558008014e+00
1.052975770263365085e+00
1.053053009733184719e+00
1.053130274978929748e+00
1.053207566012069440e+00
1.053284882844079728e+00
1.053362225486441650e+00
1.053439593950644015e+00
1.053516988248182296e+00
1.053594408390556403e+00
1.053671854389274687e+00
1.053749326255850383e+00
1.053826824001804274e+00
1.053904347638663364e+00
1.053981897177959981e+00
1.054059472631234673e+00
1.054137074010032427e+00
1.054214701325906667e+00
1.054292354590415481e+00
1.054370033815124286e+00
1.054447739011605378e+00
1.054525470191436165e+00
1.054603227366201823e+00
1.054681010547493081e+00
1.054758819746907328e+00
1.054836654976049282e+00
1.054914516246528766e+00
1.054992403569962933e+00
1.055070316957975152e+00
1.055148256422195230e+00
1.055226221974259637e+00
1.055304213625811283e+00
1.055382231388499514e+00
1.055460275273979898e+00
1.055538345293915103e+00
1.055616441459973798e+00
1.055694563783831752e+00
1.055772712277169845e+00
1.055850886951677614e+00
1.055929087819049261e+00
1.056007314890986537e+00
1.056085568179197187e+00
1.056163847695395841e+00
1.056242153451303567e+00
1.056320485458648095e+00
1.056398843729163151e+00
1.056477228274589564e+00
1.056555639106675049e+00
1.056634076237172870e+00
1.056712539677843621e+00
1.056791029440454110e+00
1.056869545536778032e+00
1.056948087978595296e+00
1.057026656777692697e+00
1.057105251945863911e+00
1.057183873494907944e+00
1.057262521436632019e+00
1.057341195782848686e+00
1.057419896545377824e+00
1.057498623736045751e+00
1.057577377366685667e+00
1.057656157449136325e+00
1.057734963995244248e+00
1.057813797016862400e+00
1.057892656525849961e+00
1.057971542534072773e+00
1.058050455053404226e+00
1.058129394095723042e+00
1.058208359672914822e+00
1.058287351796872944e+00
1.058366370479496554e+00
1.058445415732691242e+00
1.058524487568369699e+00
1.058603585998451724e+00
1.058682711034862445e+00
1.058761862689535427e+00
1.058841040974409120e+00
1.058920245901430190e+00
1.058999477482550855e+00
1.059078735729731102e+00
1.059158020654936472e+00
1.059237332270140053e+00
1.059316670587321596e+00
1.059396035618466625e+00
1.059475427375569101e+00
1.059554845870627870e+00
1.059634291115649996e+00
1.059713763122648089e+00
1.059793261903642758e+00
1.059872787470659938e+00
1.059952339835733115e+00
1.060031919010902657e+00
1.060111525008216038e+00
1.060191157839725395e+00
1.060270817517492858e+00
1.060350504053584553e+00
1.060430217460074820e+00
1.060509957749044441e+00
1.060589724932580857e+00
1.060669519022778173e+00
1.060749340031738264e+00
1.060829187971568555e+00
1.060909062854383356e+00
1.060988964692305192e+00
1.061068893497461918e+00
1.061148849281988493e+00
1.061228832058026983e+00
1.061308841837726780e+00
1.061388878633242605e+00
1.061468942456737397e+00
1.061549033320381197e+00
1.061629151236348934e+00
1.061709296216824194e+00
1.061789468273996784e+00
1.061869667420063834e+00
1.061949893667228251e+00
1.062030147027700933e+00
1.062110427513698996e+00
1.062190735137446884e+00
1.062271069911175259e+00
1.062351431847122774e+00
1.062431820957533635e+00
1.062512237254660041e+00
1.062592680750760632e+00
1.062673151458100484e+00
1.062753649388952670e+00
1.062834174555596034e+00
1.062914726970317636e+00
1.062995306645409643e+00
1.063075913593172883e+00
1.063156547825914622e+00
1.063237209355948565e+00
1.063317898195595967e+00
1.063398614357184080e+00
1.063479357853048590e+00
1.063560128695530738e+00
1.063640926896979311e+00
1.063721752469750204e+00
1.063802605426206416e+00
1.063883485778717164e+00
1.063964393539659437e+00
1.064045328721416661e+00
1.064126291336379593e+00
1.064207281396945870e+00
1.064288298915519793e+00
1.064369343904513432e+00
1.064450416376345299e+00
1.064531516343441453e+00
1.064612643818233506e+00
1.064693798813162173e+00
1.064774981340673499e+00
1.064856191413221520e+00
1.064937429043267159e+00
1.065018694243278219e+00
1.065099987025729167e+00
1.065181307403102240e+00
1.065262655387886337e+00
1.065344030992577240e+00
1.065425434229678947e+00
1.065506865111700341e+00
1.065588323651159852e+00
1.065669809860580797e+00
1.065751323752495816e+00
1.065832865339441771e+00
1.065914434633965513e+00
1.065996031648619224e+00
1.066077656395962636e+00
1.066159308888562363e+00
1.066240989138993678e+00
1.066322697159836519e+00
1.066404432963679261e+00
1.066486196563117606e+00
1.066567987970753473e+00
1.066649807199197442e+00
1.066731654261065643e+00
1.066813529168982200e+00
1.066895431935577676e+00
1.066977362573491295e+00
1.067059321095367164e+00
1.067141307513859161e+00
1.067223321841625827e+00
1.067305364091335029e+00
1.067387434275660629e+00
1.067469532407282928e+00
1.067551658498891332e+00
1.067633812563181461e+00
1.067715994612855601e+00
1.067798204660624473e+00
1.067880442719205014e+00
1.067962708801321048e+00
1.068045002919705500e+00
1.068127325087096402e+00
1.068209675316240004e+00
1.068292053619889881e+00
1.068374460010806271e+00
1.068456894501757848e+00
1.068539357105518839e+00
1.068621847834871685e+00
1.068704366702606601e+00
1.068786913721520015e+00
1.068869488904416354e+00
1.068952092264106257e+00
1.069034723813409249e+00
1.069117383565150847e+00
1.069200071532164786e+00
1.069282787727290795e+00
1.069365532163377486e+00
1.069448304853279907e+00
1.069531105809859772e+00
1.069613935045987896e+00
1.069696792574540645e+00
1.069779678408402379e+00
1.069862592560465453e+00
1.069945535043628659e+00
1.070028505870798119e+00
1.070111505054887502e+00
1.070194532608818472e+00
1.070277588545519132e+00
1.070360672877925357e+00
1.070443785618979682e+00
1.070526926781633748e+00
1.070610096378844522e+00
1.070693294423578079e+00
1.070776520928805819e+00
1.070859775907508915e+00
1.070943059372674977e+00
1.194817338820021835e+00
1.194906116980032795e+00
1.194994919326195726e+00
1.195083745867293823e+00
1.195172596612114502e+00
1.195261471569449840e+00
1.195350370748095026e+00
1.195439294156849463e+00
1.195528241804517444e+00
1.195617213699906145e+00
1.195706209851827184e+00
1.195795230269095955e+00
1.195884274960532956e+00
1.195973343934960686e+00
1.196062437201207862e+00
1.196151554768104752e+00
1.196240696644488510e+00
1.196329862839197844e+00
1.196419053361076790e+00
1.196508268218972937e+00
1.196597507421738538e+00
1.196686770978229175e+00
1.196776058897303985e+00
1.196865371187827876e+00
1.196954707858667977e+00
1.197044068918696746e+00
1.197133454376789530e+00
1.197222864241827223e+00
1.197312298522693164e+00
1.197401757228275354e+00
1.197491240367466903e+00
1.197580747949163360e+00
1.197670279982264274e+00
1.197759836475675188e+00
1.197849417438304087e+00
1.197939022879063176e+00
1.198028652806869099e+00
1.198118307230642499e+00
1.198207986159307570e+00
1.198297689601793170e+00
1.198387417567032598e+00
1.198477170063962260e+00
1.198566947101523006e+00
1.198656748688659235e+00
1.198746574834321121e+00
1.198836425547461504e+00
1.198926300837037440e+00
1.199016200712009761e+00
1.199106125181344851e+00
1.199196074254011313e+00
1.199286047938983302e+00
1.199376046245238303e+00
1.199466069181758021e+00
1.199556116757528379e+00
1.199646188981539741e+00
1.199736285862785357e+00
1.199826407410263585e+00
1.199916553632977667e+00
1.200006724539933289e+00
1.200096920140140577e+00
1.200187140442614986e+00
1.200277385456374857e+00
1.200367655190442751e+00
1.200457949653846335e+00
1.200548268855616163e+00
1.200638612804787675e+00
1.200728981510400306e+00
1.200819374981497489e+00
1.200909793227126654e+00
1.201000236256340115e+00
1.201090704078193072e+00
1.201181196701745835e+00
1.201271714136063151e+00
1.201362256390212657e+00
1.201452823473267095e+00
1.201543415394302983e+00
1.201634032162401278e+00
1.201724673786646491e+00
1.201815340276128463e+00
1.201906031639939920e+00
1.201996747887178252e+00
1.202087489026945510e+00
1.202178255068346857e+00
1.202269046020491894e+00
1.202359861892495552e+00
1.202450702693475426e+00
1.202541568432554664e+00
1.202632459118859076e+00
1.202723374761520247e+00
1.202814315369671982e+00
1.202905280952454525e+00
1.202996271519010341e+00
1.203087287078487666e+00
1.203178327640037848e+00
1.203269393212816452e+00
1.203360483805984149e+00
1.203451599428704721e+00
1.203542740090147278e+00
1.203633905799483816e+00
1.203725096565891661e+00
1.203816312398551691e+00
1.203907553306649447e+00
1.203998819299374023e+00
1.204090110385919177e+00
1.204181426575483327e+00
1.204272767877268446e+00
1.204364134300480504e+00
1.204455525854330356e+00
1.204546942548033295e+00
1.204638384390807282e+00
1.204729851391876716e+00
1.204821343560468661e+00
1.204912860905814398e+00
1.205004403437150762e+00
1.205095971163717250e+00
1.205187564094758690e+00
1.205279182239523461e+00
1.205370825607264829e+00
1.205462494207240054e+00
1.205554188048710396e+00
1.205645907140941109e+00
1.205737651493203000e+00
1.205829421114770206e+00
1.205921216014920194e+00
1.206013036202936428e+00
1.206104881688105923e+00
1.206196752479720136e+00
1.206288648587074075e+00
1.206380570019467635e+00
1.206472516786205151e+00
1.206564488896594733e+00
1.206656486359949376e+00
1.206748509185585627e+00
1.206840557382824919e+00
1.206932630960992459e+00
1.207024729929417894e+00
1.207116854297435538e+00
1.207209004074383918e+00
1.207301179269605118e+00
1.207393379892446550e+00
1.207485605952259844e+00
1.207577857458399295e+00
1.207670134420225860e+00
1.207762436847103160e+00
1.207854764748399923e+00
1.207947118133488651e+00
1.208039497011746510e+00
1.208131901392554886e+00
1.208224331285299380e+00
1.208316786699370038e+00
1.208409267644162011e+00
1.208501774129073114e+00
1.208594306163506271e+00
1.208686863756869290e+00
1.208779446918573752e+00
1.208872055658035460e+00
1.208964689984675323e+00
1.209057349907916912e+00
1.209150035437190684e+00
1.209242746581928651e+00
1.209335483351569263e+00
1.209428245755554743e+00
1.209521033803330869e+00
1.209613847504349415e+00
1.209706686868064152e+00
1.209799551903935955e+00
1.209892442621427255e+00
1.209985359030008034e+00
1.210078301139149159e+00
1.210171268958328605e+00
1.210264262497027454e+00
1.210357281764731008e+00
1.210450326770929896e+00
1.210543397525118747e+00
1.210636494036795519e+00
1.210729616315463941e+00
1.210822764370631743e+00
1.210915938211810650e+00
1.211009137848517048e+00
1.211102363290271988e+00
1.211195614546600297e+00
1.211288891627031683e+00
1.211382194541100299e+00
1.211475523298344292e+00
1.211568877908306474e+00
1.211662258380534096e+00
1.211755664724578629e+00
1.211849096949995541e+00
1.211942555066346738e+00
1.212036039083195904e+00
1.212129549010112273e+00
1.212223084856669741e+00
1.212316646632446648e+00
1.212410234347025328e+00
1.212503848009992780e+00
1.212597487630939996e+00
1.212691153219463525e+00
1.212784844785163019e+00
1.212878562337643240e+00
1.212972305886513613e+00
1.213066075441387559e+00
1.213159871011883162e+00
1.213253692607622947e+00
1.213347540238233879e+00
1.213441413913346922e+00
1.213535313642598590e+00
1.213629239435628504e+00
1.213723191302081617e+00
1.213817169251607542e+00
1.213911173293859447e+00
1.214005203438496272e+00
1.214099259695179622e+00
1.214193342073577320e+00
1.214287450583360295e+00
1.214381585234205252e+00
1.214475746035792891e+00
1.214569932997807244e+00
1.214664146129938782e+00
1.214758385441881083e+00
1.214852650943332613e+00
1.214946942643996941e+00
1.215041260553580305e+00
1.215135604681796044e+00
1.215229975038359722e+00
1.215324371632992895e+00
1.215418794475420450e+00
1.215513243575372604e+00
1.215607718942584459e+00
1.215702220586794002e+00
1.215796748517745884e+00
1.215891302745187197e+00
1.215985883278871249e+00
1.216080490128554903e+00
1.216175123303999017e+00
1.216269782814970890e+00
1.216364468671240706e+00
1.216459180882583757e+00
1.216553919458779998e+00
1.216648684409613379e+00
1.216743475744872516e+00
1.216838293474351795e+00
1.216933137607848048e+00
1.217028008155164542e+00
1.217122905126107657e+00
1.217217828530489543e+00
1.217312778378125904e+00
1.217407754678837550e+00
1.217502757442449957e+00
1.217597786678792593e+00
1.217692842397700037e+00
1.217787924609011085e+00
1.217883033322570308e+00
1.217978168548223827e+00
1.218073330295826207e+00
1.218168518575233783e+00
1.218263733396308668e+00
1.218358974768916969e+00
1.218454242702929680e+00
1.218549537208222899e+00
1.218644858294676725e+00
1.218740205972175250e+00
1.218835580250608785e+00
1.218930981139870751e+00
1.219026408649859894e+00
1.219121862790479183e+00
1.219217343571637358e+00
1.219312851003245601e+00
1.219408385095221314e+00
1.219503945857486782e+00
1.219599533299967176e+00
1.219695147432594773e+00
1.219790788265303849e+00
1.219886455808034675e+00
1.219982150070732185e+00
1.220077871063346420e+00
1.220173618795830528e+00
1.220269393278143211e+00
1.220365194520248275e+00
1.220461022532113304e+00
1.220556877323711209e+00
1.220652758905018676e+00
1.220748667286018163e+00
1.220844602476695684e+00
1.220940564487042135e+00
1.221036553327054852e+00
1.221132569006732949e+00
1.221228611536081754e+00
1.221324680925111261e+00
1.221420777183836348e+00
1.221516900322275001e+00
1.221613050350452312e+00
1.221709227278396259e+00
1.221805431116140150e+00
1.221901661873721734e+00
1.221997919561183643e+00
1.222094204188572730e+00
1.222190515765941843e+00
1.222286854303346271e+00
1.222383219810848409e+00
1.222479612298513763e+00
1.222576031776412941e+00
1.222672478254621664e+00
1.222768951743219867e+00
1.222865452252292151e+00
1.222961979791928444e+00
1.223058534372222672e+00
1.223155116003273646e+00
1.223251724695185505e+00
1.223348360458066608e+00
1.223445023302029311e+00
1.223541713237192186e+00
1.223638430273677358e+00
1.223735174421612282e+00
1.223831945691128853e+00
1.223928744092364518e+00
1.224025569635459387e+00
1.224122422330560678e+00
1.224219302187819158e+00
1.224316209217390483e+00
1.224413143429435191e+00
1.224510104834118263e+00
1.224607093441609784e+00
1.224704109262084506e+00
1.224801152305722285e+00
1.224898222582706531e+00
1.224995320103226648e+00
1.225092444877477149e+00
1.225189596915654988e+00
1.225286776227965335e+00
1.225383982824614915e+00
1.225481216715817112e+00
1.225578477911789088e+00
1.225675766422754220e+00
1.225773082258939217e+00
1.225870425430575672e+00
1.225967795947900951e+00
1.226065193821156640e+00
1.226162619060588099e+00
1.226260071676448904e+00
1.226357551678992186e+00
1.226455059078480847e+00
1.226552593885179343e+00
1.226650156109358347e+00
1.226747745761293640e+00
1.226845362851264554e+00
1.226943007389556195e+00
1.227040679386458333e+00
1.227138378852265621e+00
1.227236105797276933e+00
1.227333860231796914e+00
1.227431642166133985e+00
1.227529451610602562e+00
1.227627288575521280e+00
1.227725153071212993e+00
1.227823045108006550e+00
1.227920964696235018e+00
1.228018911846236794e+00
1.228116886568354271e+00
1.228214888872935173e+00
1.228312918770332995e+00
1.228410976270903898e+00
1.228509061385010925e+00
1.228607174123021561e+00
1.228705314495307510e+00
1.228803482512244916e+00
1.228901678184217028e+00
1.228999901521609539e+00
1.229098152534814359e+00
1.229196431234227616e+00
1.229294737630250989e+00
1.229393071733290377e+00
1.229491433553757451e+00
1.229589823102067214e+00
1.229688240388641773e+00
1.229786685423905901e+00
1.229885158218290142e+00
1.229983658782230593e+00
1.230082187126168236e+00
1.230180743260548049e+00
1.230279327195819672e+00
1.230377938942439187e+00
1.230476578510866004e+00
1.230575245911565974e+00
1.230673941155008499e+00
1.230772664251668536e+00
1.230871415212026365e+00
1.230970194046565824e+00
1.231069000765777410e+00
1.231167835380155839e+00
1.231266697900200047e+00
1.231365588336415184e+00
1.231464506699310180e+00
1.231563452999399733e+00
1.231662427247203206e+00
1.231761429453244405e+00
1.231860459628053572e+00
1.231959517782164060e+00
1.232058603926115437e+00
1.232157718070451713e+00
1.232256860225722006e+00
1.232356030402480762e+00
1.232455228611286202e+00
1.232554454862703208e+00
1.232653709167300438e+00
1.232752991535651876e+00
1.232852301978336618e+00
1.232951640505937974e+00
1.233051007129046139e+00
1.233150401858253753e+00
1.233249824704160780e+00
1.233349275677370072e+00
1.233448754788491808e+00
1.233548262048139277e+00
1.233647797466931317e+00
1.233747361055492098e+00
1.233846952824450893e+00
1.233946572784440754e+00
1.234046220946101835e+00
1.234145897320076957e+00
1.234245601917016266e+00
1.234345334747573020e+00
1.234445095822406913e+00
1.234544885152181859e+00
1.234644702747567102e+00
1.234744548619236770e+00
1.234844422777869655e+00
1.234944325234150764e+00
1.235044255998769325e+00
1.235144215082419006e+00
1.235244202495800137e+00
1.235344218249617043e+00
1.235444262354578937e+00
1.235544334821400358e+00
1.235644435660801177e+00
1.235744564883506369e+00
1.235844722500245352e+00
1.235944908521753316e+00
1.236045122958769893e+00
1.236145365822040487e+00
1.236245637122314944e+00
1.236345936870348661e+00
1.236446265076901030e+00
1.236546621752739217e+00
1.236647006908631941e+00
1.236747420555355914e+00
1.236847862703693179e+00
1.236948333364425556e+00
1.237048832548346633e+00
1.237149360266251330e+00
1.237249916528941007e+00
1.237350501347221909e+00
1.237451114731905832e+00
1.237551756693808347e+00
1.237652427243751241e+00
1.237753126392562075e+00
1.237853854151071520e+00
1.237954610530116906e+00
1.238055395540540671e+00
1.238156209193189250e+00
1.238257051498915740e+00
1.238357922468576788e+00
1.238458822113035707e+00
1.238559750443160246e+00
1.238660707469823041e+00
1.238761693203902059e+00
1.238862707656281037e+00
1.238963750837847710e+00
1.239064822759496032e+00
1.239165923432124616e+00
1.239267052866637187e+00
1.239368211073943016e+00
1.239469398064956707e+00
1.239570613850596859e+00
1.239671858441788510e+00
1.239773131849461585e+00
1.239874434084550225e+00
1.239975765157995458e+00
1.240077125080742526e+00
1.240178513863741339e+00
1.240279931517947798e+00
1.240381378054323136e+00
1.240482853483833914e+00
1.240584357817450245e+00
1.240685891066149571e+00
1.240787453240913107e+00
1.240889044352728510e+00
1.240990664412587652e+00
1.241092313431487293e+00
1.241193991420430853e+00
1.241295698390425972e+00
1.241397434352485840e+00
1.241499199317628088e+00
1.241600993296877009e+00
1.241702816301261558e+00
1.241804668341815132e+00
1.241906549429577122e+00
1.242008459575592250e+00
1.242110398790910564e+00
1.242212367086586333e+00
1.242314364473680710e+00
1.242416390963258843e+00
1.242518446566391432e+00
1.242620531294154729e+00
1.242722645157629868e+00
1.242824788167903982e+00
1.242926960336068420e+00
1.243029161673220306e+00
1.243131392190462980e+00
1.243233651898903336e+00
1.243335940809654039e+00
1.243438258933833973e+00
1.243540606282567795e+00
1.243642982866982383e+00
1.243745388698213494e+00
1.243847823787399554e+00
1.243950288145686311e+00
1.244052781784223072e+00
1.244155304714166022e+00
1.244257856946674901e+00
1.244360438492917220e+00
1.244463049364062490e+00
1.244565689571289102e+00
1.244668359125778556e+00
1.244771058038718126e+00
1.244873786321300191e+00
1.244976543984722905e+00
1.245079331040189752e+00
1.245182147498909986e+00
1.245284993372096860e+00
1.245387868670969622e+00
1.245490773406753959e+00
1.245593707590679333e+00
1.245696671233980979e+00
1.245799664347900571e+00
1.245902686943683113e+00
1.246005739032581383e+00
1.246108820625851488e+00
1.246211931734755751e+00
1.246315072370562493e+00
1.246418242544543808e+00
1.246521442267979340e+00
1.246624671552151398e+00
1.246727930408350282e+00
1.246831218847870515e+00
1.246934536882011502e+00
1.247037884522078866e+00
1.247141261779383337e+00
1.247244668665242084e+00
1.247348105190975165e+00
1.247451571367909962e+00
1.247555067207380075e+00
1.247658592720721993e+00
1.247762147919279307e+00
1.247865732814400497e+00
1.247969347417440478e+00
1.248072991739758164e+00
1.248176665792718465e+00
1.248280369587691840e+00
1.248384103136054080e+00
1.248487866449186301e+00
1.248591659538475840e+00
1.248695482415314029e+00
1.248799335091099083e+00
1.248903217577233882e+00
1.249007129885126410e+00
1.249111072026191316e+00
1.249215044011847908e+00
1.249319045853521049e+00
1.249423077562640705e+00
1.249527139150643507e+00
1.249631230628969858e+00
1.249735352009067046e+00
1.249839503302387023e+00
1.249943684520388176e+00
1.250047895674533338e+00
1.250152136776291112e+00
1.250256407837135653e+00
1.250360708868546888e+00
1.250465039882010077e+00
1.250569400889016025e+00
1.250673791901060650e+00
1.250778212929646083e+00
1.250882663986279564e+00
1.250987145082472995e+00
1.251091656229745830e+00
1.251196197439621294e+00
1.251300768723628831e+00
1.251405370093302993e+00
1.251510001560184993e+00
1.251614663135820038e+00
1.251719354831759334e+00
1.251824076659560747e+00
1.251928828630786361e+00
1.252033610757004700e+00
1.252138423049788285e+00
1.252243265520717408e+00
1.252348138181376358e+00
1.252453041043356308e+00
1.252557974118251760e+00
1.252662937417665212e+00
1.252767930953202713e+00
1.252872954736478306e+00
1.252978008779109143e+00
1.253083093092718814e+00
1.253188207688937128e+00
1.253293352579398778e+00
1.253398527775744453e+00
1.253503733289620170e+00
1.253608969132677720e+00
1.253714235316573999e+00
1.253819531852972569e+00
1.253924858753540983e+00
1.254030216029954570e+00
1.254135603693892209e+00
1.254241021757038776e+00
1.254346470231086474e+00
1.254451949127731725e+00
1.254557458458675834e+00
1.254662998235626992e+00
1.254768568470298717e+00
1.254874169174410525e+00
1.254979800359686370e+00
1.255085462037857313e+00
1.255191154220659078e+00
1.255296876919833382e+00
1.255402630147127052e+00
1.255508413914293797e+00
1.255614228233092211e+00
1.255720073115286439e+00
1.255825948572646178e+00
1.255931854616947119e+00
1.256037791259970948e+00
1.256143758513504238e+00
1.256249756389339778e+00
1.256355784899275463e+00
1.256461844055116295e+00
1.256567933868671050e+00
1.256674054351755387e+00
1.256780205516190518e+00
1.256886387373803204e+00
1.256992599936426203e+00
1.257098843215896489e+00
1.257205117224059254e+00
1.257311421972763688e+00
1.257417757473864528e+00
1.257524123739223842e+00
1.257630520780707917e+00
1.257736948610189032e+00
1.257843407239545241e+00
1.257949896680660595e+00
1.258056416945424916e+00
1.258162968045734020e+00
1.258269549993487946e+00
1.258376162800594500e+00
1.258482806478965932e+00
1.258589481040520708e+00
1.258696186497182623e+00
1.258802922860881912e+00
1.258909690143554139e+00
1.259016488357141084e+00
1.259123317513588747e+00
1.259230177624851343e+00
1.259337068702887086e+00
1.259443990759659959e+00
1.259550943807141055e+00
1.259657927857306126e+00
1.259764942922136477e+00
1.259871989013620741e+00
1.259979066143751547e+00
1.260086174324528185e+00
1.260193313567955720e+00
1.260300483886045653e+00
1.260407685290813262e+00
1.260514917794282486e+00
1.260622181408480369e+00
1.260729476145441508e+00
1.260836802017205605e+00
1.260944159035818801e+00
1.261051547213332125e+00
1.261158966561803263e+00
1.261266417093295233e+00
1.261373898819876826e+00
1.261481411753623716e+00
1.261588955906615794e+00
1.261696531290939616e+00
1.261804137918688395e+00
1.261911775801959568e+00
1.262019444952857672e+00
1.262127145383493021e+00
1.262234877105980591e+00
1.262342640132443128e+00
1.262450434475006933e+00
1.262558260145806743e+00
1.262666117156981738e+00
1.262774005520675979e+00
1.262881925249041748e+00
1.262989876354235541e+00
1.263097858848420296e+00
1.263205872743764946e+00
1.263313918052444196e+00
1.263421994786638303e+00
1.263530102958534185e+00
1.263638242580323645e+00
1.263746413664205592e+00
1.263854616222384042e+00
1.263962850267069227e+00
1.264071115810476931e+00
1.264179412864828933e+00
1.264287741442354118e+00
1.264396101555285368e+00
1.264504493215862668e+00
1.264612916436332224e+00
1.264721371228945124e+00
1.264829857605959118e+00
1.264938375579638175e+00
1.265046925162251590e+00
1.265155506366074212e+00
1.265264119203388438e+00
1.265372763686480884e+00
1.265481439827645715e+00
1.265590147639181540e+00
1.265698887133394068e+00
1.265807658322594342e+00
1.265916461219099842e+00
1.266025295835233822e+00
1.266134162183325085e+00
1.266243060275709542e+00
1.266351990124727989e+00
1.266460951742728103e+00
1.266569945142062226e+00
1.266678970335090249e+00
1.266788027334177613e+00
1.266897116151695091e+00
1.267006236800020336e+00
1.267115389291536109e+00
1.267224573638632279e+00
1.267333789853703818e+00
1.267443037949152584e+00
1.267552317937385320e+00
1.267661629830815873e+00
1.267770973641863641e+00
1.267880349382954464e+00
1.267989757066519063e+00
1.268099196704995935e+00
1.268208668310828457e+00
1.268318171896466229e+00
1.268427707474365507e+00
1.268537275056987212e+00
1.268646874656800261e+00
1.268756506286278229e+00
1.268866169957902024e+00
1.268975865684156101e+00
1.269085593477533802e+00
1.269195353350533351e+00
1.269305145315659633e+00
1.269414969385422420e+00
1.269524825572338367e+00
1.269634713888930788e+00
1.269744634347727885e+00
1.269854586961264742e+00
1.269964571742082438e+00
1.270074588702728269e+00
1.270184637855755749e+00
1.270294719213723944e+00
1.270404832789198135e+00
1.270514978594750266e+00
1.270625156642958276e+00
1.270735366946405875e+00
1.270845609517682773e+00
1.270955884369386002e+00
1.271066191514117261e+00
1.271176530964485574e+00
1.271286902733104851e+00
1.271397306832596996e+00
1.271507743275588131e+00
1.271618212074711485e+00
1.271728713242606057e+00
1.271839246791918399e+00
1.271949812735299279e+00
1.272060411085407017e+00
1.272171041854905482e+00
1.272281705056464762e+00
1.272392400702761384e+00
1.272503128806478312e+00
1.272613889380303842e+00
1.272724682436932930e+00
1.272835507989067416e+00
1.272946366049413580e+00
1.273057256630686362e+00
1.273168179745604922e+00
1.273279135406895080e+00
1.273390123627289316e+00
1.273501144419526998e+00
1.273612197796351708e+00
1.273723283770515025e+00
1.273834402354773854e+00
1.273945553561892208e+00
1.274056737404639428e+00
1.274167953895791294e+00
1.274279203048130027e+00
1.274390484874444285e+00
1.274501799387528722e+00
1.274613146600184654e+00
1.274724526525218726e+00
1.274835939175445132e+00
1.274947384563683617e+00
1.275058862702759255e+00
1.275170373605506002e+00
1.275281917284761146e+00
1.275393493753370411e+00
1.275505103024184628e+00
1.275616745110061734e+00
1.275728420023864995e+00
1.275840127778465449e+00
1.275951868386738353e+00
1.276063641861567399e+00
1.276175448215841612e+00
1.276287287462455566e+00
1.276399159614312273e+00
1.276511064684318519e+00
1.276623002685389086e+00
1.276734973630445413e+00
1.276846977532413385e+00
1.276959014404227544e+00
1.277071084258826428e+00
1.277183187109157014e+00
1.277295322968171609e+00
1.277407491848828736e+00
1.277519693764093800e+00
1.277631928726937982e+00
1.277744196750339567e+00
1.277856497847283057e+00
1.277968832030757840e+00
1.278081199313762406e+00
1.278193599709299244e+00
1.278306033230378391e+00
1.278418499890016324e+00
1.278530999701235071e+00
1.278643532677064210e+00
1.278756098830538201e+00
1.278868698174699725e+00
1.278981330722596343e+00
1.279093996487283391e+00
1.279206695481821310e+00
1.279319427719277646e+00
1.279432193212725943e+00
1.279544991975247070e+00
1.279657824019927670e+00
1.279770689359860603e+00
1.279883588008145612e+00
1.279996519977888436e+00
1.280109485282202142e+00
1.280222483934205346e+00
1.280335515947023328e+00
1.280448581333788693e+00
1.280561680107638489e+00
1.280674812281718422e+00
1.280787977869179306e+00
1.280901176883179504e+00
1.281014409336882043e+00
1.281127675243458608e+00
1.281240974616086215e+00
1.281354307467948317e+00
1.281467673812235031e+00
1.281581073662143577e+00
1.281694507030876062e+00
1.281807973931643252e+00
1.281921474377660797e+00
1.282035008382151231e+00
1.282148575958344194e+00
1.282262177119474655e+00
1.282375811878785576e+00
1.282489480249525471e+00
1.282603182244949735e+00
1.282716917878319984e+00
1.282830687162904937e+00
1.282944490111979308e+00
1.283058326738824251e+00
1.283172197056728470e+00
1.283286101078985775e+00
1.283400038818897970e+00
1.283514010289772633e+00
1.283628015504923559e+00
1.283742054477671646e+00
1.283856127221345123e+00
1.283970233749276879e+00
1.284084374074808688e+00
1.284198548211286539e+00
1.284312756172064640e+00
1.284426997970503415e+00
1.284541273619970170e+00
1.284655583133837542e+00
1.284769926525486161e+00
1.284884303808303319e+00
1.284998714995681413e+00
1.285113160101021057e+00
1.285227639137728417e+00
1.285342152119217429e+00
1.285456699058907581e+00
1.285571279970224801e+00
1.285685894866603229e+00
1.285800543761482340e+00
1.285915226668308042e+00
1.286029943600533798e+00
1.286144694571619285e+00
1.286259479595031285e+00
1.286374298684242801e+00
1.286489151852732382e+00
1.286604039113988351e+00
1.286718960481502139e+00
1.286833915968774056e+00
1.286948905589310854e+00
1.287063929356625058e+00
1.287178987284237186e+00
1.287294079385673085e+00
1.287409205674465928e+00
1.287524366164156664e+00
1.287639560868290678e+00
1.287754789800421573e+00
1.287870052974109836e+00
1.287985350402921947e+00
1.288100682100431715e+00
1.288216048080218501e+00
1.288331448355869879e+00
1.288446882940980087e+00
1.288562351849148024e+00
1.288677855093982139e+00
1.288793392689096207e+00
1.288908964648110889e+00
1.289024570984652618e+00
1.289140211712356709e+00
1.289255886844864252e+00
1.289371596395822550e+00
1.289487340378886016e+00
1.289603118807716164e+00
1.289718931695980730e+00
1.289834779057355219e+00
1.289950660905520907e+00
1.290066577254166624e+00
1.290182528116987193e+00
1.290298513507684763e+00
1.290414533439968592e+00
1.290530587927554595e+00
1.290646676984164909e+00
1.290762800623529438e+00
1.290878958859384085e+00
1.290995151705472077e+00
1.291111379175543306e+00
1.291227641283354988e+00
1.291343938042670558e+00
1.291460269467261002e+00
1.291576635570902853e+00
1.291693036367381975e+00
1.291809471870488668e+00
1.291925942094021451e+00
1.292042447051785947e+00
1.292158986757593553e+00
1.292275561225263658e+00
1.292392170468622536e+00
1.292508814501503789e+00
1.292625493337747011e+00
1.292742206991199128e+00
1.292858955475715055e+00
1.292975738805155705e+00
1.293092556993389319e+00
1.293209410054292352e+00
1.293326298001747698e+00
1.293443220849644693e+00
1.293560178611881328e+00
1.293677171302363149e+00
1.293794198935002582e+00
1.293911261523719158e+00
1.294028359082441737e+00
1.294145491625105615e+00
1.294262659165655194e+00
1.294379861718043978e+00
1.294497099296233023e+00
1.294614371914193374e+00
1.294731679585904738e+00
1.294849022325359034e+00
1.294966400146559060e+00
1.295083813063520051e+00
1.295201261090271894e+00
1.295318744240860465e+00
1.295436262529354288e+00
1.295553815969845202e+00
1.295671404576458352e+00
1.295789028363358408e+00
1.295906687344769992e+00
1.296024381534998993e+00
1.296142110948475201e+00
1.296259875599822697e+00
1.296275618121315976e+00
1.296291361272396747e+00
1.296307105053098097e+00
1.296322849463454663e+00
1.296338594503498864e+00
1.296354340173264896e+00
1.296370086472786731e+00
1.296384867293191689e+00
1.296398749878765910e+00
1.296412632953843458e+00
1.296426516518446759e+00
1.296440400572599794e+00
1.296454285116324989e+00
1.296468170149645216e+00
1.296482055672583567e+00
1.296495883757228018e+00
1.296507903872439638e+00
1.296519924354553321e+00
1.296531945203583502e+00
1.296543966419545280e+00
1.296555988002453308e+00
1.296568009952322909e+00
1.296580032269169180e+00
1.296592054953006112e+00
1.296604078003849914e+00
1.296615678568789232e+00
1.296625833296761954e+00
1.296635988286540364e+00
1.296646143538134899e+00
1.296656299051553107e+00
1.296666454826805426e+00
1.296676610863899404e+00
1.296686767162845033e+00
1.296696923723650974e+00
1.296707080546326107e+00
1.296717237630879982e+00
1.296727394977320813e+00
1.296736396732187657e+00
1.296744680713439957e+00
1.296752964868885583e+00
1.296761249198529642e+00
1.296769533702377242e+00
1.296777818380432823e+00
1.296786103232702159e+00
1.296794388259189024e+00
1.296802673459898747e+00
1.296810958834836658e+00
1.296819244384007419e+00
1.296827530107415249e+00
1.296835816005065478e+00
1.296844102076963434e+00
1.296851669854352185e+00
1.296858072426306130e+00
1.296864475102294190e+00
1.296870877882319695e+00
1.296877280766383311e+00
1.296883683754489036e+00
1.296890086846637979e+00
1.296896490042832584e+00
1.296902893343075513e+00
1.296909296747368323e+00
1.296915700255713899e+00
1.296922103868114018e+00
1.296928507584571344e+00
1.296934911405087654e+00
1.296941315329665834e+00
1.296947719358307216e+00
1.296954123491015354e+00
1.296960527727791579e+00
1.296966932068637890e+00
1.296971508023692765e+00
1.296976002813878814e+00
1.296980497655326969e+00
1.296984992548038340e+00
1.296989487492013815e+00
1.296993982487253172e+00
1.296998477533758187e+00
1.297002972631529971e+00
1.297007467780567858e+00
1.297011962980873845e+00
1.297016458232448377e+00
1.297020953535292120e+00
1.297025448889405741e+00
1.297029944294790793e+00
1.297034439751447055e+00
1.297038935259375414e+00
1.297043430818577647e+00
1.297047926429053089e+00
1.297052422090803736e+00
1.297056917803829590e+00
1.297061413568132204e+00
1.297065909383711357e+00
1.297070405250568825e+00
1.297074901168704608e+00
1.297079397138119816e+00
1.297083893158815338e+00
1.297086955201415703e+00
1.297089419219795925e+00
1.297091883253578048e+00
1.297094347302762518e+00
1.297096811367348890e+00
1.297099275447338051e+00
1.297101739542729337e+00
1.297104203653523857e+00
1.297106667779720945e+00
1.297109131921320824e+00
1.297111596078323270e+00
1.297114060250729839e+00
1.297116524438539198e+00
1.297118988641751791e+00
1.297121452860368507e+00
1.297123917094388457e+00
1.297126381343812307e+00
1.297128845608640502e+00
1.297131309888872153e+00
1.297133774184508370e+00
1.297136238495548932e+00
1.297138702821993839e+00
1.297141167163843312e+00
1.297143631521098017e+00
1.297146095893756623e+00
1.297148560281820906e+00
1.297151024685290199e+00
1.297153489104164503e+00
1.297155953538444262e+00
1.297158417988129253e+00
1.297160882453220365e+00
1.297163346933716710e+00
1.297165811429619398e+00
1.297168275940927762e+00
1.297170740467642247e+00
1.297173205009763297e+00
1.297175669567290246e+00
1.297178134140224426e+00
1.297180598728564505e+00
1.297183063332312036e+00
1.297185527951466133e+00
1.297187992586026795e+00
1.297190457235995353e+00
1.297192921901370921e+00
1.297195386582153498e+00
1.297197851278344416e+00
1.297200315989942121e+00
1.297202780716948389e+00
1.297203375204422082e+00
1.297203513160436250e+00
1.297203651116498824e+00
1.297203789072609581e+00
1.297203927028769188e+00
1.297204064984976757e+00
1.297204202941232509e+00
1.297204340897536223e+00
1.297204478853888343e+00
1.297204616810289535e+00
1.297204754766738466e+00
1.297204892723234915e+00
1.297205030679780657e+00
1.297205168636374362e+00
1.297205306593016250e+00
1.297205444549706099e+00
1.297205582506445021e+00
1.297205720463231682e+00
1.297205858420066527e+00
1.297205996376949777e+00
1.297206134333881433e+00
1.297206272290861273e+00
1.297206410247889519e+00
1.297206548204965726e+00
1.297206686162090339e+00
1.297206824119263358e+00
1.297206962076484560e+00
1.297207100033754168e+00
1.297207237991071738e+00
1.297207375948437935e+00
1.297207513905852094e+00
1.297207651863314659e+00
1.297207789820825408e+00
1.297207927778384562e+00
1.297208065735991900e+00
1.297208203693647643e+00
1.297208341651351571e+00
1.297208479609103904e+00
1.297208617566904421e+00
1.297208755524752899e+00
1.297208893482650227e+00
1.297209031440595517e+00
1.297209169398588990e+00
1.297209307356630648e+00
1.297209445314721155e+00
1.297209583272859401e+00
1.297209721231045609e+00
1.297209859189280889e+00
1.297209997147564131e+00
1.297210135105895779e+00
1.297210273064275166e+00
1.297210411022703624e+00
1.297210548981179379e+00
1.297210686939704205e+00
1.297210824898276993e+00
1.297210962856898187e+00
1.297211100815567564e+00
1.297211238774285347e+00
1.297211376733050869e+00
1.297211514691865464e+00
1.297211652650727576e+00
1.297211790609638982e+00
1.297211928568597461e+00
1.297212066527605012e+00
1.297212204486660303e+00
1.297212342445764444e+00
1.297212480404916768e+00
1.297212618364116610e+00
1.297212756323365523e+00
1.297212894282662621e+00
1.297213032242007680e+00
1.297213170201401145e+00
1.297213308160843015e+00
1.297213446120333069e+00
1.297213584079871529e+00
1.297213722039458172e+00
1.297213859999092778e+00
1.297213997958776233e+00
1.297214135918507649e+00
1.297214273878287027e+00
1.297214411838115034e+00
1.297214549797991445e+00
1.297214687757916041e+00
1.297214825717888598e+00
1.297214963677909561e+00
1.297215101637978929e+00
1.297215239598096703e+00
1.297215377558262217e+00
1.297215515518476803e+00
1.297215653478738906e+00
1.297215791439049637e+00
1.297215929399408774e+00
1.297216067359816094e+00
1.297216205320271598e+00
1.297216343280775730e+00
1.297216481241327379e+00
1.297216619201927656e+00
1.297216757162576339e+00
1.297216895123273428e+00
1.297217033084018478e+00
1.297217171044811712e+00
1.297217309005653574e+00
1.297217446966543619e+00
1.297217584927482070e+00
1.297217722888468705e+00
1.297217860849503301e+00
1.297217998810586304e+00
1.297218136771717711e+00
1.297218274732897303e+00
1.297218412694125300e+00
1.297218550655401703e+00
1.297218688616725846e+00
1.297218826578098616e+00
1.297218964539519792e+00
1.297219102500989374e+00
1.297219240462506251e+00
1.297219378424072422e+00
1.297219516385686111e+00
1.297219654347348650e+00
1.297219792309059594e+00
1.297219930270818500e+00
1.297220068232626033e+00
1.297220206194481085e+00
1.297220344156384986e+00
1.297220482118336848e+00
1.297220620080337339e+00
1.297220758042386235e+00
1.297220896004482871e+00
1.297221033966628134e+00
1.297221171928821581e+00
1.297221309891062990e+00
1.297221447853353027e+00
1.297221585815691469e+00
1.297221723778078095e+00
1.297221861740512683e+00
1.297221999702995676e+00
1.297222137665527075e+00
1.297222275628106658e+00
1.297222413590734202e+00
1.297222551553410597e+00
1.297222689516135175e+00
1.297222827478907714e+00
1.297222965441728881e+00
1.297223103404598010e+00
1.297223241367515323e+00
1.297223379330481485e+00
1.297223517293495609e+00
1.297223655256557695e+00
1.297223793219668408e+00
1.297223931182827306e+00
1.297224069146034608e+00
1.297224207109290095e+00
1.297224345072593987e+00
1.297224483035946063e+00
1.297224620999346323e+00
1.297224758962794988e+00
1.297224896926291393e+00
1.297225034889837092e+00
1.297225172853430308e+00
1.297225310817071708e+00
1.297225448780761736e+00
1.297225586744499726e+00
1.297225724708286343e+00
1.297225862672121366e+00
1.297226000636004350e+00
1.297226138599935741e+00
1.297226276563915315e+00
1.297226414527943295e+00
1.297226552492019236e+00
1.297226690456144027e+00
1.297226828420316336e+00
1.297226966384537272e+00
1.297227104348806836e+00
1.297227242313124362e+00
1.297227380277490294e+00
1.297227518241904409e+00
1.297227656206366930e+00
1.297227794170877413e+00
1.297227932135435857e+00
1.297228070100043373e+00
1.297228208064698629e+00
1.297228346029402735e+00
1.297228483994154580e+00
1.297228621958954831e+00
1.297228759923803265e+00
1.297228897888700327e+00
1.297229035853645573e+00
1.297229173818638781e+00
1.297229311783680394e+00
1.297229449748770413e+00
1.297229587713908616e+00
1.297229725679095225e+00
1.297229863644330017e+00
1.297230001609612993e+00
1.297230139574944374e+00
1.297230277540323939e+00
1.297230415505751910e+00
1.297230553471228287e+00
1.297230691436752847e+00
1.297230829402325369e+00
1.297230967367945853e+00
1.297231105333615409e+00
1.297231243299333148e+00
1.297231381265098848e+00
1.297231519230912955e+00
1.297231657196775245e+00
1.297231795162685941e+00
1.297231933128645043e+00
1.297232071094652106e+00
1.297232209060707575e+00
1.297232347026811228e+00
1.297232484992963508e+00
1.297232622959163750e+00
1.297232760925412620e+00
1.297232898891709452e+00
1.297233036858054023e+00
1.297233174824447888e+00
1.297233312790889492e+00
1.297233450757379725e+00
1.297233588723917919e+00
1.297233726690504518e+00
1.297233864657139302e+00
1.297234002623822047e+00
1.297234140590553642e+00
1.297234278557333420e+00
1.297234416524161160e+00
1.297234554491037528e+00
1.297234692457962080e+00
1.297234830424934815e+00
1.297234968391955290e+00
1.297235106359025281e+00
1.297235244326142789e+00
1.297235382293308481e+00
1.297235520260522579e+00
1.297235658227785082e+00
1.297235796195095769e+00
1.297235934162454640e+00
1.297236072129861917e+00
1.297236210097317599e+00
1.297236348064821243e+00
1.297236486032373293e+00
1.297236623999973970e+00
1.297236761967622609e+00
1.297236899935319210e+00
1.297237037903064438e+00
1.297237175870858072e+00
1.297237313838699890e+00
1.297237451806589892e+00
1.297237589774528077e+00
1.297237727742514446e+00
1.297237865710549665e+00
1.297238003678632401e+00
1.297238141646764431e+00
1.297238279614943757e+00
1.297238417583171488e+00
1.297238555551448069e+00
1.297238693519772390e+00
1.297238831488145339e+00
1.297238969456566471e+00
1.297239107425035565e+00
1.297239245393553286e+00
1.297239383362119192e+00
1.297239521330733947e+00
1.297239659299395775e+00
1.297239797268106676e+00
1.297239935236865982e+00
1.297240073205673028e+00
1.297240211174528923e+00
1.297240349143432558e+00
1.297240487112384599e+00
1.297240625081385046e+00
1.297240763050433898e+00
1.297240901019530934e+00
1.297241038988675932e+00
1.297241176957869557e+00
1.297241314927111366e+00
1.297241452896401581e+00
1.297241590865739980e+00
1.297241728835126562e+00
1.297241866804561772e+00
1.297242004774044721e+00
1.297242142743576077e+00
1.297242280713156060e+00
1.297242418682783782e+00
1.297242556652460133e+00
1.297242694622184445e+00
1.297242832591957606e+00
1.297242970561778952e+00
1.297243108531648259e+00
1.297243246501566194e+00
1.297243384471531868e+00
1.297243522441546393e+00
1.297243660411609101e+00
1.297243798381719770e+00
1.297243936351879068e+00
1.297244074322085883e+00
1.297244212292341770e+00
1.297244350262645840e+00
1.297244488232998094e+00
1.297244626203398532e+00
1.297244764173847376e+00
1.297244902144344625e+00
1.297245040114889392e+00
1.297245178085483230e+00
1.297245316056125253e+00
1.297245454026815459e+00
1.297245591997553849e+00
1.297245729968340866e+00
1.297245867939175623e+00
1.297246005910059008e+00
1.297246143880990576e+00
1.297246281851970329e+00
1.297246419822998265e+00
1.297246557794074828e+00
1.297246695765199354e+00
1.297246833736372285e+00
1.297246971707593843e+00
1.297247109678863142e+00
1.297247247650181068e+00
1.297247385621547178e+00
1.297247523592961471e+00
1.297247661564424170e+00
1.297247799535935053e+00
1.297247937507494564e+00
1.297248075479101592e+00
1.297248213450757470e+00
1.297248351422461532e+00
1.297248489394213777e+00
1.297248627366014651e+00
1.297248765337863263e+00
1.297248903309760726e+00
1.297249041281705928e+00
1.297249179253699758e+00
1.297249317225741772e+00
1.297249455197831747e+00
1.297249593169970350e+00
1.297249731142157358e+00
1.297249869114392551e+00
1.297250007086675927e+00
1.297250145059007487e+00
1.297250283031387452e+00
1.297250421003815601e+00
1.297250558976292378e+00
1.297250696948817339e+00
1.297250834921389817e+00
1.297250972894011367e+00
1.297251110866681101e+00
1.297251248839399018e+00
1.297251386812165341e+00
1.297251524784979626e+00
1.297251662757842539e+00
1.297251800730753413e+00
1.297251938703712471e+00
1.297252076676720378e+00
1.297252214649776025e+00
1.297252352622880522e+00
1.297252490596032981e+00
1.297252628569233401e+00
1.297252766542482449e+00
1.297252904515779681e+00
1.297253042489125319e+00
1.297253180462518918e+00
1.297253318435961145e+00
1.297253456409451777e+00
1.297253594382990594e+00
1.297253732356577594e+00
1.297253870330212555e+00
1.297254008303896144e+00
1.297254146277627918e+00
1.297254284251408096e+00
1.297254422225236237e+00
1.297254560199112783e+00
1.297254698173037957e+00
1.297254836147011314e+00
1.297254974121032411e+00
1.297255112095102358e+00
1.297255250069220489e+00
1.297255388043386803e+00
1.297255526017601523e+00
1.297255663991863983e+00
1.297255801966175293e+00
1.297255939940534786e+00
1.297256077914942685e+00
1.297256215889398545e+00
1.297256353863903033e+00
1.297256491838455483e+00
1.297256629813056339e+00
1.297256767787705156e+00
1.297256905762402823e+00
1.297257043737148896e+00
1.297257181711942708e+00
1.297257319686784705e+00
1.297257457661675106e+00
1.297257595636614358e+00
1.297257733611601349e+00
1.297257871586636746e+00
1.297258009561720105e+00
1.297258147536852313e+00
1.297258285512032261e+00
1.297258423487261281e+00
1.297258561462537596e+00
1.297258699437862761e+00
1.297258837413236110e+00
1.297258975388657642e+00
1.297259113364127581e+00
1.297259251339645703e+00
1.297259389315212674e+00
1.297259527290826941e+00
1.297259665266489836e+00
1.297259803242201359e+00
1.297259941217960844e+00
1.297260079193769178e+00
1.297260217169625029e+00
1.297260355145529509e+00
1.297260493121482172e+00
1.297260631097483241e+00
1.297260769073532494e+00
1.297260907049629930e+00
1.297261045025775772e+00
1.297261183001970020e+00
1.297261320978212451e+00
1.297261458954503288e+00
1.297261596930841865e+00
1.297261734907229513e+00
1.297261872883664902e+00
1.297262010860148695e+00
1.297262148836680895e+00
1.297262286813261278e+00
1.297262424789889845e+00
1.297262562766567040e+00
1.297262700743292196e+00
1.297262838720065536e+00
1.297262976696887282e+00
1.297263114673757878e+00
1.297263252650675991e+00
1.297263390627642288e+00
1.297263528604657434e+00
1.297263666581720543e+00
1.297263804558832279e+00
1.297263942535991976e+00
1.297264080513200080e+00
1.297264218490456145e+00
1.297264356467761059e+00
1.297264494445113936e+00
1.297264632422514996e+00
1.297264770399964462e+00
1.297264908377462111e+00
1.297265046355007945e+00
1.297265184332602406e+00
1.297265322310245050e+00
1.297265460287935879e+00
1.297265598265675335e+00
1.297265736243462309e+00
1.297265874221298132e+00
1.297266012199182139e+00
1.297266150177114996e+00
1.297266288155094927e+00
1.297266426133123929e+00
1.297266564111201115e+00
1.297266702089326706e+00
1.297266840067500038e+00
1.297266978045722441e+00
1.297267116023992362e+00
1.297267254002311132e+00
1.297267391980677864e+00
1.297267529959093002e+00
1.297267667937556324e+00
1.297267805916068051e+00
1.297267943894627740e+00
1.297268081873236056e+00
1.297268219851892779e+00
1.297268357830597685e+00
1.297268495809350553e+00
1.297268633788151826e+00
1.297268771767001727e+00
1.297268909745899590e+00
1.297269047724845858e+00
1.297269185703840311e+00
1.297269323682883169e+00
1.297269461661974210e+00
1.297269599641113436e+00
1.297269737620301067e+00
1.297269875599537103e+00
1.297270013578821324e+00
1.297270151558153506e+00
1.297270289537534760e+00
1.297270427516963531e+00
1.297270565496440931e+00
1.297270703475966735e+00
1.297270841455540502e+00
1.297270979435162452e+00
1.297271117414833030e+00
1.297271255394552014e+00
1.297271393374318738e+00
1.297271531354134089e+00
1.297271669333997846e+00
1.297271807313909564e+00
1.297271945293869688e+00
1.297272083273878440e+00
1.297272221253934710e+00
1.297272359234039829e+00
1.297272497214193132e+00
1.297272635194394841e+00
1.297272773174644733e+00
1.297272911154942809e+00
1.297273049135289513e+00
1.297273187115683957e+00
1.297273325096127028e+00
1.297273463076618061e+00
1.297273601057157721e+00
1.297273739037746010e+00
1.297273877018381594e+00
1.297274014999066472e+00
1.297274152979798867e+00
1.297274290960580112e+00
1.297274428941409097e+00
1.297274566922286709e+00
1.297274704903212506e+00
1.297274842884186707e+00
1.297274980865209315e+00
1.297275118846279884e+00
1.297275256827398637e+00
1.297275394808566018e+00
1.297275532789781582e+00
1.297275670771045331e+00
1.297275808752357484e+00
1.297275946733717822e+00
1.297276084715126343e+00
1.297276222696583492e+00
1.297276360678088825e+00
1.297276498659642119e+00
1.297276636641244041e+00
1.297276774622894369e+00
1.297276912604592214e+00
1.297277050586339353e+00
1.297277188568134232e+00
1.297277326549977738e+00
1.297277464531869207e+00
1.297277602513808414e+00
1.297277740495796916e+00
1.297277878477832935e+00
1.297278016459917804e+00
1.297278154442051079e+00
1.297278292424231871e+00
1.297278430406461514e+00
1.297278568388739339e+00
1.297278706371065349e+00
1.297278844353439764e+00
1.297278982335862363e+00
1.297279120318333590e+00
1.297279258300852334e+00
1.297279396283419928e+00
1.297279534266035705e+00
1.297279672248699889e+00
1.297279810231412256e+00
1.297279948214172363e+00
1.297280086196981541e+00
1.297280224179838903e+00
1.297280362162744671e+00
1.297280500145698179e+00
1.297280638128700314e+00
1.297280776111750633e+00
1.297280914094849136e+00
1.297281052077996266e+00
1.297281190061191358e+00
1.297281328044434634e+00
1.297281466027726982e+00
1.297281604011066625e+00
1.297281741994455118e+00
1.297281879977891794e+00
1.297282017961376432e+00
1.297282155944909920e+00
1.297282293928491370e+00
1.297282431912121003e+00
1.297282569895799043e+00
1.297282707879525709e+00
1.297282845863300338e+00
1.297282983847122928e+00
1.297283121830993924e+00
1.297283259814913547e+00
1.297283397798881355e+00
1.297283535782897346e+00
1.297283673766961520e+00
1.297283811751074545e+00
1.297283949735235309e+00
1.297284087719444701e+00
1.297284225703702054e+00
1.297284363688007813e+00
1.297284501672361978e+00
1.297284639656763883e+00
1.297284777641214637e+00
1.297284915625713575e+00
1.297285053610260697e+00
1.297285191594856446e+00
1.297285329579500157e+00
1.297285467564192496e+00
1.297285605548932352e+00
1.297285743533721059e+00
1.297285881518558170e+00
1.297286019503443022e+00
1.297286157488376945e+00
1.297286295473358164e+00
1.297286433458388455e+00
1.297286571443466707e+00
1.297286709428592921e+00
1.297286847413768207e+00
1.297286985398991455e+00
1.297287123384262886e+00
1.297287261369582501e+00
1.297287399354950743e+00
1.297287537340367169e+00
1.297287675325831335e+00
1.297287813311344573e+00
1.297287951296905772e+00
1.297288089282515156e+00
1.297288227268172944e+00
1.297288365253879139e+00
1.297288503239633517e+00
1.297288641225435635e+00
1.297288779211286824e+00
1.297288917197186198e+00
1.297289055183133533e+00
1.297289193169129051e+00
1.297289331155173198e+00
1.297289469141265750e+00
1.297289607127406486e+00
1.297289745113595183e+00
1.297289883099832508e+00
1.297290021086117795e+00
1.297290159072451710e+00
1.297290297058834030e+00
1.297290435045263868e+00
1.297290573031742333e+00
1.297290711018269205e+00
1.297290849004844704e+00
1.297290986991467943e+00
1.297291124978140031e+00
1.297291262964860081e+00
1.297291400951628315e+00
1.297291538938445177e+00
1.297291676925310000e+00
1.297291814912223007e+00
1.297291952899184642e+00
1.297292090886194238e+00
1.297292228873252462e+00
1.297292366860358648e+00
1.297292504847513461e+00
1.297292642834716458e+00
1.297292780821967195e+00
1.297292918809267004e+00
1.297293056796614774e+00
1.297293194784011172e+00
1.297293332771455088e+00
1.297293470758947631e+00
1.297293608746488802e+00
1.297293746734078157e+00
1.297293884721715695e+00
1.297294022709401196e+00
1.297294160697135101e+00
1.297294298684917857e+00
1.297294436672748352e+00
1.297294574660627475e+00
1.297294712648554560e+00
1.297294850636530272e+00
1.297294988624553724e+00
1.297295126612626026e+00
1.297295264600746512e+00
1.297295402588914737e+00
1.297295540577132034e+00
1.297295678565397514e+00
1.297295816553710512e+00
1.297295954542072582e+00
1.297296092530482614e+00
1.297296230518941051e+00
1.297296368507447450e+00
1.297296506496002477e+00
1.297296644484605910e+00
1.297296782473257304e+00
1.297296920461957326e+00
1.297297058450705309e+00
1.297297196439501477e+00
1.297297334428346494e+00
1.297297472417239472e+00
1.297297610406180635e+00
1.297297748395169981e+00
1.297297886384207732e+00
1.297298024373294334e+00
1.297298162362428231e+00
1.297298300351611422e+00
1.297298438340842131e+00
1.297298576330121467e+00
1.297298714319448765e+00
1.297298852308824690e+00
1.297298990298249022e+00
1.297299128287721093e+00
1.297299266277242458e+00
1.297299404266810896e+00
1.297299542256428406e+00
1.297299680246094100e+00
1.297299818235807978e+00
1.297299956225570261e+00
1.297300094215380506e+00
1.297300232205239379e+00
1.297300370195146435e+00
1.297300508185101453e+00
1.297300646175105321e+00
1.297300784165156928e+00
1.297300922155256941e+00
1.297301060145405582e+00
1.297301198135602185e+00
1.297301336125847637e+00
1.297301474116140829e+00
1.297301612106482649e+00
1.297301750096872430e+00
1.297301888087310173e+00
1.297302026077796988e+00
1.297302164068331543e+00
1.297302302058914725e+00
1.297302440049546091e+00
1.297302578040225640e+00
1.297302716030954040e+00
1.297302854021729734e+00
1.297302992012554279e+00
1.297303130003427007e+00
1.297303267994348142e+00
1.297303405985317459e+00
1.297303543976334739e+00
1.297303681967401312e+00
1.297303819958515181e+00
1.297303957949677455e+00
1.297304095940888358e+00
1.297304233932147444e+00
1.297304371923455379e+00
1.297304509914810389e+00
1.297304647906214692e+00
1.297304785897666957e+00
1.297304923889167405e+00
1.297305061880716259e+00
1.297305199872313297e+00
1.297305337863958741e+00
1.297305475855652590e+00
1.297305613847394179e+00
1.297305751839184618e+00
1.297305889831023018e+00
1.297306027822910046e+00
1.297306165814845036e+00
1.297306303806828653e+00
1.297306441798860455e+00
1.297306579790940217e+00
1.297306717783068608e+00
1.297306855775245182e+00
1.297306993767469940e+00
1.297307131759743104e+00
1.297307269752064673e+00
1.297307407744434204e+00
1.297307545736852141e+00
1.297307683729318706e+00
1.297307821721833010e+00
1.297307959714395942e+00
1.297308097707007279e+00
1.297308235699666801e+00
1.297308373692374728e+00
1.297308511685130394e+00
1.297308649677934911e+00
1.297308787670787611e+00
1.297308925663688495e+00
1.297309063656638006e+00
1.297309201649635035e+00
1.297309339642680914e+00
1.297309477635774977e+00
1.297309615628917445e+00
1.297309753622108319e+00
1.297309891615346933e+00
1.297310029608634396e+00
1.297310167601969599e+00
1.297310305595353652e+00
1.297310443588785445e+00
1.297310581582266309e+00
1.297310719575794913e+00
1.297310857569371700e+00
1.297310995562996894e+00
1.297311133556670493e+00
1.297311271550392275e+00
1.297311409544162686e+00
1.297311547537980836e+00
1.297311685531847614e+00
1.297311823525762353e+00
1.297311961519725942e+00
1.297312099513737271e+00
1.297312237507797228e+00
1.297312375501905368e+00
1.297312513496061692e+00
1.297312651490266422e+00
1.297312789484519779e+00
1.297312927478820876e+00
1.297313065473170379e+00
1.297313203467568510e+00
1.297313341462014602e+00
1.297313479456508878e+00
1.297313617451051559e+00
1.297313755445643091e+00
1.297313893440282140e+00
1.297314031434969817e+00
1.297314169429705899e+00
1.297314307424489943e+00
1.297314445419322837e+00
1.297314583414203248e+00
1.297314721409132510e+00
1.297314859404109733e+00
1.297314997399135583e+00
1.297315135394209396e+00
1.297315273389331836e+00
1.297315411384502459e+00
1.297315549379720823e+00
1.297315687374988258e+00
1.297315825370303655e+00
1.297315963365667235e+00
1.297316101361079221e+00
1.297316239356539613e+00
1.297316377352048189e+00
1.297316515347605170e+00
1.297316653343210335e+00
1.297316791338863684e+00
1.297316929334564994e+00
1.297317067330315377e+00
1.297317205326113720e+00
1.297317343321960248e+00
1.297317481317855181e+00
1.297317619313798298e+00
1.297317757309790043e+00
1.297317895305829527e+00
1.297318033301917639e+00
1.297318171298053935e+00
1.297318309294238636e+00
1.297318447290471521e+00
1.297318585286752812e+00
1.297318723283082509e+00
1.297318861279460611e+00
1.297318999275886231e+00
1.297319137272360701e+00
1.297319275268883576e+00
1.297319413265454413e+00
1.297319551262073656e+00
1.297319689258741304e+00
1.297319827255457136e+00
1.297319965252221152e+00
1.297320103249033574e+00
1.297320241245894179e+00
1.297320379242803412e+00
1.297320517239760163e+00
1.297320655236766207e+00
1.297320793233819991e+00
1.297320931230922403e+00
1.297321069228072998e+00
1.297321207225271777e+00
1.297321345222518740e+00
