1.000000000000000222e+00
1.000000036419340876e+00
1.000000072838766352e+00
1.000000109258275982e+00
1.000000145677869989e+00
1.000000182097548818e+00
1.000000218517311801e+00
1.000000254937159605e+00
1.000000291357091786e+00
1.000000327777108344e+00
1.000000364197209501e+00
1.000000400617395480e+00
1.000000437037665169e+00
1.000000473458019901e+00
1.000000509878458788e+00
1.000000546298982274e+00
1.000000582719590136e+00
1.000000619140283042e+00
1.000000655561059881e+00
1.000000691981921319e+00
1.000000728402867134e+00
1.000000764823897770e+00
1.000000801245012783e+00
1.000000837666211950e+00
1.000000874087495939e+00
1.000000910508864305e+00
1.000000946930317047e+00
1.000000983351854611e+00
1.000001019773476330e+00
1.000001056195182647e+00
1.000001092616973342e+00
1.000001129038848635e+00
1.000001165460808528e+00
1.000001201882852797e+00
1.000001238304981444e+00
1.000001274727194689e+00
1.000001311149492533e+00
1.000001347571874533e+00
1.000001383994341353e+00
1.000001420416892550e+00
1.000001456839528124e+00
1.000001493262248520e+00
1.000001529685053070e+00
1.000001566107942219e+00
1.000001602530915745e+00
1.000001638953973870e+00
1.000001675377116594e+00
1.000001711800343696e+00
1.000001748223655396e+00
1.000001784647051473e+00
1.000001821070531927e+00
1.000001857494097202e+00
1.000001893917746632e+00
1.000001930341480882e+00
1.000001966765299288e+00
1.000002003189202293e+00
1.000002039613189675e+00
1.000002076037261656e+00
1.000002112461418458e+00
1.000002148885659414e+00
1.000002185309984970e+00
1.000002221734394903e+00
1.000002258158889656e+00
1.000002294583468343e+00
1.000002331008131851e+00
1.000002367432879735e+00
1.000002403857712441e+00
1.000002440282629301e+00
1.000002476707630983e+00
1.000002513132716819e+00
1.000002549557887477e+00
1.000002585983142511e+00
1.000002622408481923e+00
1.000002658833905933e+00
1.000002695259414320e+00
1.000002731685007085e+00
1.000002768110684670e+00
1.000002804536446632e+00
1.000002840962293194e+00
1.000002877388224132e+00
1.000002913814239669e+00
1.000002950240339583e+00
1.000002986666523874e+00
1.000003023092792986e+00
1.000003059519146253e+00
1.000003095945584342e+00
1.000003132372106807e+00
1.000003168798713871e+00
1.000003205225405534e+00
1.000003241652181574e+00
1.000003278079041769e+00
1.000003314505986785e+00
1.000003350933016399e+00
1.000003387360130169e+00
1.000003423787328760e+00
1.000003460214611728e+00
1.000003496641979295e+00
1.000003533069431239e+00
1.000003569496967781e+00
1.000003605924588701e+00
1.000003642352294442e+00
1.000003678780084337e+00
1.000003715207958832e+00
1.000003751635917926e+00
1.000003788063961618e+00
1.000003824492089466e+00
1.000003860920301912e+00
1.000003897348598958e+00
1.000003933776980602e+00
1.000003970205446846e+00
1.000004006633997244e+00
1.000004043062632464e+00
1.000004079491352060e+00
1.000004115920156034e+00
1.000004152349044606e+00
1.000004188778017777e+00
1.000004225207075326e+00
1.000004261636217473e+00
1.000004298065444219e+00
1.000004334494755565e+00
1.000004370924151065e+00
1.000004407353631386e+00
1.000004443783195862e+00
1.000004480212845159e+00
1.000004516642578833e+00
1.000004553072397107e+00
1.000004589502299757e+00
1.000004625932287228e+00
1.000004662362358854e+00
1.000004698792515079e+00
1.000004735222755903e+00
1.000004771653081326e+00
1.000004808083490904e+00
1.000004844513985303e+00
1.000004880944564079e+00
1.000004917375227675e+00
1.000004953805975427e+00
1.000004990236808000e+00
1.000005026667724728e+00
1.000005063098726055e+00
1.000005099529812203e+00
1.000005135960982727e+00
1.000005172392237629e+00
1.000005208823576908e+00
1.000005245255001007e+00
1.000005281686509484e+00
1.000005318118102560e+00
1.000005354549780234e+00
1.000005390981542064e+00
1.000005427413388714e+00
1.000005463845319742e+00
1.000005500277335146e+00
1.000005536709435594e+00
1.000005573141620197e+00
1.000005609573889620e+00
1.000005646006243198e+00
1.000005682438681376e+00
1.000005718871204152e+00
1.000005755303811306e+00
1.000005791736503058e+00
1.000005828169279631e+00
1.000005864602140138e+00
1.000005901035085465e+00
1.000005937468115391e+00
1.000005973901229694e+00
1.000006010334428597e+00
1.000006046767712320e+00
1.000006083201080198e+00
1.000006119634532675e+00
1.000006156068069751e+00
1.000006192501690983e+00
1.000006228935397035e+00
1.000006265369187686e+00
1.000006301803062714e+00
1.000006338237022563e+00
1.000006374671066345e+00
1.000006411105195170e+00
1.000006447539408372e+00
1.000006483973705951e+00
1.000006520408088351e+00
1.000006556842555128e+00
1.000006593277106282e+00
1.000006629711742256e+00
1.000006666146462608e+00
1.000006702581267559e+00
1.000006739016156887e+00
1.000006775451131036e+00
1.000006811886189118e+00
1.000006848321332242e+00
1.000006884756559522e+00
1.000006921191871623e+00
1.000006957627268322e+00
1.000006994062749399e+00
1.000007030498315075e+00
1.000007066933965127e+00
1.000007103369700001e+00
1.000007139805519252e+00
1.000007176241423101e+00
1.000007212677411328e+00
1.000007249113483931e+00
1.000007285549641356e+00
1.000007321985883157e+00
1.000007358422209558e+00
1.000007394858620557e+00
1.000007431295115934e+00
1.000007467731696131e+00
1.000007504168360484e+00
1.000007540605109657e+00
1.000007577041943208e+00
1.000007613478861357e+00
1.000007649915863883e+00
1.000007686352951231e+00
1.000007722790122955e+00
1.000007759227379278e+00
1.000007795664720200e+00
1.000007832102145278e+00
1.000007868539655398e+00
1.000007904977249673e+00
1.000007941414928769e+00
1.000007977852692020e+00
1.000008014290540315e+00
1.000008050728472764e+00
1.000008087166489812e+00
1.000008123604591237e+00
1.000008160042777483e+00
1.000008196481048106e+00
1.000008232919403772e+00
1.000008269357843371e+00
1.000008305796367791e+00
1.000008342234976366e+00
1.000008378673669762e+00
1.000008415112447757e+00
1.000008451551310351e+00
1.000008487990257544e+00
1.000008524429288892e+00
1.000008560868405061e+00
1.000008597307605607e+00
1.000008633746890752e+00
1.000008670186260495e+00
1.000008706625714838e+00
1.000008743065253558e+00
1.000008779504877099e+00
1.000008815944584795e+00
1.000008852384377311e+00
1.000008888824254205e+00
1.000008925264215920e+00
1.000008961704261790e+00
1.000008998144392480e+00
1.000009034584607770e+00
1.000009071024907437e+00
1.000009107465291480e+00
1.000009143905760345e+00
1.000009180346313808e+00
1.000009216786951649e+00
1.000009253227673867e+00
1.000009289668480905e+00
1.000009326109372321e+00
1.000009362550348335e+00
1.000009398991408949e+00
1.000009435432554161e+00
1.000009471873783973e+00
1.000009508315098161e+00
1.000009544756496949e+00
1.000009581197980113e+00
1.000009617639548098e+00
1.000009654081200461e+00
1.000009690522937644e+00
1.000009726964759205e+00
1.000009763406665142e+00
1.000009799848655678e+00
1.000009836290731036e+00
1.000009872732890770e+00
1.000009909175135103e+00
1.000009945617463814e+00
1.000009982059877123e+00
1.000010018502375253e+00
1.000010054944957538e+00
1.000010091387624644e+00
1.000010127830376350e+00
1.000010164273212432e+00
1.000010200716133113e+00
1.000010237159138393e+00
1.000010273602228050e+00
1.000010310045402528e+00
1.000010346488661384e+00
1.000010382932004838e+00
1.000010419375432891e+00
1.000010455818945543e+00
1.000010492262542572e+00
1.000010528706224200e+00
1.000010565149990427e+00
1.000010601593841031e+00
1.000010638037776678e+00
1.000010674481796480e+00
1.000010710925900881e+00
1.000010747370089881e+00
1.000010783814363480e+00
1.000010820258721456e+00
1.000010856703164253e+00
1.000010893147691426e+00
1.000010929592303199e+00
1.000010966036999571e+00
1.000011002481780542e+00
1.000011038926646112e+00
1.000011075371596059e+00
1.000011111816630383e+00
1.000011148261749749e+00
1.000011184706953493e+00
1.000011221152241392e+00
1.000011257597614334e+00
1.000011294043071874e+00
1.000011330488613792e+00
1.000011366934240309e+00
1.000011403379951425e+00
1.000011439825746917e+00
1.000011476271627231e+00
1.000011512717591700e+00
1.000011549163641211e+00
1.000011585609774878e+00
1.000011622055993588e+00
1.000011658502296452e+00
1.000011694948683916e+00
1.000011731395156200e+00
1.000011767841712862e+00
1.000011804288353900e+00
1.000011840735079760e+00
1.000011877181890219e+00
1.000011913628785054e+00
1.000011950075764711e+00
1.000011986522828744e+00
1.000012022969977599e+00
1.000012059417210608e+00
1.000012095864528439e+00
1.000012132311930646e+00
1.000012168759417452e+00
1.000012205206988858e+00
1.000012241654645084e+00
1.000012278102385466e+00
1.000012314550210668e+00
1.000012350998120692e+00
1.000012387446114870e+00
1.000012423894193647e+00
1.000012460342357024e+00
1.000012496790604999e+00
1.000012533238937795e+00
1.000012569687354969e+00
1.000012606135856741e+00
1.000012642584442890e+00
1.000012679033113638e+00
1.000012715481869208e+00
1.000012751930709154e+00
1.000012788379633921e+00
1.000012824828642843e+00
1.000012861277736587e+00
1.000012897726914929e+00
1.000012934176177648e+00
1.000012970625524966e+00
1.000013007074957327e+00
1.000013043524473400e+00
1.000013079974074959e+00
1.000013116423760451e+00
1.000013152873530764e+00
1.000013189323385676e+00
1.000013225773325187e+00
1.000013262223349075e+00
1.000013298673457784e+00
1.000013335123651093e+00
1.000013371573928556e+00
1.000013408024290840e+00
1.000013444474737723e+00
1.000013480925269427e+00
1.000013517375885286e+00
1.000013553826585744e+00
1.000013590277371023e+00
1.000013626728240679e+00
1.000013663179195156e+00
1.000013699630234010e+00
1.000013736081357685e+00
1.000013772532565737e+00
1.000013808983858388e+00
1.000013845435235638e+00
1.000013881886697265e+00
1.000013918338243712e+00
1.000013954789874537e+00
1.000013991241590405e+00
1.000014027693390206e+00
1.000014064145275050e+00
1.000014100597244493e+00
1.000014137049298091e+00
1.000014173501436954e+00
1.000014209953659750e+00
1.000014246405967144e+00
1.000014282858359582e+00
1.000014319310836175e+00
1.000014355763397811e+00
1.000014392216043824e+00
1.000014428668774213e+00
1.000014465121589202e+00
1.000014501574488790e+00
1.000014538027473199e+00
1.000014574480541985e+00
1.000014610933695591e+00
1.000014647386933575e+00
1.000014683840255936e+00
1.000014720293663339e+00
1.000014756747155120e+00
1.000014793200731500e+00
1.000014829654392479e+00
1.000014866108138056e+00
1.000014902561968011e+00
1.000014939015882787e+00
1.000014975469881939e+00
1.000015011923965913e+00
1.000015048378134486e+00
1.000015084832387435e+00
1.000015121286724984e+00
1.000015157741147354e+00
1.000015194195654100e+00
1.000015230650245668e+00
1.000015267104921612e+00
1.000015303559682156e+00
1.000015340014527077e+00
1.000015376469457262e+00
1.000015412924471381e+00
1.000015449379570320e+00
1.000015485834753859e+00
1.000015522290021996e+00
1.000015558745374733e+00
1.000015595200812069e+00
1.000015631656334225e+00
1.000015668111940537e+00
1.000015704567631447e+00
1.000015741023407179e+00
1.000015777479267509e+00
1.000015813935212217e+00
1.000015850391241745e+00
1.000015886847355651e+00
1.000015923303554599e+00
1.000015959759837703e+00
1.000015996216205405e+00
1.000016032672657929e+00
1.000016069129195051e+00
1.000016105585816550e+00
1.000016142042522649e+00
1.000016178499313568e+00
1.000016214956188865e+00
1.000016251413148982e+00
1.000016287870193477e+00
1.000016324327322570e+00
1.000016360784536484e+00
1.000016397241834776e+00
1.000016433699217888e+00
1.000016470156685378e+00
1.000016506614237466e+00
1.000016543071874375e+00
1.000016579529595662e+00
1.000016615987401547e+00
1.000016652445292031e+00
1.000016688903267559e+00
1.000016725361327019e+00
1.000016761819471522e+00
1.000016798277700181e+00
1.000016834736013882e+00
1.000016871194412182e+00
1.000016907652894860e+00
1.000016944111462358e+00
1.000016980570114233e+00
1.000017017028850708e+00
1.000017053487671781e+00
1.000017089946577675e+00
1.000017126405567947e+00
1.000017162864643261e+00
1.000017199323802730e+00
1.000017235783046798e+00
1.000017272242375466e+00
1.000017308701788954e+00
1.000017345161286819e+00
1.000017381620869505e+00
1.000017418080536569e+00
1.000017454540288453e+00
1.000017491000124714e+00
1.000017527460045796e+00
1.000017563920051478e+00
1.000017600380141758e+00
1.000017636840316415e+00
1.000017673300575671e+00
1.000017709760919971e+00
1.000017746221348647e+00
1.000017782681861922e+00
1.000017819142459574e+00
1.000017855603142047e+00
1.000017892063909120e+00
1.000017928524761013e+00
1.000017964985697061e+00
1.000018001446717930e+00
1.000018037907823620e+00
1.000018074369013688e+00
1.000018110830288354e+00
1.000018147291647619e+00
1.000018183753091483e+00
1.000018220214620168e+00
1.000018256676233230e+00
1.000018293137930891e+00
1.000018329599713596e+00
1.000018366061580455e+00
1.000018402523532135e+00
1.000018438985568192e+00
1.000018475447689070e+00
1.000018511909894547e+00
1.000018548372184846e+00
1.000018584834559077e+00
1.000018621297018573e+00
1.000018657759562446e+00
1.000018694222190918e+00
1.000018730684903989e+00
1.000018767147701659e+00
1.000018803610583928e+00
1.000018840073551019e+00
1.000018876536602486e+00
1.000018912999738774e+00
1.000018949462959661e+00
1.000018985926264925e+00
1.000019022389655232e+00
1.000019058853129472e+00
1.000019095316688977e+00
1.000019131780332859e+00
1.000019168244061119e+00
1.000019204707874421e+00
1.000019241171772322e+00
1.000019277635754378e+00
1.000019314099821477e+00
1.000019350563972953e+00
1.000019387028209250e+00
1.000019423492530146e+00
1.000019459956935641e+00
1.000019496421425513e+00
1.000019532886000206e+00
1.000019569350659721e+00
1.000019605815403390e+00
1.000019642280231880e+00
1.000019678745145191e+00
1.000019715210142879e+00
1.000019751675225388e+00
1.000019788140392496e+00
1.000019824605643981e+00
1.000019861070980287e+00
1.000019897536401192e+00
1.000019934001906696e+00
1.000019970467496799e+00
1.000020006933171723e+00
1.000020043398931024e+00
1.000020079864774925e+00
1.000020116330703424e+00
1.000020152796716744e+00
1.000020189262814663e+00
1.000020225728997181e+00
1.000020262195264298e+00
1.000020298661616014e+00
1.000020335128052329e+00
1.000020371594573465e+00
1.000020408061179200e+00
1.000020444527869312e+00
1.000020480994644245e+00
1.000020517461503777e+00
1.000020553928447908e+00
1.000020590395476416e+00
1.000020626862589967e+00
1.000020663329787896e+00
1.000020699797070645e+00
1.000020736264437771e+00
1.000020772731889718e+00
1.000020809199426042e+00
1.000020845667047409e+00
1.000020882134753153e+00
1.000020918602543718e+00
1.000020955070418660e+00
1.000020991538378201e+00
1.000021028006422563e+00
1.000021064474551524e+00
1.000021100942765084e+00
1.000021137411063243e+00
1.000021173879446224e+00
1.000021210347913359e+00
1.000021246816465537e+00
1.000021283285102092e+00
1.000021319753823690e+00
1.000021356222629443e+00
1.000021392691520239e+00
1.000021429160495412e+00
1.000021465629555406e+00
1.000021502098699777e+00
1.000021538567929191e+00
1.000021575037242760e+00
1.000021611506641150e+00
1.000021647976124139e+00
1.000021684445691950e+00
1.000021720915344137e+00
1.000021757385081367e+00
1.000021793854902752e+00
1.000021830324808958e+00
1.000021866794799985e+00
1.000021903264875389e+00
1.000021939735035614e+00
1.000021976205280438e+00
1.000022012675609639e+00
1.000022049146023884e+00
1.000022085616522283e+00
1.000022122087105725e+00
1.000022158557773766e+00
1.000022195028526406e+00
1.000022231499363645e+00
1.000022267970285261e+00
1.000022304441291920e+00
1.000022340912383179e+00
1.000022377383559036e+00
1.000022413854819048e+00
1.000022450326164325e+00
1.000022486797594201e+00
1.000022523269108454e+00
1.000022559740707528e+00
1.000022596212390980e+00
1.000022632684159474e+00
1.000022669156012123e+00
1.000022705627950037e+00
1.000022742099972106e+00
1.000022778572078996e+00
1.000022815044270486e+00
1.000022851516546574e+00
1.000022887988907261e+00
1.000022924461352769e+00
1.000022960933882876e+00
1.000022997406497582e+00
1.000023033879196888e+00
1.000023070351981014e+00
1.000023106824849517e+00
1.000023143297802619e+00
1.000023179770840986e+00
1.000023216243963287e+00
1.000023252717170852e+00
1.000023289190462572e+00
1.000023325663839335e+00
1.000023362137300253e+00
1.000023398610845993e+00
1.000023435084476553e+00
1.000023471558191712e+00
1.000023508031991470e+00
1.000023544505875828e+00
1.000023580979844784e+00
1.000023617453898561e+00
1.000023653928036937e+00
1.000023690402259913e+00
1.000023726876567487e+00
1.000023763350959882e+00
1.000023799825436654e+00
1.000023836299998248e+00
1.000023872774644662e+00
1.000023909249375453e+00
1.000023945724191066e+00
1.000023982199091277e+00
1.000024018674076309e+00
1.000024055149145497e+00
1.000024091624299949e+00
1.000024128099538556e+00
1.000024164574862207e+00
1.000024201050270234e+00
1.000024237525762860e+00
1.000024274001340530e+00
1.000024310477002576e+00
1.000024346952749221e+00
1.000024383428580688e+00
1.000024419904496531e+00
1.000024456380497195e+00
1.000024492856582681e+00
1.000024529332752765e+00
1.000024565809007226e+00
1.000024602285346731e+00
1.000024638761770612e+00
1.000024675238279315e+00
1.000024711714872616e+00
1.000024748191550517e+00
1.000024784668313238e+00
1.000024821145160336e+00
1.000024857622092478e+00
1.000024894099108996e+00
1.000024930576210114e+00
1.000024967053395830e+00
1.000025003530666590e+00
1.000025040008021948e+00
1.000025076485461684e+00
1.000025112962986240e+00
1.000025149440595396e+00
1.000025185918289150e+00
1.000025222396067948e+00
1.000025258873930900e+00
1.000025295351878896e+00
1.000025331829911490e+00
1.000025368308028462e+00
1.000025404786230254e+00
1.000025441264516646e+00
1.000025477742887636e+00
1.000025514221343670e+00
1.000025550699884080e+00
1.000025587178509312e+00
1.000025623657218921e+00
1.000025660136013350e+00
1.000025696614892823e+00
1.000025733093856450e+00
1.000025769572904677e+00
1.000025806052037947e+00
1.000025842531255815e+00
1.000025879010558283e+00
1.000025915489945350e+00
1.000025951969417015e+00
1.000025988448973502e+00
1.000026024928614587e+00
1.000026061408340272e+00
1.000026097888150778e+00
1.000026134368045883e+00
1.000026170848025586e+00
1.000026207328089889e+00
1.000026243808239235e+00
1.000026280288472957e+00
1.000026316768791501e+00
1.000026353249194644e+00
1.000026389729682386e+00
1.000026426210254726e+00
1.000026462690911666e+00
1.000026499171653427e+00
1.000026535652480231e+00
1.000026572133390967e+00
1.000026608614387191e+00
1.000026645095467348e+00
1.000026681576632548e+00
1.000026718057882347e+00
1.000026754539216745e+00
1.000026791020635963e+00
1.000026827502139781e+00
1.000026863983728642e+00
1.000026900465401436e+00
1.000026936947159495e+00
1.000026973429001931e+00
1.000027009910929188e+00
1.000027046392941044e+00
1.000027082875037499e+00
1.000027119357218552e+00
1.000027155839484427e+00
1.000027192321835345e+00
1.000027228804270196e+00
1.000027265286790312e+00
1.000027301769395027e+00
1.000027338252084119e+00
1.000027374734858032e+00
1.000027411217716544e+00
1.000027447700660099e+00
1.000027484183688031e+00
1.000027520666800562e+00
1.000027557149997914e+00
1.000027593633279865e+00
1.000027630116646415e+00
1.000027666600097787e+00
1.000027703083633979e+00
1.000027739567254548e+00
1.000027776050959938e+00
1.000027812534749927e+00
1.000027849018624959e+00
1.000027885502584146e+00
1.000027921986628154e+00
1.000027958470757206e+00
1.000027994954970634e+00
1.000028031439268661e+00
1.000028067923651509e+00
1.000028104408119178e+00
1.000028140892671225e+00
1.000028177377308092e+00
1.000028213862029558e+00
1.000028250346836067e+00
1.000028286831726732e+00
1.000028323316702439e+00
1.000028359801762745e+00
1.000028396286907650e+00
1.000028432772137377e+00
1.000028469257451702e+00
1.000028505742850626e+00
1.000028542228334372e+00
1.000028578713902494e+00
1.000028615199555659e+00
1.000028651685293424e+00
1.000028688171115787e+00
1.000028724657022972e+00
1.000028761143014977e+00
1.000028797629091359e+00
1.000028834115252341e+00
1.000028870601498365e+00
1.000028907087828767e+00
1.000028943574244211e+00
1.000028980060744033e+00
1.000029016547328675e+00
1.000029053033997917e+00
1.000029089520751979e+00
1.000029126007590641e+00
1.000029162494513901e+00
1.000029198981522205e+00
1.000029235468614885e+00
1.000029271955792165e+00
1.000029308443054488e+00
1.000029344930401187e+00
1.000029381417832708e+00
1.000029417905349050e+00
1.000029454392949768e+00
1.000029490880635308e+00
1.000029527368405668e+00
1.000029563856260628e+00
1.000029600344200187e+00
1.000029636832224567e+00
1.000029673320333767e+00
1.000029709808527567e+00
1.000029746296805966e+00
1.000029782785168964e+00
1.000029819273616560e+00
1.000029855762149200e+00
1.000029892250766439e+00
1.000029928739468277e+00
1.000029965228254936e+00
1.000030001717126193e+00
1.000030038206082050e+00
1.000030074695122950e+00
1.000030111184248227e+00
1.000030147673458103e+00
1.000030184162753022e+00
1.000030220652132540e+00
1.000030257141596879e+00
1.000030293631145595e+00
1.000030330120778910e+00
1.000030366610497268e+00
1.000030403100300225e+00
1.000030439590188003e+00
1.000030476080160380e+00
1.000030512570217134e+00
1.000030549060358931e+00
1.000030585550585327e+00
1.000030622040896544e+00
1.000030658531292360e+00
1.000030695021772775e+00
1.000030731512338011e+00
1.000030768002988069e+00
1.000030804493722725e+00
1.000030840984541980e+00
1.000030877475445834e+00
1.000030913966434731e+00
1.000030950457508228e+00
1.000030986948666323e+00
1.000031023439909239e+00
1.000031059931236532e+00
1.000031096422648869e+00
1.000031132914146026e+00
1.000031169405727560e+00
1.000031205897393916e+00
1.000031242389145092e+00
1.000031278880980645e+00
1.000031315372901242e+00
1.000031351864906215e+00
1.000031388356996231e+00
1.000031424849170847e+00
1.000031461341429839e+00
1.000031497833773875e+00
1.000031534326202731e+00
1.000031570818716187e+00
1.000031607311314019e+00
1.000031643803997117e+00
1.000031680296764591e+00
1.000031716789616887e+00
1.000031753282554003e+00
1.000031789775575497e+00
1.000031826268681812e+00
1.000031862761872947e+00
1.000031899255148460e+00
1.000031935748509015e+00
1.000031972241954170e+00
1.000032008735483924e+00
1.000032045229098721e+00
1.000032081722798116e+00
1.000032118216582111e+00
1.000032154710450705e+00
1.000032191204404119e+00
1.000032227698442355e+00
1.000032264192565412e+00
1.000032300686772846e+00
1.000032337181065323e+00
1.000032373675442177e+00
1.000032410169903851e+00
1.000032446664450347e+00
1.000032483159081442e+00
1.000032519653797358e+00
1.000032556148597873e+00
1.000032592643482987e+00
1.000032629138453144e+00
1.000032665633507678e+00
1.000032702128647255e+00
1.000032738623871431e+00
1.000032775119180206e+00
1.000032811614573802e+00
1.000032848110051997e+00
1.000032884605615013e+00
1.000032921101262851e+00
1.000032957596995287e+00
1.000032994092812322e+00
1.000033030588714178e+00
1.000033067084700633e+00
1.000033103580772131e+00
1.000033140076928007e+00
1.000033176573168703e+00
1.000033213069494220e+00
1.000033249565904336e+00
1.000033286062399052e+00
1.000033322558978810e+00
1.000033359055642945e+00
1.000033395552392124e+00
1.000033432049226123e+00
1.000033468546144277e+00
1.000033505043147697e+00
1.000033541540235715e+00
1.000033578037408111e+00
1.000033614534665549e+00
1.000033651032007587e+00
1.000033687529434445e+00
1.000033724026946125e+00
1.000033760524542181e+00
1.000033797022223281e+00
1.000033833519988757e+00
1.000033870017839277e+00
1.000033906515774396e+00
1.000033943013794113e+00
1.000033979511898874e+00
1.000034016010088012e+00
1.000034052508361970e+00
1.000034089006720972e+00
1.000034125505164129e+00
1.000034162003692551e+00
1.000034198502305349e+00
1.000034235001003191e+00
1.000034271499785410e+00
1.000034307998652672e+00
1.000034344497604311e+00
1.000034380996640992e+00
1.000034417495762273e+00
1.000034453994968375e+00
1.000034490494259076e+00
1.000034526993634376e+00
1.000034563493094719e+00
1.000034599992639439e+00
1.000034636492269202e+00
1.000034672991983564e+00
1.000034709491782747e+00
1.000034745991666307e+00
1.000034782491634910e+00
1.000034818991688335e+00
1.000034855491826358e+00
1.000034891992048980e+00
1.000034928492356645e+00
1.000034964992748687e+00
1.000035001493225773e+00
1.000035037993787457e+00
1.000035074494433740e+00
1.000035110995165066e+00
1.000037808112875570e+00
1.000040836488067075e+00
1.000043865446477387e+00
1.000046894988257939e+00
1.000049925113557947e+00
1.000052955822527956e+00
1.000055987115318290e+00
1.000059018992079274e+00
1.000062051452961454e+00
1.000065084498114709e+00
1.000068118127690031e+00
1.000071749654204867e+00
1.000076934338283374e+00
1.000082120729434365e+00
1.000087308828409238e+00
1.000092498635959615e+00
1.000097690152837782e+00
1.000102883379796248e+00
1.000109096639956618e+00
1.000116413835360651e+00
1.000123734425681921e+00
1.000131058413025853e+00
1.000138385799499430e+00
1.000147093015699928e+00
1.000156539090741870e+00
1.000165990814687378e+00
1.000175448192052396e+00
1.000186813030780719e+00
1.000198390481571220e+00
1.000209976404213386e+00
1.000223329565367525e+00
1.000237039308265130e+00
1.000251264914246763e+00
1.000267102106010109e+00
1.000282955109037308e+00
1.000300901296321987e+00
1.000318892325648967e+00
1.000354725087948093e+00
1.000390638790644049e+00
1.000426633677770516e+00
1.000462709994266675e+00
1.000498867985986751e+00
1.000535107899708231e+00
1.000571429983136751e+00
1.000607834484912528e+00
1.000644321654614144e+00
1.000680891742765199e+00
1.000717545000837427e+00
1.000754281681256241e+00
1.000791102037404734e+00
1.000828006323628783e+00
1.000864994795241047e+00
1.000902067708524967e+00
1.000939225320741199e+00
1.000976467890129840e+00
1.001013795675915974e+00
1.001051208938314341e+00
1.001088707938534661e+00
1.001126292938784523e+00
1.001163964202274048e+00
1.001201721993222993e+00
1.001239566576862083e+00
1.001277498219439899e+00
1.001315517188227533e+00
1.001353623751521704e+00
1.001391818178651416e+00
1.001430100739980400e+00
1.001468471706915109e+00
1.001506931351906715e+00
1.001545479948457107e+00
1.001584117771123772e+00
1.001622845095524461e+00
1.001661662198342295e+00
1.001700569357330428e+00
1.001739566851317820e+00
1.001778654960213011e+00
1.001817833965009896e+00
1.001857104147792610e+00
1.001896465791741075e+00
1.001935919181135448e+00
1.001975464601361443e+00
1.002015102338915442e+00
1.002054832681410268e+00
1.002094655917579846e+00
1.002134572337284091e+00
1.002174582231515343e+00
1.002214685892402368e+00
1.002254883613216796e+00
1.002295175688378004e+00
1.002335562413457781e+00
1.002376044085188100e+00
1.002416621001462893e+00
1.002457293461347376e+00
1.002498061765080495e+00
1.002538926214083137e+00
1.002579887110961687e+00
1.002620944759513799e+00
1.002662099464735279e+00
1.002703351532824749e+00
1.002744701271189864e+00
1.002786148988452197e+00
1.002827694994454122e+00
1.002869339600263920e+00
1.002911083118181779e+00
1.002952925861746003e+00
1.002994868145738350e+00
1.003036910286189798e+00
1.003079052600387655e+00
1.003121295406880442e+00
1.003163639025483889e+00
1.003206083777287594e+00
1.003248629984661466e+00
1.003291277971260387e+00
1.003334028062031980e+00
1.003376880583221276e+00
1.003419835862379150e+00
1.003462894228365432e+00
1.003506056011358449e+00
1.003549321542858586e+00
1.003592691155697825e+00
1.003636165184042639e+00
1.003679743963402204e+00
1.003723427830635728e+00
1.003767217123957778e+00
1.003811112182944276e+00
1.003855113348540495e+00
1.003899220963066830e+00
1.003943435370226345e+00
1.003987756915110330e+00
1.004032185944205180e+00
1.004076722805400390e+00
1.004121367847993884e+00
1.004166121422699565e+00
1.004210983881654640e+00
1.004255955578426285e+00
1.004301036868017194e+00
1.004346228106875127e+00
1.004391529652898241e+00
1.004436941865442190e+00
1.004482465105328348e+00
1.004528099734849356e+00
1.004573846117778668e+00
1.004619704619375220e+00
1.004665675606393194e+00
1.004711759447086905e+00
1.004757956511220129e+00
1.004804267170072096e+00
1.004850691796446815e+00
1.004897230764678406e+00
1.004943884450640201e+00
1.004990653231752074e+00
1.005037537486987320e+00
1.005084537596881322e+00
1.005131653943538428e+00
1.005178886910640168e+00
1.005226236883453694e+00
1.005273704248837774e+00
1.005321289395253892e+00
1.005368992712769804e+00
1.005416814593072194e+00
1.005464755429471113e+00
1.005512815616910194e+00
1.005560995551973758e+00
1.005609295632895916e+00
1.005657716259567458e+00
1.005706257833545392e+00
1.005754920758060944e+00
1.005803705438027107e+00
1.005852612280048630e+00
1.005901641692429349e+00
1.005950794085180844e+00
1.006000069870031544e+00
1.006049469460434720e+00
1.006098993271578035e+00
1.006148641720391312e+00
1.006198415225555420e+00
1.006248314207512484e+00
1.006298339088472549e+00
1.006348490292424680e+00
1.006398768245144737e+00
1.006449173374204031e+00
1.006499706108980430e+00
1.006550366880664793e+00
1.006601156122272522e+00
1.006652074268651331e+00
1.006703121756491681e+00
1.006754299024335220e+00
1.006805606512584550e+00
1.006857044663513001e+00
1.006908613921273954e+00
1.006960314731909945e+00
1.007012147543363545e+00
1.007064112805486245e+00
1.007116210970047998e+00
1.007168442490747440e+00
1.007220807823221653e+00
1.007273307425057274e+00
1.007325941755797816e+00
1.007378711276956995e+00
1.007431616452026057e+00
1.007484657746485324e+00
1.007537835627815292e+00
1.007591150565505522e+00
1.007644603031063957e+00
1.007698193498031358e+00
1.007751922441987524e+00
1.007805790340564833e+00
1.007859797673456903e+00
1.007913944922430360e+00
1.007968232571335720e+00
1.008022661106116935e+00
1.008077231014824493e+00
1.008131942787624080e+00
1.008186796916809236e+00
1.008241793896811567e+00
1.008296934224211849e+00
1.008352218397752686e+00
1.008407646918347611e+00
1.008463220289094187e+00
1.008518939015284666e+00
1.008574803604417092e+00
1.008630814566209066e+00
1.008686972412605742e+00
1.008743277657795367e+00
1.008799730818218610e+00
1.008856332412580548e+00
1.008913082961864438e+00
1.008969982989341707e+00
1.009027033020584385e+00
1.009084233583479095e+00
1.009141585208236824e+00
1.009199088427406465e+00
1.009256743775887477e+00
1.009314551790941650e+00
1.009372513012205541e+00
1.009430627981704687e+00
1.009488897243863814e+00
1.009547321345521720e+00
1.009605900835943260e+00
1.009664636266832005e+00
1.009723528192344455e+00
1.009782577169101359e+00
1.009841783756202149e+00
1.009901148515238267e+00
1.009960672010305816e+00
1.010020354808019771e+00
1.010080197477526420e+00
1.010140200590518678e+00
1.010200364721247412e+00
1.010260690446537213e+00
1.010321178345800153e+00
1.010381829001047782e+00
1.010442642996907781e+00
1.010503620920636392e+00
1.010564763362132634e+00
1.010626070913954289e+00
1.010687544171329444e+00
1.010749183732174261e+00
1.010810990197104742e+00
1.010872964169452715e+00
1.010935106255281157e+00
1.010997417063397741e+00
1.011059897205370373e+00
1.011122547295542740e+00
1.011185367951048075e+00
1.011248359791826479e+00
1.011311523440638016e+00
1.011374859523080039e+00
1.011438368667601395e+00
1.011502051505519084e+00
1.011565908671032687e+00
1.011629940801242133e+00
1.011694148536161242e+00
1.011758532518735265e+00
1.011823093394858430e+00
1.011887831813385930e+00
1.011952748426155235e+00
1.012017843887998980e+00
1.012083118856762942e+00
1.012148573993322920e+00
1.012214209961600719e+00
1.012280027428581031e+00
1.012346027064330523e+00
1.012412209542011832e+00
1.012478575537902437e+00
1.012545125731411977e+00
1.012611860805100017e+00
1.012678781444692033e+00
1.012745888339099620e+00
1.012813182180435367e+00
1.012880663664032843e+00
1.012948333488464137e+00
1.013016192355558287e+00
1.013084240970418382e+00
1.013152480041439985e+00
1.013220910280332454e+00
1.013289532402133819e+00
1.013358347125231873e+00
1.013427355171381494e+00
1.013496557265725517e+00
1.013565954136812275e+00
1.013635546516615360e+00
1.013705335140552943e+00
1.013775320747507980e+00
1.013845504079846194e+00
1.013915885883437840e+00
1.013986466907676132e+00
1.014057247905497228e+00
1.014128229633402212e+00
1.014199412851475302e+00
1.014270798323404721e+00
1.014342386816504682e+00
1.014414179101733593e+00
1.014486175953717817e+00
1.014558378150770102e+00
1.014630786474912005e+00
1.014703401711895214e+00
1.014776224651222414e+00
1.014849256086169049e+00
1.014922496813804864e+00
1.014995947635016771e+00
1.015069609354528612e+00
1.015143482780925810e+00
1.015217568726676012e+00
1.015291868008152631e+00
1.015366381445655497e+00
1.015441109863436386e+00
1.015516054089719677e+00
1.015591214956726329e+00
1.015666593300697196e+00
1.015742189961916120e+00
1.015818005784733025e+00
1.015894041617588783e+00
1.015970298313037423e+00
1.016046776727772105e+00
1.016123477722647772e+00
1.016200402162705796e+00
1.016277550917199068e+00
1.016354924859615982e+00
1.016432524867705744e+00
1.016510351823503244e+00
1.016588406613353923e+00
1.016666690127939976e+00
1.016745203262304775e+00
1.016823946915879739e+00
1.016902921992509201e+00
1.016982129400476831e+00
1.017061570052532726e+00
1.017141244865918281e+00
1.017221154762394164e+00
1.017301300668266295e+00
1.017381683514413382e+00
1.017462304236313342e+00
1.017543163774071946e+00
1.017624263072449020e+00
1.017705603080886645e+00
1.017787184753537577e+00
1.017869009049293449e+00
1.017951076931811860e+00
1.018033389369546127e+00
1.018115947335773708e+00
1.018198751808625291e+00
1.018281803771112992e+00
1.018365104211161221e+00
1.018448654121635322e+00
1.018532454500371109e+00
1.018616506350205508e+00
1.018700810679006308e+00
1.018785368499703026e+00
1.018870180830316219e+00
1.018955248693991011e+00
1.019040573119024407e+00
1.019126155138900369e+00
1.019211995792318248e+00
1.019298096123226971e+00
1.019384457180854353e+00
1.019471080019742404e+00
1.019557965699776858e+00
1.019645115286221593e+00
1.019732529849750602e+00
1.019820210466481303e+00
1.019908158218008953e+00
1.019996374191438404e+00
1.020084859479419181e+00
1.020173615180178572e+00
1.020262642397557817e+00
1.020351942241045196e+00
1.020441515825809775e+00
1.020531364272739605e+00
1.020621488708474134e+00
1.020711890265441069e+00
1.020802570081892569e+00
1.020893529301940550e+00
1.020984769075592657e+00
1.021076290558790678e+00
1.021168094913445845e+00
1.021260183307476810e+00
1.021352556914845833e+00
1.021445216915598753e+00
1.021538164495900958e+00
1.021631400848076687e+00
1.021724927170646557e+00
1.021818744668368417e+00
1.021912854552273764e+00
1.022007258039710154e+00
1.022101956354377617e+00
1.022196950726371734e+00
1.022292242392221384e+00
1.022387832594931822e+00
1.022483722584023313e+00
1.022579913615573322e+00
1.022676406952258699e+00
1.022773203863396541e+00
1.022870305624986154e+00
1.022967713519752131e+00
1.023065428837187429e+00
1.023163452873595114e+00
1.023261786932133433e+00
1.023360432322857561e+00
1.023459390362765786e+00
1.023558662375842365e+00
1.023658249693103484e+00
1.023758153652640557e+00
1.023858375599667747e+00
1.023958916886566151e+00
1.024059778872930648e+00
1.024160962925616092e+00
1.024262470418784154e+00
1.024364302733950627e+00
1.024466461260032268e+00
1.024568947393396101e+00
1.024671762537905595e+00
1.024774908104971072e+00
1.024878385513598333e+00
1.024982196190437067e+00
1.025086341569831694e+00
1.025190823093871106e+00
1.025295642212438629e+00
1.025400800383264421e+00
1.025506299071974992e+00
1.025612139752145824e+00
1.025718323905353113e+00
1.025824853021226835e+00
1.025931728597502701e+00
1.026038952140076566e+00
1.026146525163056600e+00
1.026254449188820139e+00
1.026362725748064086e+00
1.026471356379864419e+00
1.026580342631728593e+00
1.026689686059652606e+00
1.026799388228177623e+00
1.026909450710445038e+00
1.027019875088255096e+00
1.027130662952124185e+00
1.027241815901342781e+00
1.027353335544034296e+00
1.027465223497213476e+00
1.027577481386846570e+00
1.027690110847910399e+00
1.027803113524454082e+00
1.027916491069658322e+00
1.028030245145898913e+00
1.028144377424806244e+00
1.028258889587329694e+00
1.028373783323800028e+00
1.028489060333990235e+00
1.028604722327183474e+00
1.028720771022234803e+00
1.028837208147637572e+00
1.028954035441586479e+00
1.029071254652046408e+00
1.029188867536817931e+00
1.029306875863602810e+00
1.029425281410073723e+00
1.029544085963941757e+00
1.029663291323024366e+00
1.029782899295314857e+00
1.029902911699053236e+00
1.030023330362794587e+00
1.030144157125482129e+00
1.030265393836517829e+00
1.030387042355833893e+00
1.030509104553966715e+00
1.030631582312129924e+00
1.030754477522287660e+00
1.030877792087229405e+00
1.031001527920645255e+00
1.031125686947201414e+00
1.031250271102616800e+00
1.031375282333740317e+00
1.031500722598627462e+00
1.031626593866620700e+00
1.031752898118426076e+00
1.031879637346194478e+00
1.032006813553601354e+00
1.032134428755927980e+00
1.032262484980142947e+00
1.032390984264983658e+00
1.032519928661040920e+00
1.032649320230842216e+00
1.032779161048934746e+00
1.032909453201972694e+00
1.033040198788801822e+00
1.033171399920546296e+00
1.033303058720697276e+00
1.033435177325199739e+00
1.033567757882540405e+00
1.033700802553839670e+00
1.033834313512940417e+00
1.033968292946500167e+00
1.034102743054081675e+00
1.034237666048247295e+00
1.034373064154650690e+00
1.034508939612133638e+00
1.034645294672819738e+00
1.034782131602210553e+00
1.034919452679282204e+00
1.035057260196583728e+00
1.035195556460335453e+00
1.035334343790527578e+00
1.035473624521022096e+00
1.035613400999651601e+00
1.035753675588324096e+00
1.035894450663124022e+00
1.036035728614417284e+00
1.036177511846956056e+00
1.036319802779983812e+00
1.036462603847341901e+00
1.036605917497578133e+00
1.036749746194054023e+00
1.036894092415055590e+00
1.037038958653903720e+00
1.037184347419064512e+00
1.037330261234263640e+00
1.037476702638598702e+00
1.037623674186654466e+00
1.037771178448618770e+00
1.037919218010399325e+00
1.038067795473739174e+00
1.038216913456338375e+00
1.038366574591972569e+00
1.038516781530615107e+00
1.038667536938557179e+00
1.038818843498532818e+00
1.038970703909842808e+00
1.039123120888479912e+00
1.039276097167256330e+00
1.039429635495930704e+00
1.039583738641337574e+00
1.039738409387518381e+00
1.039893650535851144e+00
1.040049464905185905e+00
1.040205855331975959e+00
1.040362824670416630e+00
1.040520375792577834e+00
1.040678511588545074e+00
1.040837234966556890e+00
1.040996548853144521e+00
1.041156456193276902e+00
1.041316959950500332e+00
1.041478063107085239e+00
1.041639768664171628e+00
1.041802079641915624e+00
1.041964999079639576e+00
1.042128530035981493e+00
1.042292675589046036e+00
1.042457438836558836e+00
1.042622822896020374e+00
1.042788830904862518e+00
1.042955466020606181e+00
1.043122731421020299e+00
1.043290630304283484e+00
1.043459165889145668e+00
1.043628341415091088e+00
1.043798160142505260e+00
1.043968625352842627e+00
1.044139740348793310e+00
1.044311508454456083e+00
1.044483933015508903e+00
1.044657017399385213e+00
1.044830764995446692e+00
1.045005179215163782e+00
1.045180263492292205e+00
1.045356021283056824e+00
1.045532456066332161e+00
1.045709571343829136e+00
1.045887370640280700e+00
1.046065857503631680e+00
1.046245035505228405e+00
1.046424908240010776e+00
1.046605479326708554e+00
1.046786752408036314e+00
1.046968731150891951e+00
1.047151419246558302e+00
1.047334820410905643e+00
1.047518938384595755e+00
1.047703776933289088e+00
1.047889339847854373e+00
1.048075630944580006e+00
1.048262654065385213e+00
1.048450413078039434e+00
1.048638911876377700e+00
1.048828154380522015e+00
1.049018144537102959e+00
1.049208886319486167e+00
1.049400383727996378e+00
1.049592640790150133e+00
1.049785661560887151e+00
1.049979450122805247e+00
1.050174010586395701e+00
1.050369347090285510e+00
1.050565463801477639e+00
1.050762364915595715e+00
1.050960054657132714e+00
1.051158537279695659e+00
1.051357817066263856e+00
1.051557898329442242e+00
1.051758785411718522e+00
1.051960482685725173e+00
1.052162994554501019e+00
1.052366325451758566e+00
1.052570479842152240e+00
1.052775462221550606e+00
1.052981277117310821e+00
1.053187929088556851e+00
1.053395422726458808e+00
1.053603762654517162e+00
1.053812953528848517e+00
1.054023000038470492e+00
1.054233906905598817e+00
1.054445678885941762e+00
1.054658320768998125e+00
1.054871837378358101e+00
1.055086233572007703e+00
1.055301514242633854e+00
1.055517684317937688e+00
1.055734748760947417e+00
1.055952712570334739e+00
1.056171580780736141e+00
1.056391358463073527e+00
1.056612050724871743e+00
1.056833662710598309e+00
1.057056199601993374e+00
1.057279666618405889e+00
1.057504069017128234e+00
1.057729412093732391e+00
1.057955701182422992e+00
1.058182941656385712e+00
1.058411138928135209e+00
1.058640298449868622e+00
1.058870425713805075e+00
1.059101526252563152e+00
1.059333605639517506e+00
1.059566669489164781e+00
1.059800723457491989e+00
1.060035773242347323e+00
1.060271824583815414e+00
1.060508883264578373e+00
1.060746955110302814e+00
1.060986045990025994e+00
1.061226161816535951e+00
1.061467308546745869e+00
1.061709492182096426e+00
1.061952718768943038e+00
1.062196994398943106e+00
1.062442325209443705e+00
1.062688717383891701e+00
1.062936177152230321e+00
1.063184710791285958e+00
1.063434324625174288e+00
1.063685025025713049e+00
1.063936818412822838e+00
1.064189711254916570e+00
1.064443710069322480e+00
1.064698821422695563e+00
1.064955051931420371e+00
1.065212408262006250e+00
1.065470897131522765e+00
1.065730525308006715e+00
1.065991299610862919e+00
1.066253226911278551e+00
1.066516314132651022e+00
1.066780568250998540e+00
1.067045996295359789e+00
1.067312605348222032e+00
1.067580402545942331e+00
1.067849395079158104e+00
1.068119590193195023e+00
1.068390995188498671e+00
1.068663617421049539e+00
1.068937464302780915e+00
1.069212543301995444e+00
1.069488861943791891e+00
1.069766427810484144e+00
1.070045248542029981e+00
1.070325331836452509e+00
1.070606685450264495e+00
1.070889317198899793e+00
1.071173234957161435e+00
1.071458446659635078e+00
1.071744960301128868e+00
1.072032783937123090e+00
1.072321925684235122e+00
1.072612393720643098e+00
1.072904196286553091e+00
1.073197341684666295e+00
1.073491838280632882e+00
1.073787694503539170e+00
1.074084918846411441e+00
1.074383519866673575e+00
1.074683506186666415e+00
1.074984886494172898e+00
1.075287669542911440e+00
1.075591864153082833e+00
1.075897479211937124e+00
1.076204523674292979e+00
1.076513006563128982e+00
1.076822936970188715e+00
1.077134324056544079e+00
1.077447177053226346e+00
1.077761505261878749e+00
1.078077318055369105e+00
1.078394624878468600e+00
1.078713435248552122e+00
1.079033758756269057e+00
1.079355605066270485e+00
1.079678983917960577e+00
1.080003905126229125e+00
1.080330378582230688e+00
1.080658414254184629e+00
1.080988022188175135e+00
1.081319212508979888e+00
1.081651995420918722e+00
1.081986381208720260e+00
1.082322380238400328e+00
1.082660002958154566e+00
1.082999259899287914e+00
1.083340161677145863e+00
1.083682718992039717e+00
1.084026942630238022e+00
1.084372843464944447e+00
1.084720432457256134e+00
1.085069720657203529e+00
1.085420719204773787e+00
1.085773439330900203e+00
1.086127892358536906e+00
1.086484089703723566e+00
1.086842042876608794e+00
1.087201763482542161e+00
1.087563263223180643e+00
1.087926553897540227e+00
1.088291647403102802e+00
1.088658555736953693e+00
1.089027290996858133e+00
1.089397865382385477e+00
1.089770291196080487e+00
1.090144580844548017e+00
1.090520746839592992e+00
1.090898801799404572e+00
1.091278758449671926e+00
1.091660629624790602e+00
1.092044428268977185e+00
1.092430167437467459e+00
1.092817860297708110e+00
1.093207520130500932e+00
1.093599160331256703e+00
1.093992794411144942e+00
1.094388435998342013e+00
1.094786098839241051e+00
1.095185796799657441e+00
1.095587543866114677e+00
1.095991354147044738e+00
1.096397241874077055e+00
1.096805221403304831e+00
1.097215307216574454e+00
1.097627513922771580e+00
1.098041856259130311e+00
1.098458349092561459e+00
1.098877007420984153e+00
1.099297846374682974e+00
1.099720881217671753e+00
1.100146127349079350e+00
1.100573600304541433e+00
1.101003315757620227e+00
1.101435289521236038e+00
1.101869537549117650e+00
1.102306075937270036e+00
1.102744920925460281e+00
1.103186088898719719e+00
1.103629596388873368e+00
1.104075460076077819e+00
1.104523696790388199e+00
1.104974323513338019e+00
1.105427357379547670e+00
1.105882815678342235e+00
1.106340715855401280e+00
1.106801075514425303e+00
1.107263912418821050e+00
1.107729244493413479e+00
1.108197089826177040e+00
1.108667466669989832e+00
1.109140393444411066e+00
1.109615888737480072e+00
1.110093971307540395e+00
1.110574660085083210e+00
1.111057974174622043e+00
1.111543932856582817e+00
1.112032555589227423e+00
1.112523862010578846e+00
1.113017871940424453e+00
1.113514605382273093e+00
1.114014082525395688e+00
1.114516323746834958e+00
1.115021349613532164e+00
1.115529180884395455e+00
1.116039838512409066e+00
1.116553343646790486e+00
1.117069717635195580e+00
1.117588982025893740e+00
1.118111158570000541e+00
1.118636269223756807e+00
1.119164336150827221e+00
1.119695381724605365e+00
1.120229428530567617e+00
1.120766499368661018e+00
1.121306617255700910e+00
1.121849805427826086e+00
1.122396087342975468e+00
1.122945486683383898e+00
1.123498027358130313e+00
1.124053733505697039e+00
1.124612629496581695e+00
1.125174739935937085e+00
1.125740089666238841e+00
1.126308703769995923e+00
1.126880607572486648e+00
1.127455826644539361e+00
1.128034386805349731e+00
1.128616314125324704e+00
1.129201634928975517e+00
1.129790375797835589e+00
1.130382563573429033e+00
1.130978225360271816e+00
1.131577388528912209e+00
1.132180080719009219e+00
1.132786329842459416e+00
1.133396164086552638e+00
1.134009611917182747e+00
1.134626702082086824e+00
1.135247463614139196e+00
1.135871925834681218e+00
1.136500118356898126e+00
1.137132071089238083e+00
1.137767814238881181e+00
1.138407378315249519e+00
1.139050794133565470e+00
1.139698092818458797e+00
1.140349305807619062e+00
1.141004464855499112e+00
1.141663602037065406e+00
1.142326749751602755e+00
1.142993940726562352e+00
1.143665208021469093e+00
1.144340585031878188e+00
1.145020105493382179e+00
1.145703803485675687e+00
1.146391713436673232e+00
1.147083870126681671e+00
1.147780308692630369e+00
1.148481064632356885e+00
1.149186173808951494e+00
1.149895672455160778e+00
1.150609597177849164e+00
1.151327984962522422e+00
1.152050873177912438e+00
1.152778299580622834e+00
1.153510302319840530e+00
1.154246919942107708e+00
1.154988191396161712e+00
1.155734156037841132e+00
1.156484853635050269e+00
1.157240324372857065e+00
1.158000608858365421e+00
1.158765748126369344e+00
1.159535783644132012e+00
1.160310757316909136e+00
1.161090711493333982e+00
1.161875688970899656e+00
1.162665733001454260e+00
1.163460887296873025e+00
1.164261196034726442e+00
1.165066703864094499e+00
1.165877455911364713e+00
1.166693497786249090e+00
1.167514875587740919e+00
1.168341635910266518e+00
1.169173825849846748e+00
1.170011493010397530e+00
1.170854685510085424e+00
1.171703451987783806e+00
1.172557841609619844e+00
1.173417904075610085e+00
1.174283689626395955e+00
1.175155249050068518e+00
1.176032633689087392e+00
1.176915895447299354e+00
1.177805086797059309e+00
1.178700260786454734e+00
1.179601471046620498e+00
1.180508771799162471e+00
1.181422217863695501e+00
1.182341864665481523e+00
1.183267768243168039e+00
1.184199985256658483e+00
1.185138572995072970e+00
1.186083589384833159e+00
1.187035092997868579e+00
1.187993143059928203e+00
1.188957799459020359e+00
1.189929122753970558e+00
1.190907174183105877e+00
1.191892015673061245e+00
1.192883709847714302e+00
1.193882320037251699e+00
1.194887910287365518e+00
1.195900545368581591e+00
1.196920290785728369e+00
1.197947212787537685e+00
1.198981378376392959e+00
1.200022855318214177e+00
1.201071712152490756e+00
1.202128018202461179e+00
1.203191843585443177e+00
1.204263259223314675e+00
1.205342336853151730e+00
1.206429149038020787e+00
1.207523769177935247e+00
1.208626271520969908e+00
1.209736731174546831e+00
1.210855224116881956e+00
1.211981827208610474e+00
1.213116618204580499e+00
1.214259675765827495e+00
1.215411079471725442e+00
1.216570909832324965e+00
1.217739248300873767e+00
1.218916177286529123e+00
1.220101780167262673e+00
1.221296141302960381e+00
1.222499346048723234e+00
1.223711480768369997e+00
1.224932632848146907e+00
1.226162890710654318e+00
1.227402343829047560e+00
1.228651082740970013e+00
1.229909199063541569e+00
1.231176785509568550e+00
1.232453935898542685e+00
1.233740745175919251e+00
1.235037309427208907e+00
1.236343725893246148e+00
1.237660092986818006e+00
1.238986510308640820e+00
1.240323078663868372e+00
1.241669900078844035e+00
1.243027077818255277e+00
1.244394716402289047e+00
1.245772921624258789e+00
1.247161800568449497e+00
1.248561461628236113e+00
1.249972014524515229e+00
1.251393570324474958e+00
1.252826241460598844e+00
1.254270141749946665e+00
1.255725386413900635e+00
1.257192092098071701e+00
1.258670376892639720e+00
1.260160360352910791e+00
1.261662163520518964e+00
1.263175908944387915e+00
1.264701720702822607e+00
1.266239724424916391e+00
1.267790047313652746e+00
1.269352818168424601e+00
1.270928167408057030e+00
1.272516227094643293e+00
1.274117130956937682e+00
1.275731014415384168e+00
1.277358014606421399e+00
1.278998270408079119e+00
1.280651922465459780e+00
1.282319113216566997e+00
1.283999986919024616e+00
1.285694689676879943e+00
1.287403369468423264e+00
1.289126176173862826e+00
1.290863261604004553e+00
1.292614779528841851e+00
1.294380885707309803e+00
1.296161737917145507e+00
1.297957495985066378e+00
1.299768321818407957e+00
1.301594379436135318e+00
1.303435835001619969e+00
1.305292856855076122e+00
1.307165615546982407e+00
1.309054283871984969e+00
1.310959036903470043e+00
1.312880052029157696e+00
1.314817508986486860e+00
1.316771589899731421e+00
1.318742479316648231e+00
1.320730364246937905e+00
1.322735434200599691e+00
1.324757881227405010e+00
1.326797899957323112e+00
1.328855687640763339e+00
1.330931444191169044e+00
1.333025372227120142e+00
1.335137677115531218e+00
1.337268567014946674e+00
1.339418252922919272e+00
1.341586948720291161e+00
1.343774871218384348e+00
1.345982240205914504e+00
1.348209278499109320e+00
1.350456211991051036e+00
1.965734088995866991e+00
1.966494925347986866e+00
1.967256645978005425e+00
1.968019252256770102e+00
1.968782745557786429e+00
1.969547127257224695e+00
1.970312398733923276e+00
1.971078561369396631e+00
1.971845616547843738e+00
1.972613565656149426e+00
1.973382410083895477e+00
1.974152151223363072e+00
1.974922790469542777e+00
1.975694329220136991e+00
1.976466768875569713e+00
1.977240110838990983e+00
1.978014356516282879e+00
1.978789507316067287e+00
1.979565564649712561e+00
1.980342529931337081e+00
1.981120404577820127e+00
1.981899190008803213e+00
1.982678887646701860e+00
1.983459498916708252e+00
1.984241025246799017e+00
1.985023468067742325e+00
1.985806828813102332e+00
1.986591108919249615e+00
1.987376309825363840e+00
1.988162432973441307e+00
1.988949479808305387e+00
1.989737451777605415e+00
1.990526350331831562e+00
1.991316176924316173e+00
1.992106933011242642e+00
1.992898620051650083e+00
1.993691239507443536e+00
1.994484792843398857e+00
1.995279281527167603e+00
1.996074707029288131e+00
1.996871070823188044e+00
1.997668374385193513e+00
1.998466619194535498e+00
1.999265806733356188e+00
2.000065938486717432e+00
2.000867015942604521e+00
2.001669040591937510e+00
2.002472013928573880e+00
2.003275937449317201e+00
2.004080812653925570e+00
2.004886641045116935e+00
2.005693424128575320e+00
2.006501163412960587e+00
2.007309860409911995e+00
2.008119516634059298e+00
2.008930133603026302e+00
2.009741712837439298e+00
2.010554255860935502e+00
2.011367764200167496e+00
2.012182239384812554e+00
2.012997682947579747e+00
2.013814096424214828e+00
2.014631481353511333e+00
2.015449839277315025e+00
2.016269171740530552e+00
2.017089480291131665e+00
2.017910766480165208e+00
2.018733031861763116e+00
2.019556277993141968e+00
2.020380506434620305e+00
2.021205718749617741e+00
2.022031916504666516e+00
2.022859101269417703e+00
2.023687274616649212e+00
2.024516438122272000e+00
2.025346593365340286e+00
2.026177741928055553e+00
2.027009885395776756e+00
2.027843025357027429e+00
2.028677163403501904e+00
2.029512301130072860e+00
2.030348440134802868e+00
2.031185582018945723e+00
2.032023728386961103e+00
2.032862880846513676e+00
2.033703041008491308e+00
2.034544210487003291e+00
2.035386390899393216e+00
2.036229583866246085e+00
2.037073791011395407e+00
2.037919013961929426e+00
2.038765254348203992e+00
2.039612513803843896e+00
2.040460793965756636e+00
2.041310096474136415e+00
2.042160422972457479e+00
2.043011775107543393e+00
2.043864154529486221e+00
2.044717562891710472e+00
2.045572001850971766e+00
2.046427473067358616e+00
2.047283978204305299e+00
2.048141518928597193e+00
2.049000096910379654e+00
2.049859713823167784e+00
2.050720371343852211e+00
2.051582071152706632e+00
2.052444814933400252e+00
2.053308604373002222e+00
2.054173441161991409e+00
2.055039326994262616e+00
2.055906263567138126e+00
2.056774252581374363e+00
2.057643295741169442e+00
2.058513394754172499e+00
2.059384551331493451e+00
2.060256767187707005e+00
2.061130044040867304e+00
2.062004383612510594e+00
2.062879787627667660e+00
2.063756257814869599e+00
2.064633795906158031e+00
2.065512403637094430e+00
2.066392082746765890e+00
2.067272834977796681e+00
2.068154662076354455e+00
2.069037565792161359e+00
2.069921547878499357e+00
2.070806610092223110e+00
2.071692754193764419e+00
2.072579981947144212e+00
2.073468295119981875e+00
2.074357695483499242e+00
2.075248184812533925e+00
2.076139764885548189e+00
2.077032437484633398e+00
2.077926204395526000e+00
2.078821067407607526e+00
2.079717028313922800e+00
2.080614088911183046e+00
2.081512250999775215e+00
2.082411516383774419e+00
2.083311886870948815e+00
2.084213364272772040e+00
2.085115950404430762e+00
2.086019647084832673e+00
2.086924456136618033e+00
2.087830379386168111e+00
2.088737418663615397e+00
2.089645575802848043e+00
2.090554852641524963e+00
2.091465251021082938e+00
2.092376772786744610e+00
2.093289419787530470e+00
2.094203193876265967e+00
2.095118096909590832e+00
2.096034130747971957e+00
2.096951297255706947e+00
2.097869598300939664e+00
2.098789035755666443e+00
2.099709611495744088e+00
2.100631327400905857e+00
2.101554185354764126e+00
2.102478187244821939e+00
2.103403334962484994e+00
2.104329630403070528e+00
2.105257075465812644e+00
2.106185672053880076e+00
2.107115422074378852e+00
2.108046327438364287e+00
2.108978390060853414e+00
2.109911611860831648e+00
2.110845994761262112e+00
2.111781540689100289e+00
2.112718251575297579e+00
2.113656129354818169e+00
2.114595175966640372e+00
2.115535393353775717e+00
2.116476783463273836e+00
2.117419348246233124e+00
2.118363089657810505e+00
2.119308009657234759e+00
2.120254110207812293e+00
2.121201393276940017e+00
2.122149860836115121e+00
2.123099514860943948e+00
2.124050357331156658e+00
2.125002390230609439e+00
2.125955615547304500e+00
2.126910035273393618e+00
2.127865651405189240e+00
2.128822465943178699e+00
2.129780480892031314e+00
2.130739698260610826e+00
2.131700120061983394e+00
2.132661748313429584e+00
2.133624585036458576e+00
2.134588632256810836e+00
2.135553892004475429e+00
2.136520366313699792e+00
2.137488057222995952e+00
2.138456966775158286e+00
2.139427097017267521e+00
2.140398450000705388e+00
2.141371027781167058e+00
2.142344832418666467e+00
2.143319865977550975e+00
2.144296130526512911e+00
2.145273628138598010e+00
2.146252360891219624e+00
2.147232330866165828e+00
2.148213540149613632e+00
2.149195990832139191e+00
2.150179685008727581e+00
2.151164624778787005e+00
2.152150812246155898e+00
2.153138249519118474e+00
2.154126938710411832e+00
2.155116881937241491e+00
2.156108081321288061e+00
2.157100538988721894e+00
2.158094257070216848e+00
2.159089237700954289e+00
2.160085483020641295e+00
2.161082995173519095e+00
2.162081776308375058e+00
2.163081828578556021e+00
2.164083154141976273e+00
2.165085755161130887e+00
2.166089633803110814e+00
2.167094792239609102e+00
2.168101232646935106e+00
2.169108957206026034e+00
2.170117968102461159e+00
2.171128267526468925e+00
2.172139857672941154e+00
2.173152740741449485e+00
2.174166918936247583e+00
2.175182394466290692e+00
2.176199169545248058e+00
2.177217246391507377e+00
2.178236627228196554e+00
2.179257314283189473e+00
2.180279309789119324e+00
2.181302615983392812e+00
2.182327235108200814e+00
2.183353169410530370e+00
2.184380421142177120e+00
2.185408992559759067e+00
2.186438885924727682e+00
2.187470103503381669e+00
2.188502647566875403e+00
2.189536520391238028e+00
2.190571724257380559e+00
2.191608261451109207e+00
2.192646134263141811e+00
2.193685344989116270e+00
2.194725895929603876e+00
2.195767789390124403e+00
2.196811027681157213e+00
2.197855613118154583e+00
2.198901548021551910e+00
2.199948834716785928e+00
2.200997475534302694e+00
2.202047472809573136e+00
2.203098828883105487e+00
2.204151546100457715e+00
2.205205626812251296e+00
2.206261073374185866e+00
2.207317888147047213e+00
2.208376073496726377e+00
2.209435631794230304e+00
2.210496565415694725e+00
2.211558876742398816e+00
2.212622568160776737e+00
2.213687642062431848e+00
2.214754100844151807e+00
2.215821946907920115e+00
2.216891182660929438e+00
2.217961810515595822e+00
2.219033832889568902e+00
2.220107252205753667e+00
2.221182070892318006e+00
2.222258291382710471e+00
2.223335916115668720e+00
2.224414947535238607e+00
2.225495388090784399e+00
2.226577240237002098e+00
2.227660506433938981e+00
2.228745189147001149e+00
2.229831290846969960e+00
2.230918814010017570e+00
2.232007761117720257e+00
2.233098134657067746e+00
2.234189937120487635e+00
2.235283171005849390e+00
2.236377838816486108e+00
2.237473943061202952e+00
2.238571486254294474e+00
2.239670470915562372e+00
2.240770899570322605e+00
2.241872774749424924e+00
2.242976098989266198e+00
2.244080874831805072e+00
2.245187104824576618e+00
2.246294791520707879e+00
2.247403937478929414e+00
2.248514545263594844e+00
2.249626617444691945e+00
2.250740156597858199e+00
2.251855165304397222e+00
2.252971646151292529e+00
2.254089601731223080e+00
2.255209034642577048e+00
2.256329947489468246e+00
2.257452342881751672e+00
2.258576223435038166e+00
2.259701591770707729e+00
2.260828450515927734e+00
2.261956802303666247e+00
2.263086649772709791e+00
2.264217995567675779e+00
2.265350842339028947e+00
2.266485192743099120e+00
2.267621049442093639e+00
2.268758415104115134e+00
2.269897292403175282e+00
2.271037684019212133e+00
2.272179592638105650e+00
2.273323020951693696e+00
2.274467971657785803e+00
2.275614447460182266e+00
2.276762451068688353e+00
2.277911985199130296e+00
2.279063052573370829e+00
2.280215655919326956e+00
2.281369797970985047e+00
2.282525481468418160e+00
2.283682709157798918e+00
2.284841483791420824e+00
2.286001808127710699e+00
2.287163684931246443e+00
2.288327116972773023e+00
2.289492107029221568e+00
2.290658657883722249e+00
2.291826772325622485e+00
2.292996453150503822e+00
2.294167703160200134e+00
2.295340525162810064e+00
2.296514921972719225e+00
2.297690896410611305e+00
2.298868451303491156e+00
2.300047589484697230e+00
2.301228313793919789e+00
2.302410627077219107e+00
2.303594532187042354e+00
2.304780031982238686e+00
2.305967129328080123e+00
2.307155827096274425e+00
2.308346128164986855e+00
2.309538035418854385e+00
2.310731551749007018e+00
2.311926680053078442e+00
2.313123423235231790e+00
2.314321784206171184e+00
2.315521765883161720e+00
2.316723371190048564e+00
2.317926603057272494e+00
2.319131464421889000e+00
2.320337958227583819e+00
2.321546087424696481e+00
2.322755854970231848e+00
2.323967263827883212e+00
2.325180316968046501e+00
2.326395017367840712e+00
2.327611368011127002e+00
2.328829371888526456e+00
2.330049031997433850e+00
2.331270351342045632e+00
2.332493332933368801e+00
2.333717979789244001e+00
2.334944294934366837e+00
2.336172281400298978e+00
2.337401942225495244e+00
2.338633280455315155e+00
2.339866299142047357e+00
2.341101001344925603e+00
2.342337390130149632e+00
2.343575468570900266e+00
2.344815239747362945e+00
2.346056706746744602e+00
2.347299872663294984e+00
2.348544740598323521e+00
2.349791313660217096e+00
2.351039594964466239e+00
2.352289587633677570e+00
2.353541294797596439e+00
2.354794719593125585e+00
2.356049865164346002e+00
2.357306734662537373e+00
2.358565331246193608e+00
2.359825658081046829e+00
2.361087718340088237e+00
2.362351515203585439e+00
2.363617051859100648e+00
2.364884331501512893e+00
2.366153357333037555e+00
2.367424132563249906e+00
2.368696660409099763e+00
2.369970944094935916e+00
2.371246986852526994e+00
2.372524791921078346e+00
2.373804362547256464e+00
2.375085701985206743e+00
2.376368813496575250e+00
2.377653700350529586e+00
2.378940365823782432e+00
2.380228813200604421e+00
2.381519045772854781e+00
2.382811066839996883e+00
2.384104879709118663e+00
2.385400487694957050e+00
2.386697894119917507e+00
2.387997102314095788e+00
2.389298115615297480e+00
2.390600937369062429e+00
2.391905570928685165e+00
2.393212019655234446e+00
2.394520286917576790e+00
2.395830376092399572e+00
2.397142290564230116e+00
2.398456033725457459e+00
2.399771608976358550e+00
2.401089019725113349e+00
2.402408269387833695e+00
2.403729361388581065e+00
2.405052299159390561e+00
2.406377086140292665e+00
2.407703725779335890e+00
2.409032221532608986e+00
2.410362576864264028e+00
2.411694795246537293e+00
2.413028880159775014e+00
2.414364835092452477e+00
2.415702663540995943e+00
2.417042369010599323e+00
2.418383955014084208e+00
2.419727425072680127e+00
2.421072782715859351e+00
2.422420031481364422e+00
2.423769174915229030e+00
2.425120216571802878e+00
2.426473160013773889e+00
2.427828008812192628e+00
2.429184766546495400e+00
2.430543436804527779e+00
2.431904023182568597e+00
2.433266529285353919e+00
2.434630958726101024e+00
2.435997315126530616e+00
2.437365602116893903e+00
2.438735823335992592e+00
2.440107982431209521e+00
2.441482083058525987e+00
2.442858128882548385e+00
2.444236123576536190e+00
2.445616070822421051e+00
2.446997974310836099e+00
2.448381837741135936e+00
2.449767664821426383e+00
2.451155459268585357e+00
2.452545224808289515e+00
2.453936965175038676e+00
2.455330684112183803e+00
2.456726385371946542e+00
2.458124072715448083e+00
2.459523749912734925e+00
2.460925420742803293e+00
2.462329088993623127e+00
2.463734758462169161e+00
2.465142432954437357e+00
2.466552116285480878e+00
2.467963812279427849e+00
2.469377524769512000e+00
2.470793257598096204e+00
2.472211014616700453e+00
2.473630799686027615e+00
2.475052616675991857e+00
2.476476469465739072e+00
2.477902361943676635e+00
2.479330298007500932e+00
2.480760281564220460e+00
2.482192316530187792e+00
2.483626406831121347e+00
2.485062556402138689e+00
2.486500769187774296e+00
2.487941049142016414e+00
2.489383400228326604e+00
2.490827826419673041e+00
2.492274331698551837e+00
2.493722920057020342e+00
2.495173595496719798e+00
2.496626362028906865e+00
2.498081223674479379e+00
2.499538184464002111e+00
2.500997248437740961e+00
2.502458419645683385e+00
2.503921702147572148e+00
2.505387100012931079e+00
2.506854617321093048e+00
2.508324258161230613e+00
2.509796026632381771e+00
2.511269926843479272e+00
2.512745962913381259e+00
2.514224138970897915e+00
2.515704459154820771e+00
2.517186927613951575e+00
2.518671548507132041e+00
2.520158326003273164e+00
2.521647264281383638e+00
2.523138367530597836e+00
2.524631639950211337e+00
2.526127085749700907e+00
2.527624709148764026e+00
2.529124514377340205e+00
2.530626505675645621e+00
2.532130687294204652e+00
2.533637063493875186e+00
2.535145638545881042e+00
2.536656416731846608e+00
2.538169402343819936e+00
2.539684599684304267e+00
2.541202013066291787e+00
2.542721646813293379e+00
2.544243505259366600e+00
2.545767592749151209e+00
2.547293913637897589e+00
2.548822472291497387e+00
2.550353273086517714e+00
2.551886320410227338e+00
2.553421618660633996e+00
2.554959172246511478e+00
2.556498985587434714e+00
2.558041063113806857e+00
2.559585409266897038e+00
2.561132028498868340e+00
2.562680925272810217e+00
2.564232104062771356e+00
2.565785569353792095e+00
2.567341325641939065e+00
2.568899377434330944e+00
2.570459729249179759e+00
2.572022385615817974e+00
2.573587351074731799e+00
2.575154630177595383e+00
2.576724227487305896e+00
2.578296147578012398e+00
2.579870395035151809e+00
2.581446974455482657e+00
2.583025890447116169e+00
2.584607147629554458e+00
2.586190750633718505e+00
2.587776704101986347e+00
2.589365012688225942e+00
2.590955681057829363e+00
2.592548713887746548e+00
2.594144115866519051e+00
2.595741891694316905e+00
2.597342046082971478e+00
2.598944583756010562e+00
2.600549509448692564e+00
2.602156827908043368e+00
2.603766543892892305e+00
2.605378662173903237e+00
2.606993187533609646e+00
2.608610124766454152e+00
2.610229478678821824e+00
2.611851254089075702e+00
2.613475455827595439e+00
2.615102088736808383e+00
2.616731157671230434e+00
2.618362667497499796e+00
2.619996623094414723e+00
2.621633029352966826e+00
2.623271891176382820e+00
2.624913213480156493e+00
2.626557001192087348e+00
2.628203259252318791e+00
2.629851992613373657e+00
2.631503206240192405e+00
2.633156905110169532e+00
2.634813094213190432e+00
2.636471778551674028e+00
2.638132963140602083e+00
2.639796653007565386e+00
2.641462853192794391e+00
2.643131568749205851e+00
2.644802804742434343e+00
2.646476566250870466e+00
2.648152858365703466e+00
2.649831686190961211e+00
2.651513054843542161e+00
2.653196969453258447e+00
2.654883435162876726e+00
2.656572457128155929e+00
2.658264040517883231e+00
2.659958190513919796e+00
2.661654912311234522e+00
2.663354211117949344e+00
2.665056092155375644e+00
2.666760560658054224e+00
2.668467621873796158e+00
2.670177281063726760e+00
2.671889543502321107e+00
2.673604414477450231e+00
2.675321899290416194e+00
2.677042003255992064e+00
2.678764731702468094e+00
2.680490089971687695e+00
2.682218083419096288e+00
2.683948717413775054e+00
2.685681997338489335e+00
2.687417928589723726e+00
2.689156516577731804e+00
2.690897766726572993e+00
2.692641684474153418e+00
2.694388275272276090e+00
2.696137544586673318e+00
2.697889497897059563e+00
2.699644140697166517e+00
2.701401478494789288e+00
2.703161516811829479e+00
2.704924261184340484e+00
2.706689717162567455e+00
2.708457890310991267e+00
2.710228786208376484e+00
2.712002410447811762e+00
2.713778768636754268e+00
2.715557866397074083e+00
2.717339709365100830e+00
2.719124303191664982e+00
2.720911653542145814e+00
2.722701766096513154e+00
2.724494646549376231e+00
2.726290300610025863e+00
2.728088734002481530e+00
2.729889952465535341e+00
2.731693961752800881e+00
2.733500767632755402e+00
2.735310375888789114e+00
2.737122792319250042e+00
2.738938022737487543e+00
2.740756072971907376e+00
2.742576948866009445e+00
2.744400656278437545e+00
2.746227201083030867e+00
2.748056589168865749e+00
2.749888826440303191e+00
2.751723918817041259e+00
2.753561872234159047e+00
2.755402692642166418e+00
2.757246386007050631e+00
2.759092958310323862e+00
2.760942415549077378e+00
2.762794763736023285e+00
2.764650008899555367e+00
2.766508157083781061e+00
2.768369214348574747e+00
2.770233186769638145e+00
2.772100080438536729e+00
2.773969901462757903e+00
2.775842655965758965e+00
2.777718350087016397e+00
2.779596989982076938e+00
2.781478581822607765e+00
2.783363131796445344e+00
2.785250646107654049e+00
2.787141130976564352e+00
2.789034592639835886e+00
2.790931037350503185e+00
2.792830471378026758e+00
2.794732901008348147e+00
2.796638332543938343e+00
2.798546772303854624e+00
2.800458226623788516e+00
2.802372701856118198e+00
2.804290204369966677e+00
2.806210740551249749e+00
2.808134316802728847e+00
2.810060939544069214e+00
2.811990615211886535e+00
2.813923350259810441e+00
2.815859151158528029e+00
2.817798024395841150e+00
2.819739976476726806e+00
2.821685013923385554e+00
2.823633143275297019e+00
2.825584371089275404e+00
2.827538703939524556e+00
2.829496148417697476e+00
2.831456711132942949e+00
2.833420398711970822e+00
2.835387217799099080e+00
2.837357175056320902e+00
2.839330277163349514e+00
2.841306530817682141e+00
2.843285942734654625e+00
2.845268519647498273e+00
2.847254268307400693e+00
2.849243195483553759e+00
2.851235307963222443e+00
2.853230612551798995e+00
2.855229116072854900e+00
2.857230825368209715e+00
2.859235747297979913e+00
2.861243888740645946e+00
2.863255256593111309e+00
2.865269857770751827e+00
2.867287699207479612e+00
2.869308787855805232e+00
2.871333130686895885e+00
2.873360734690636242e+00
2.875391606875688399e+00
2.877425754269552716e+00
2.879463183918629099e+00
2.881503902888275626e+00
2.883547918262875598e+00
2.885595237145890835e+00
2.887645866659930061e+00
2.889699813946807083e+00
2.891757086167604740e+00
2.893817690502739737e+00
2.895881634152017270e+00
2.897948924334702525e+00
2.900019568289580629e+00
2.902093573275017935e+00
2.904170946569029077e+00
2.906251695469337371e+00
2.908335827293442755e+00
2.910423349378683966e+00
2.912514269082302043e+00
2.914608593781506052e+00
2.916706330873540587e+00
2.918807487775748388e+00
2.920912071925635622e+00
2.923020090780937608e+00
2.925131551819687648e+00
2.927246462540282756e+00
2.929364830461545832e+00
2.931486663122797598e+00
2.933611968083922328e+00
2.935740752925432684e+00
2.937873025248541214e+00
2.940008792675224303e+00
2.942148062848294110e+00
2.944290843431465188e+00
2.946437142109419760e+00
2.948586966587883662e+00
2.950740324593691177e+00
2.952897223874852539e+00
2.955057672200629426e+00
2.957221677361596690e+00
2.959389247169722736e+00
2.961560389458432585e+00
2.963735112082680700e+00
2.965913422919020714e+00
2.968095329865683141e+00
2.970280840842641101e+00
2.972469963791683156e+00
2.974662706676479473e+00
2.976859077482665761e+00
2.979059084217907660e+00
2.981262734911975798e+00
2.983470037616820392e+00
2.985681000406645413e+00
2.987895631377980088e+00
2.990113938649753056e+00
2.992335930363369201e+00
2.994561614682783812e+00
2.996790999794574528e+00
2.999024093908019939e+00
3.001260905255173750e+00
3.003501442090941165e+00
3.005745712693155713e+00
3.007993725362652526e+00
3.010245488423349158e+00
3.012501010222321085e+00
3.014760299129877641e+00
3.017023363539640624e+00
3.019290211868623341e+00
3.021560852557308774e+00
3.023835294069727286e+00
3.026113544893532126e+00
3.028395613540086018e+00
3.030681508544536662e+00
3.032971238465894448e+00
3.035264811887115943e+00
3.037562237415181166e+00
3.039863523681181512e+00
3.042168679340389037e+00
3.044477713072348823e+00
3.046790633580953589e+00
3.049107449594531616e+00
3.051428169865921802e+00
3.053752803172565145e+00
3.056081358316575791e+00
3.058413844124840963e+00
3.060750269449087124e+00
3.063090643165975457e+00
3.065434974177181804e+00
3.067783271409484147e+00
3.070135543814843881e+00
3.072491800370492854e+00
3.074852050079019516e+00
3.077216301968455525e+00
3.079584565092358783e+00
3.081956848529904480e+00
3.084333161385968580e+00
3.086713512791219305e+00
3.089097911902198845e+00
3.091486367901416177e+00
3.093878889997434545e+00
3.096275487424956729e+00
3.098676169444920525e+00
3.101080945344581785e+00
3.103489824437609457e+00
3.105902816064173511e+00
3.108319929591033315e+00
3.110741174411631782e+00
3.113166559946187739e+00
3.115596095641781638e+00
3.118029790972455029e+00
3.120467655439295829e+00
3.122909698570535575e+00
3.125355929921644460e+00
3.127806359075416154e+00
3.130260995642070387e+00
3.132719849259344880e+00
3.135182929592586820e+00
3.137650246334850568e+00
3.140121809206993575e+00
3.142597627957769202e+00
3.145077712363929745e+00
3.147562072230310815e+00
3.150050717389937915e+00
3.152543657704125923e+00
3.155040903062564350e+00
3.157542463383429254e+00
3.160048348613470282e+00
3.162558568728120356e+00
3.165073133731586719e+00
3.167592053656951290e+00
3.170115338566275920e+00
3.172642998550700089e+00
3.175175043730538160e+00
3.177711484255387742e+00
3.180252330304222941e+00
3.182797592085505389e+00
3.185347279837281498e+00
3.187901403827286373e+00
3.190459974353046402e+00
3.193023001741984057e+00
3.195590496351522702e+00
3.198162468569190509e+00
3.200738928812724371e+00
3.203319887530179599e+00
3.205905355200027618e+00
3.208495342331273203e+00
3.211089859463549079e+00
3.213688917167236703e+00
3.216292526043563527e+00
3.218900696724711796e+00
3.221513439873931350e+00
3.224130766185653307e+00
3.226752686385581992e+00
3.229379211230823721e+00
3.232010351509987167e+00
3.234646118043297047e+00
3.237286521682704254e+00
3.239931573311996438e+00
3.242581283846913909e+00
3.245235664235259776e+00
3.247894725457012743e+00
3.250558478524441242e+00
3.253226934482216670e+00
3.255900104407530637e+00
3.258577999410205539e+00
3.261260630632820234e+00
3.263948009250808191e+00
3.266640146472588491e+00
3.269337053539676408e+00
3.272038741726800204e+00
3.274745222342023698e+00
3.277456506726860841e+00
3.280172606256397838e+00
3.282893532339405507e+00
3.285619296418468505e+00
3.288349909970100349e+00
3.291085384504862432e+00
3.293825731567490145e+00
3.296570962737010113e+00
3.299321089626868542e+00
3.302076123885045789e+00
3.304836077194187816e+00
3.307600961271720763e+00
3.310370787869990394e+00
3.313145568776367789e+00
3.315925315813389673e+00
3.318710040838877884e+00
3.321499755746068594e+00
3.324294472463735328e+00
3.327094202956322633e+00
3.329898959224065091e+00
3.332708753303125437e+00
3.335523597265717122e+00
3.338343503220235764e+00
3.341168483311393267e+00
3.343998549720340829e+00
3.346833714664807502e+00
3.349673990399228529e+00
3.352519389214878576e+00
3.355369923440004509e+00
3.358225605439959072e+00
3.361086447617335438e+00
3.363952462412099997e+00
3.366823662301730469e+00
3.369700059801349123e+00
3.372581667463860455e+00
3.375468497880089291e+00
3.378360563678914463e+00
3.381257877527410027e+00
3.384160452130986485e+00
3.387068300233522233e+00
3.389981434617504341e+00
3.392899868104176431e+00
3.395823613553680786e+00
3.398752683865193358e+00
3.401687091977069421e+00
3.404626850866984800e+00
3.407571973552079747e+00
3.410522473089101947e+00
3.413478362574553504e+00
3.416439655144736687e+00
3.419406363976238428e+00
3.422378502285627899e+00
3.425356083329877954e+00
3.428339120406447726e+00
3.431327626853429624e+00
3.434321616049698989e+00
3.437321101415065527e+00
3.440326096410422085e+00
3.443336614537893858e+00
3.446352669340993380e+00
3.449374274404767959e+00
3.452401443355958222e+00
3.455434189863156647e+00
3.458472527636951011e+00
3.461516470430085590e+00
3.464566032037612597e+00
3.467621226297051606e+00
3.470682067088543654e+00
3.473748568335013776e+00
3.476820744002228292e+00
3.479898608099084800e+00
3.482982174677840881e+00
3.486071457834174048e+00
3.489166471707340733e+00
3.492267230480340601e+00
3.495373748380073309e+00
3.498486039677509041e+00
3.501604118687845268e+00
3.504727999770686608e+00
3.507857697330308611e+00
3.510993225815612906e+00
3.514134599720333707e+00
3.517281833583269623e+00
3.520434941984571520e+00
3.523593939559406252e+00
3.526758840980666054e+00
3.529929660968917915e+00
3.533106414290636099e+00
3.536289115758479706e+00
3.539477780231842452e+00
3.542672422616059080e+00
3.545873057862965361e+00
3.549079700971179641e+00
3.552292366986441241e+00
3.555511071002086076e+00
3.558735828158171355e+00
3.561966653642184344e+00
3.565203562689271521e+00
3.568446570582422428e+00
3.580609436451776428e+00
3.587786002318426259e+00
3.591839612295058881e+00
3.594387039379543847e+00
3.594615059055955353e+00
3.594618368082056925e+00
3.594621677114448133e+00
3.594624986153128532e+00
3.594628295198099899e+00
3.594631604249360901e+00
3.594634913306911539e+00
3.594638222370752256e+00
3.594641531440883497e+00
3.594644840517303486e+00
3.594648149600014442e+00
3.594651458689014589e+00
3.594654767784305260e+00
3.594658076885885567e+00
3.594661385993756397e+00
3.594664695107916863e+00
3.594668004228367852e+00
3.594671313355108477e+00
3.594674622488139626e+00
3.594677931627461298e+00
3.594681240773071718e+00
3.594684549924973549e+00
3.594687859083164572e+00
3.594691168247647006e+00
3.594694477418418188e+00
3.594697786595480782e+00
3.594701095778833011e+00
3.594704404968475320e+00
3.594707714164408152e+00
3.594711023366631064e+00
3.594714332575144944e+00
3.594717641789948459e+00
3.594720951011042942e+00
3.594724260238426616e+00
3.594727569472101703e+00
3.594730878712066868e+00
3.594734187958322114e+00
3.594737497210868327e+00
3.594740806469703731e+00
3.594744115734831436e+00
3.594747425006248331e+00
3.594750734283956195e+00
3.594754043567953694e+00
3.594757352858243049e+00
3.594760662154821151e+00
3.594763971457691998e+00
3.594767280766852036e+00
3.594770590082302597e+00
3.594773899404043682e+00
3.594777208732076179e+00
3.594780518066398312e+00
3.594783827407012300e+00
3.594787136753915480e+00
3.594790446107109627e+00
3.594793755466595186e+00
3.594797064832371714e+00
3.594800374204437876e+00
3.594803683582794562e+00
3.594806992967443104e+00
3.594810302358381282e+00
3.594813611755611316e+00
3.594816921159131429e+00
3.594820230568942510e+00
3.594823539985044558e+00
3.594826849407437130e+00
3.594830158836121115e+00
3.594833468271095622e+00
3.594836777712361098e+00
3.594840087159916653e+00
3.594843396613764952e+00
3.594846706073902443e+00
3.594850015540332233e+00
3.594853325013051215e+00
3.594856634492062941e+00
3.594859943977364303e+00
3.594863253468957520e+00
3.594866562966842150e+00
3.594869872471017302e+00
3.594873181981482979e+00
3.594876491498240512e+00
3.594879801021288124e+00
3.594883110550627592e+00
3.594886420086258028e+00
3.594889729628179875e+00
3.594893039176393135e+00
3.594896348730896918e+00
3.594899658291692113e+00
3.594902967858779164e+00
3.594906277432156294e+00
3.594909587011824836e+00
3.594912896597784346e+00
3.594916206190036156e+00
3.594919515788578046e+00
3.594922825393412680e+00
3.594926135004537837e+00
3.594929444621954850e+00
3.594932754245661943e+00
3.594936063875661336e+00
3.594939373511952585e+00
3.594942683154534357e+00
3.594945992803407542e+00
3.594949302458573026e+00
3.594952612120028590e+00
3.594955921787776454e+00
3.594959231461814841e+00
3.594962541142145973e+00
3.594965850828768517e+00
3.594969160521682028e+00
3.594972470220886951e+00
3.594975779926384174e+00
3.594979089638172809e+00
3.594982399356252856e+00
3.594985709080623870e+00
3.594989018811287629e+00
3.594992328548241911e+00
3.594995638291488937e+00
3.594998948041026487e+00
3.595002257796855893e+00
3.595005567558978044e+00
3.595008877327391161e+00
3.595012187102095691e+00
3.595015496883092965e+00
3.595018806670381206e+00
3.595022116463960860e+00
3.595025426263832813e+00
3.595028736069997066e+00
3.595032045882452731e+00
3.595035355701200253e+00
3.595038665526239186e+00
3.595041975357570418e+00
3.595045285195193507e+00
3.595048595039108452e+00
3.595051904889315697e+00
3.595055214745814354e+00
3.595058524608605310e+00
3.595061834477688123e+00
3.595065144353062347e+00
3.595068454234729316e+00
3.595071764122687252e+00
3.595075074016938377e+00
3.595078383917480913e+00
3.595081693824316194e+00
3.595085003737443330e+00
3.595088313656862766e+00
3.595091623582573614e+00
3.595094933514576763e+00
3.595098243452872211e+00
3.595101553397459959e+00
3.595104863348340452e+00
3.595108173305510579e+00
3.595111483268975672e+00
3.595114793238731288e+00
3.595118103214780980e+00
3.595121413197121196e+00
3.595124723185754601e+00
3.595128033180678973e+00
3.595131343181897865e+00
3.595134653189408169e+00
3.595137963203210330e+00
3.595141273223304790e+00
3.595144583249691994e+00
3.595147893282371054e+00
3.595151203321342859e+00
3.595154513366606963e+00
3.595157823418163368e+00
3.595161133476013404e+00
3.595164443540153965e+00
3.595167753610588601e+00
3.595171063687315094e+00
3.595174373770333887e+00
3.595177683859646756e+00
3.595180993955249704e+00
3.595184304057146729e+00
3.595187614165335610e+00
3.595190924279818123e+00
3.595194234400592048e+00
3.595197544527659161e+00
3.595200854661018575e+00
3.595204164800671620e+00
3.595207474946616077e+00
3.595210785098854167e+00
3.595214095257384113e+00
3.595217405422207690e+00
3.595220715593323568e+00
3.595224025770732190e+00
3.595227335954433112e+00
3.595230646144426778e+00
3.595233956340714077e+00
3.595237266543293675e+00
3.595240576752166461e+00
3.595243886967332436e+00
3.595247197188790267e+00
3.595250507416541286e+00
3.595253817650585049e+00
3.595257127890922000e+00
3.595260438137551695e+00
3.595263748390475467e+00
3.595267058649690650e+00
3.595270368915199910e+00
3.595273679187000582e+00
3.595276989465095774e+00
3.595280299749482822e+00
3.595283610040163946e+00
3.595286920337138259e+00
3.595290230640404872e+00
3.595293540949965116e+00
3.595296851265817661e+00
3.595300161587963839e+00
3.595303471916402760e+00
3.595306782251135758e+00
3.595310092592161499e+00
3.595313402939479985e+00
3.595316713293092103e+00
3.595320023652997410e+00
3.595323334019195460e+00
3.595326644391688031e+00
3.595329954770472902e+00
3.595333265155550517e+00
3.595336575546923097e+00
3.595339885944587088e+00
3.595343196348545600e+00
3.595346506758796412e+00
3.595349817175341745e+00
3.595353127598178933e+00
3.595356438027310642e+00
3.595359748462735983e+00
3.595363058904454956e+00
3.595366369352466673e+00
3.595369679806771135e+00
3.595372990267370117e+00
3.595376300734262287e+00
3.595379611207448090e+00
3.595382921686927524e+00
3.595386232172700147e+00
3.595389542664766402e+00
3.595392853163126290e+00
3.595396163667779810e+00
3.595399474178726074e+00
3.595402784695967746e+00
3.595406095219501275e+00
3.595409405749329768e+00
3.595412716285450561e+00
3.595416026827866762e+00
3.595419337376574376e+00
3.595422647931577398e+00
3.595425958492873608e+00
3.595429269060464339e+00
3.595432579634347370e+00
3.595435890214525809e+00
3.595439200800997881e+00
3.595442511393761809e+00
3.595445821992821589e+00
3.595449132598173669e+00
3.595452443209821158e+00
3.595455753827760947e+00
3.595459064451996145e+00
3.595462375082523643e+00
3.595465685719346105e+00
3.595468996362461755e+00
3.595472307011872370e+00
3.595475617667576618e+00
3.595478928329574941e+00
3.595482238997866453e+00
3.595485549672452041e+00
3.595488860353332150e+00
3.595492171040506779e+00
3.595495481733974596e+00
3.595498792433736934e+00
3.595502103139793348e+00
3.595505413852143395e+00
3.595508724570787962e+00
3.595512035295727493e+00
3.595515346026959769e+00
3.595518656764486565e+00
3.595521967508308325e+00
3.595525278258423718e+00
3.595528589014832743e+00
3.595531899777536733e+00
3.595535210546533911e+00
3.595538521321827830e+00
3.595541832103413160e+00
3.595545142891294788e+00
3.595548453685470047e+00
3.595551764485938939e+00
3.595555075292703240e+00
3.595558386105762061e+00
3.595561696925113626e+00
3.595565007750760600e+00
3.595568318582701650e+00
3.595571629420938109e+00
3.595574940265468200e+00
3.595578251116292368e+00
3.595581561973412388e+00
3.595584872836825596e+00
3.595588183706533769e+00
3.595591494582536907e+00
3.595594805464833676e+00
3.595598116353425855e+00
3.595601427248312110e+00
3.595604738149493329e+00
3.595608049056968181e+00
3.595611359970738441e+00
3.595614670890803222e+00
3.595617981817162967e+00
3.595621292749815900e+00
3.595624603688766019e+00
3.595627914634008881e+00
3.595631225585547153e+00
3.595634536543380833e+00
3.595637847507507701e+00
3.595641158477929977e+00
3.595644469454647218e+00
3.595647780437658980e+00
3.595651091426966151e+00
3.595654402422567397e+00
3.595657713424464497e+00
3.595661024432655228e+00
3.595664335447141369e+00
3.595667646467922030e+00
3.595670957494998099e+00
3.595674268528368689e+00
3.595677579568035576e+00
3.595680890613995651e+00
3.595684201666251578e+00
3.595687512724801138e+00
3.595690823789647883e+00
3.595694134860787372e+00
3.595697445938223602e+00
3.595700757021954352e+00
3.595704068111980511e+00
3.595707379208301635e+00
3.595710690310917279e+00
3.595714001419827888e+00
3.595717312535034793e+00
3.595720623656536219e+00
3.595723934784332165e+00
3.595727245918423964e+00
3.595730557058809840e+00
3.595733868205492900e+00
3.595737179358469593e+00
3.595740490517742582e+00
3.595743801683310981e+00
3.595747112855173899e+00
3.595750424033332227e+00
3.595753735217785074e+00
3.595757046408534663e+00
3.595760357605577884e+00
3.595763668808918290e+00
3.595766980018552772e+00
3.595770291234483551e+00
3.595773602456708851e+00
3.595776913685230447e+00
3.595780224920047896e+00
3.595783536161158978e+00
3.595786847408566800e+00
3.595790158662270031e+00
3.595793469922268226e+00
3.595796781188562274e+00
3.595800092461152175e+00
3.595803403740037041e+00
3.595806715025216871e+00
3.595810026316692998e+00
3.595813337614465421e+00
3.595816648918532366e+00
3.595819960228895162e+00
3.595823271545553812e+00
3.595826582868508758e+00
3.595829894197758669e+00
3.595833205533303545e+00
3.595836516875145605e+00
3.595839828223282186e+00
3.595843139577714620e+00
3.595846450938443351e+00
3.595849762305467046e+00
3.595853073678788370e+00
3.595856385058403770e+00
3.595859696444315468e+00
3.595863007836522574e+00
3.595866319235025976e+00
3.595869630639825232e+00
3.595872942050920340e+00
3.595876253468310857e+00
3.595879564891998115e+00
3.595882876321980781e+00
3.595886187758260188e+00
3.595889499200834560e+00
3.595892810649704785e+00
3.595896122104871306e+00
3.595899433566334125e+00
3.595902745034093240e+00
3.595906056508146875e+00
3.595909367988497696e+00
3.595912679475144369e+00
3.595915990968088227e+00
3.595919302467327050e+00
3.595922613972861726e+00
3.595925925484692698e+00
3.595929237002820855e+00
3.595932548527243977e+00
3.595935860057963396e+00
3.595939171594979999e+00
3.595942483138291124e+00
3.595945794687899877e+00
3.595949106243804483e+00
3.595952417806004942e+00
3.595955729374502141e+00
3.595959040949296082e+00
3.595962352530385431e+00
3.595965664117771521e+00
3.595968975711453464e+00
3.595972287311432591e+00
3.595975598917707128e+00
3.595978910530279293e+00
3.595982222149146423e+00
3.595985533774310294e+00
3.595988845405772238e+00
3.595992157043529147e+00
3.595995468687581909e+00
3.595998780337932299e+00
3.596002091994578986e+00
3.596005403657522859e+00
3.596008715326761696e+00
3.596012027002298161e+00
3.596015338684130924e+00
3.596018650372260428e+00
3.596021962066686228e+00
3.596025273767408770e+00
3.596028585474427608e+00
3.596031897187743631e+00
3.596035208907355507e+00
3.596038520633265900e+00
3.596041832365470814e+00
3.596045144103974245e+00
3.596048455848772640e+00
3.596051767599869109e+00
3.596055079357261874e+00
3.596058391120950493e+00
3.596061702890937628e+00
3.596065014667220616e+00
3.596068326449800345e+00
3.596071638238676815e+00
3.596074950033850470e+00
3.596078261835320422e+00
3.596081573643088447e+00
3.596084885457153213e+00
3.596088197277513387e+00
3.596091509104172079e+00
3.596094820937126624e+00
3.596098132776378797e+00
3.596101444621927712e+00
3.596104756473774255e+00
3.596108068331916208e+00
3.596111380196356677e+00
3.596114692067092555e+00
3.596118003944127395e+00
3.596121315827458975e+00
3.596124627717086852e+00
3.596127939613012359e+00
3.596131251515234606e+00
3.596134563423754926e+00
3.596137875338571099e+00
3.596141187259684457e+00
3.596144499187095889e+00
3.596147811120804505e+00
3.596151123060808974e+00
3.596154435007112404e+00
3.596157746959712576e+00
3.596161058918609488e+00
3.596164370883804473e+00
3.596167682855296199e+00
3.596170994833084666e+00
3.596174306817171651e+00
3.596177618807555820e+00
3.596180930804236731e+00
3.596184242807215270e+00
3.596187554816490994e+00
3.596190866832064348e+00
3.596194178853934886e+00
3.596197490882103498e+00
3.596200802916569295e+00
3.596204114957331832e+00
3.596207427004392887e+00
3.596210739057750239e+00
3.596214051117406107e+00
3.596217363183359161e+00
3.596220675255609844e+00
3.596223987334158156e+00
3.596227299419004098e+00
3.596230611510147224e+00
3.596233923607589311e+00
3.596237235711326807e+00
3.596240547821363709e+00
3.596243859937697795e+00
3.596247172060329511e+00
3.596250484189258856e+00
3.596253796324485830e+00
3.596257108466010433e+00
3.596260420613833109e+00
3.596263732767953858e+00
3.596267044928371348e+00
3.596270357095087356e+00
3.596273669268101436e+00
3.596276981447413146e+00
3.596280293633022040e+00
3.596283605824929008e+00
3.596286918023134493e+00
3.596290230227637164e+00
3.596293542438437907e+00
3.596296854655536723e+00
3.596300166878934057e+00
3.596303479108628132e+00
3.596306791344620279e+00
3.596310103586911833e+00
3.596313415835500127e+00
3.596316728090386938e+00
3.596320040351570935e+00
3.596323352619053448e+00
3.596326664892834035e+00
3.596329977172913139e+00
3.596333289459290317e+00
3.596336601751965567e+00
3.596339914050938447e+00
3.596343226356209843e+00
3.596346538667779313e+00
3.596349850985646857e+00
3.596353163309813361e+00
3.596356475640276606e+00
3.596359787977039257e+00
3.596363100320099093e+00
3.596366412669458779e+00
3.596369725025114761e+00
3.596373037387070593e+00
3.596376349755324053e+00
3.596379662129875587e+00
3.596382974510725639e+00
3.596386286897875095e+00
3.596389599291322181e+00
3.596392911691066896e+00
3.596396224097111016e+00
3.596399536509452766e+00
3.596402848928093476e+00
3.596406161353031816e+00
3.596409473784270006e+00
3.596412786221805380e+00
3.596416098665640604e+00
3.596419411115773013e+00
3.596422723572204827e+00
3.596426036034935159e+00
3.596429348503963119e+00
3.596432660979291374e+00
3.596435973460916369e+00
3.596439285948840769e+00
3.596442598443063243e+00
3.596445910943585567e+00
3.596449223450405519e+00
3.596452535963524433e+00
3.596455848482940976e+00
3.596459161008658256e+00
3.596462473540673166e+00
3.596465786078987037e+00
3.596469098623599425e+00
3.596472411174511219e+00
3.596475723731720642e+00
3.596479036295229026e+00
3.596482348865037260e+00
3.596485661441143566e+00
3.596488974023548835e+00
3.596492286612253064e+00
3.596495599207256255e+00
3.596498911808557963e+00
3.596502224416159521e+00
3.596505537030059152e+00
3.596508849650257744e+00
3.596512162276755742e+00
3.596515474909551813e+00
3.596518787548647733e+00
3.596522100194042171e+00
3.596525412845735570e+00
3.596528725503728374e+00
3.596532038168020584e+00
3.596535350838611311e+00
3.596538663515501444e+00
3.596541976198690094e+00
3.596545288888178149e+00
3.596548601583965610e+00
3.596551914286051588e+00
3.596555226994438303e+00
3.596558539709121760e+00
3.596561852430106399e+00
3.596565165157388666e+00
3.596568477890971671e+00
3.596571790630852750e+00
3.596575103377034122e+00
3.596578416129514455e+00
3.596581728888293306e+00
3.596585041653372450e+00
3.596588354424750555e+00
3.596591667202428066e+00
3.596594979986404095e+00
3.596598292776680417e+00
3.596601605573256144e+00
3.596604918376131277e+00
3.596608231185305371e+00
3.596611544000779315e+00
3.596614856822552220e+00
3.596618169650624974e+00
3.596621482484997578e+00
3.596624795325669144e+00
3.596628108172640115e+00
3.596631421025910047e+00
3.596634733885481161e+00
3.596638046751350348e+00
3.596641359623520717e+00
3.596644672501989604e+00
3.596647985386757895e+00
3.596651298277825592e+00
3.596654611175194471e+00
3.596657924078861424e+00
3.596661236988829113e+00
3.596664549905096209e+00
3.596667862827662265e+00
3.596671175756528172e+00
3.596674488691694815e+00
3.596677801633160865e+00
3.596681114580926319e+00
3.596684427534991180e+00
3.596687740495356334e+00
3.596691053462021781e+00
3.596694366434987522e+00
3.596697679414251336e+00
3.596700992399816332e+00
3.596704305391680290e+00
3.596707618389844541e+00
3.596710931394309085e+00
3.596714244405073035e+00
3.596717557422136835e+00
3.596720870445501372e+00
3.596724183475164871e+00
3.596727496511129551e+00
3.596730809553394081e+00
3.596734122601957129e+00
3.596737435656822246e+00
3.596740748717985880e+00
3.596744061785450253e+00
3.596747374859214474e+00
3.596750687939279434e+00
3.596754001025643355e+00
3.596757314118308457e+00
3.596760627217272965e+00
3.596763940322538211e+00
3.596767253434104195e+00
3.596770566551968251e+00
3.596773879676134378e+00
3.596777192806600354e+00
3.596780505943367068e+00
3.596783819086432743e+00
3.596787132235800044e+00
3.596790445391466751e+00
3.596793758553434195e+00
3.596797071721701045e+00
3.596800384896269520e+00
3.596803698077137845e+00
3.596807011264306464e+00
3.596810324457775820e+00
3.596813637657545026e+00
3.596816950863615414e+00
3.596820264075985651e+00
3.596823577294655738e+00
3.596826890519627007e+00
3.596830203750899013e+00
3.596833516988472201e+00
3.596836830232344795e+00
3.596840143482517682e+00
3.596843456738991751e+00
3.596846770001767002e+00
3.596850083270840770e+00
3.596853396546217940e+00
3.596856709827893628e+00
3.596860023115870941e+00
3.596863336410148104e+00
3.596866649710725561e+00
3.596869963017605087e+00
3.596873276330784464e+00
3.596876589650265021e+00
3.596879902976045873e+00
3.596883216308127906e+00
3.596886529646509789e+00
3.596889842991194186e+00
3.596893156342177544e+00
3.596896469699462973e+00
3.596899783063047806e+00
3.596903096432935154e+00
3.596906409809121907e+00
3.596909723191610730e+00
3.596913036580399403e+00
3.596916349975490146e+00
3.596919663376881182e+00
3.596922976784572956e+00
3.596926290198566356e+00
3.596929603618860050e+00
3.596932917045454925e+00
3.596936230478350094e+00
3.596939543917548221e+00
3.596942857363045309e+00
3.596946170814844024e+00
3.596949484272944364e+00
3.596952797737344998e+00
3.596956111208048146e+00
3.596959424685051143e+00
3.596962738168356655e+00
3.596966051657961572e+00
3.596969365153868115e+00
3.596972678656075395e+00
3.596975992164584746e+00
3.596979305679394834e+00
3.596982619200507880e+00
3.596985932727919888e+00
3.596989246261633966e+00
3.596992559801648781e+00
3.596995873347966111e+00
3.596999186900584622e+00
3.597002500459502539e+00
3.597005814024723858e+00
3.597009127596245470e+00
3.597012441174068709e+00
3.597015754758193129e+00
3.597019068348619619e+00
3.597022381945346847e+00
3.597025695548375701e+00
3.597029009157705737e+00
3.597032322773338286e+00
3.597035636395271574e+00
3.597038950023506043e+00
3.597042263658043471e+00
3.597045577298879859e+00
3.597048890946020094e+00
3.597052204599460623e+00
3.597055518259204110e+00
3.597058831925247002e+00
3.597062145597593741e+00
3.597065459276239885e+00
3.597068772961189431e+00
3.597072086652440159e+00
3.597075400349992957e+00
3.597078714053846937e+00
3.597082027764002543e+00
3.597085341480459331e+00
3.597088655203219076e+00
3.597091968932279560e+00
3.597095282667643001e+00
3.597098596409306737e+00
3.597101910157273430e+00
3.597105223911541749e+00
3.597108537672111250e+00
3.597111851438983265e+00
3.597115165212156906e+00
3.597118478991631729e+00
3.597121792777409954e+00
3.597125106569488473e+00
3.597128420367869506e+00
3.597131734172553053e+00
3.597135047983538225e+00
3.597138361800825024e+00
3.597141675624414781e+00
3.597144989454304831e+00
3.597148303290498728e+00
3.597151617132994250e+00
3.597154930981790510e+00
3.597158244836890617e+00
3.597161558698291906e+00
3.597164872565995264e+00
3.597168186440000692e+00
3.597171500320308635e+00
3.597174814206918203e+00
3.597178128099830730e+00
3.597181441999044438e+00
3.597184755904561104e+00
3.597188069816381173e+00
3.597191383734500203e+00
3.597194697658924412e+00
3.597198011589649358e+00
3.597201325526677262e+00
3.597204639470006793e+00
3.597207953419639725e+00
3.597211267375574728e+00
3.597214581337811357e+00
3.597217895306350499e+00
3.597221209281192600e+00
3.597224523262336771e+00
3.597227837249782123e+00
3.597231151243531322e+00
3.597234465243583035e+00
3.597237779249936818e+00
3.597241093262592670e+00
3.597244407281551926e+00
3.597247721306812362e+00
3.597251035338377534e+00
3.597254349376242555e+00
3.597257663420411866e+00
3.597260977470882803e+00
3.597264291527657143e+00
3.597267605590734441e+00
3.597270919660113364e+00
3.597274233735795246e+00
3.597277547817779642e+00
3.597280861906066107e+00
3.597284176000656419e+00
3.597287490101548801e+00
3.597290804208743698e+00
3.597294118322241552e+00
3.597297432442041920e+00
3.597300746568146135e+00
3.597304060700553308e+00
3.597307374839261218e+00
3.597310688984273863e+00
3.597314003135588134e+00
3.597317317293205807e+00
3.597320631457125550e+00
3.597323945627349140e+00
3.597327259803875243e+00
3.597330573986704749e+00
3.597333888175835437e+00
3.597337202371270859e+00
3.597340516573008795e+00
3.597343830781049689e+00
3.597347144995393986e+00
3.597350459216039908e+00
3.597353773442990565e+00
3.597357087676241960e+00
3.597360401915798089e+00
3.597363716161657621e+00
3.597367030413819666e+00
3.597370344672284226e+00
3.597373658937052188e+00
3.597376973208123996e+00
3.597380287485497874e+00
3.597383601769176042e+00
3.597386916059156281e+00
3.597390230355440810e+00
3.597393544658027853e+00
3.597396858966918742e+00
3.597400173282111258e+00
3.597403487603608951e+00
3.597406801931409159e+00
3.597410116265512769e+00
3.597413430605918894e+00
3.597416744952629308e+00
3.597420059305642681e+00
3.597423373664959012e+00
3.597426688030579633e+00
3.597430002402502769e+00
3.597433316780730195e+00
3.597436631165260135e+00
3.597439945556093921e+00
3.597443259953231109e+00
3.597446574356672144e+00
3.597449888766415249e+00
3.597453203182463533e+00
3.597456517604815218e+00
3.597459832033468974e+00
3.597463146468427464e+00
3.597466460909689356e+00
3.597469775357255095e+00
3.597473089811123348e+00
3.597476404271295891e+00
3.597479718737771837e+00
3.597483033210551628e+00
3.597486347689634822e+00
3.597489662175022751e+00
3.597492976666713638e+00
3.597496291164707483e+00
3.597499605669005618e+00
3.597502920179607599e+00
3.597506234696513872e+00
3.597509549219722658e+00
3.597512863749235734e+00
3.597516178285053545e+00
3.597519492827173870e+00
3.597522807375598486e+00
3.597526121930327392e+00
3.597529436491359700e+00
3.597532751058696299e+00
3.597536065632336300e+00
3.597539380212279703e+00
3.597542694798528284e+00
3.597546009391080268e+00
3.597549323989936543e+00
3.597552638595095331e+00
3.597555953206559298e+00
3.597559267824327556e+00
3.597562582448399215e+00
3.597565897078774722e+00
3.597569211715454962e+00
3.597572526358439493e+00
3.597575841007726982e+00
3.597579155663320094e+00
3.597582470325214832e+00
3.597585784993416524e+00
3.597589099667920731e+00
3.597592414348729228e+00
3.597595729035842016e+00
3.597599043729259538e+00
3.597602358428980018e+00
3.597605673135006565e+00
3.597608987847336071e+00
3.597612302565970754e+00
3.597615617290909285e+00
3.597618932022151217e+00
3.597622246759698772e+00
3.597625561503549729e+00
3.597628876253705421e+00
3.597632191010165403e+00
3.597635505772930120e+00
3.597638820541998239e+00
3.597642135317371537e+00
3.597645450099049569e+00
3.597648764887031003e+00
3.597652079681317616e+00
3.597655394481908520e+00
3.597658709288804157e+00
3.597662024102003642e+00
3.597665338921508749e+00
3.597668653747317258e+00
3.597671968579431390e+00
3.597675283417848480e+00
3.597678598262571636e+00
3.597681913113598640e+00
3.597685227970930821e+00
3.597688542834566849e+00
3.597691857704508056e+00
3.597695172580754441e+00
3.597698487463304673e+00
3.597701802352160083e+00
3.597705117247319784e+00
3.597708432148783775e+00
3.597711747056553833e+00
3.597715061970627293e+00
3.597718376891005931e+00
3.597721691817689749e+00
3.597725006750678745e+00
3.597728321689971587e+00
3.597731636635570496e+00
3.597734951587473251e+00
3.597738266545680741e+00
3.597741581510193409e+00
3.597744896481011256e+00
3.597748211458133394e+00
3.597751526441561154e+00
3.597754841431293205e+00
3.597758156427331322e+00
3.597761471429673286e+00
3.597764786438320872e+00
3.597768101453273193e+00
3.597771416474530248e+00
3.597774731502093370e+00
3.597778046535960339e+00
3.597781361576133374e+00
3.597784676622610700e+00
3.597787991675393648e+00
3.597791306734481331e+00
3.597794621799874637e+00
3.597797936871573121e+00
3.597801251949576340e+00
3.597804567033884737e+00
3.597807882124497869e+00
3.597811197221417512e+00
3.597814512324641445e+00
3.597817827434171889e+00
3.597821142550005735e+00
3.597824457672145648e+00
3.597827772800590740e+00
3.597831087935341898e+00
3.597834403076397791e+00
3.597837718223758863e+00
3.597841033377426001e+00
3.597844348537397874e+00
3.597847663703675813e+00
3.597850978876258043e+00
3.597854294055146340e+00
3.597857609240339816e+00
3.597860924431838914e+00
3.597864239629644079e+00
3.597867554833754422e+00
3.597870870044169500e+00
3.597874185260890645e+00
3.597877500483918300e+00
3.597880815713249802e+00
3.597884130948888703e+00
3.597887446190831451e+00
3.597890761439080709e+00
3.597894076693635146e+00
3.597897391954495649e+00
3.597900707221661332e+00
3.597904022495133081e+00
3.597907337774910452e+00
3.597910653060993447e+00
