9.999999999999995559e-01
1.000000097871648563e+00
1.000000195743294906e+00
1.000000293614939251e+00
1.000000391486581597e+00
1.000000489358221278e+00
1.000000587229858295e+00
1.000000685101493980e+00
1.000000782973127000e+00
1.000000880844758244e+00
1.000000978716386157e+00
1.000001076588012738e+00
1.000001174459636655e+00
1.000001272331258351e+00
1.000001370202877604e+00
1.000001468074495303e+00
1.000001565946110116e+00
1.000001663817722930e+00
1.000001761689333524e+00
1.000001859560942119e+00
1.000001957432547828e+00
1.000002055304151760e+00
1.000002153175753472e+00
1.000002251047352075e+00
1.000002348918949568e+00
1.000002446790543731e+00
1.000002544662136561e+00
1.000002642533726505e+00
1.000002740405314450e+00
1.000002838276900619e+00
1.000002936148483679e+00
1.000003034020064741e+00
1.000003131891644026e+00
1.000003229763220425e+00
1.000003327634794603e+00
1.000003425506367005e+00
1.000003523377936743e+00
1.000003621249504482e+00
1.000003719121069778e+00
1.000003816992633077e+00
1.000003914864193932e+00
1.000004012735752568e+00
1.000004110607308760e+00
1.000004208478863621e+00
1.000004306350414929e+00
1.000004404221964460e+00
1.000004502093511771e+00
1.000004599965057750e+00
1.000004697836600398e+00
1.000004795708140604e+00
1.000004893579679033e+00
1.000004991451215686e+00
1.000005089322749008e+00
1.000005187194280554e+00
1.000005285065809657e+00
1.000005382937336762e+00
1.000005480808861869e+00
1.000005578680384533e+00
1.000005676551904532e+00
1.000005774423422533e+00
1.000005872294938314e+00
1.000005970166452318e+00
1.000006068037963436e+00
1.000006165909472777e+00
1.000006263780979232e+00
1.000006361652483466e+00
1.000006459523985702e+00
1.000006557395486162e+00
1.000006655266983957e+00
1.000006753138479310e+00
1.000006851009972664e+00
1.000006948881463575e+00
1.000007046752952045e+00
1.000007144624438515e+00
1.000007242495922766e+00
1.000007340367404796e+00
1.000007438238884827e+00
1.000007536110362860e+00
1.000007633981837563e+00
1.000007731853310489e+00
1.000007829724781416e+00
1.000007927596250124e+00
1.000008025467716166e+00
1.000008123339179766e+00
1.000008221210641368e+00
1.000008319082100749e+00
1.000008416953557910e+00
1.000008514825013073e+00
1.000008612696465793e+00
1.000008710567915848e+00
1.000008808439364127e+00
1.000008906310809964e+00
1.000009004182253580e+00
1.000009102053694976e+00
1.000009199925134373e+00
1.000009297796570884e+00
1.000009395668005618e+00
1.000009493539437910e+00
1.000009591410868204e+00
1.000009689282296055e+00
1.000009787153721907e+00
1.000009885025144873e+00
1.000009982896565841e+00
1.000010080767984588e+00
1.000010178639401115e+00
1.000010276510815199e+00
1.000010374382227729e+00
1.000010472253636928e+00
1.000010570125045462e+00
1.000010667996450886e+00
1.000010765867853646e+00
1.000010863739254185e+00
1.000010961610653171e+00
1.000011059482049491e+00
1.000011157353443370e+00
1.000011255224835249e+00
1.000011353096224465e+00
1.000011450967611681e+00
1.000011548838996678e+00
1.000011646710379454e+00
1.000011744581760009e+00
1.000011842453138344e+00
1.000011940324514459e+00
1.000012038195888131e+00
1.000012136067259805e+00
1.000012233938628592e+00
1.000012331809995159e+00
1.000012429681359727e+00
1.000012527552722519e+00
1.000012625424082868e+00
1.000012723295440775e+00
1.000012821166796240e+00
1.000012919038149928e+00
1.000013016909500951e+00
1.000013114780849532e+00
1.000013212652196781e+00
1.000013310523541143e+00
1.000013408394883285e+00
1.000013506266222763e+00
1.000013604137560685e+00
1.000013702008896166e+00
1.000013799880229426e+00
1.000013897751560243e+00
1.000013995622888840e+00
1.000014093494214995e+00
1.000014191365539373e+00
1.000014289236861309e+00
1.000014387108180802e+00
1.000014484979497853e+00
1.000014582850813127e+00
1.000014680722125737e+00
1.000014778593436571e+00
1.000014876464744518e+00
1.000014974336050688e+00
1.000015072207354194e+00
1.000015170078656146e+00
1.000015267949955433e+00
1.000015365821252500e+00
1.000015463692547346e+00
1.000015561563839306e+00
1.000015659435129933e+00
1.000015757306417896e+00
1.000015855177703639e+00
1.000015953048987161e+00
1.000016050920268018e+00
1.000016148791547321e+00
1.000016246662824404e+00
1.000016344534098156e+00
1.000016442405370798e+00
1.000016540276640775e+00
1.000016638147908310e+00
1.000016736019174290e+00
1.000016833890437162e+00
1.000016931761697592e+00
1.000017029632956911e+00
1.000017127504213121e+00
1.000017225375467333e+00
1.000017323246719325e+00
1.000017421117968652e+00
1.000017518989216425e+00
1.000017616860461089e+00
1.000017714731704199e+00
1.000017812602944645e+00
1.000017910474182870e+00
1.000018008345419540e+00
1.000018106216653324e+00
1.000018204087884666e+00
1.000018301959114231e+00
1.000018399830341354e+00
1.000018497701565812e+00
1.000018595572788271e+00
1.000018693444008955e+00
1.000018791315226974e+00
1.000018889186442772e+00
1.000018987057656128e+00
1.000019084928867263e+00
1.000019182800076400e+00
1.000019280671283317e+00
1.000019378542488013e+00
1.000019476413690045e+00
1.000019574284890744e+00
1.000019672156088335e+00
1.000019770027284149e+00
1.000019867898476855e+00
1.000019965769667785e+00
1.000020063640856494e+00
1.000020161512042982e+00
1.000020259383227250e+00
1.000020357254409298e+00
1.000020455125588903e+00
1.000020552996766510e+00
1.000020650867941230e+00
1.000020748739114618e+00
1.000020846610285119e+00
1.000020944481453622e+00
1.000021042352619460e+00
1.000021140223783522e+00
1.000021238094945142e+00
1.000021335966104541e+00
1.000021433837261720e+00
1.000021531708416678e+00
1.000021629579568971e+00
1.000021727450719267e+00
1.000021825321867786e+00
1.000021923193012974e+00
1.000022021064157274e+00
1.000022118935298687e+00
1.000022216806437658e+00
1.000022314677574631e+00
1.000022412548708939e+00
1.000022510419841248e+00
1.000022608290971338e+00
1.000022706162099428e+00
1.000022804033224855e+00
1.000022901904348283e+00
1.000022999775469046e+00
1.000023097646588033e+00
1.000023195517704577e+00
1.000023293388819123e+00
1.000023391259930783e+00
1.000023489131040666e+00
1.000023587002148329e+00
1.000023684873253105e+00
1.000023782744355882e+00
1.000023880615457328e+00
1.000023978486555443e+00
1.000024076357651559e+00
1.000024174228745455e+00
1.000024272099837130e+00
1.000024369970926363e+00
1.000024467842013598e+00
1.000024565713098612e+00
1.000024663584181628e+00
1.000024761455261979e+00
1.000024859326339666e+00
1.000024957197415798e+00
1.000025055068489266e+00
1.000025152939560957e+00
1.000025250810629762e+00
1.000025348681697235e+00
1.000025446552761599e+00
1.000025544423823742e+00
1.000025642294884332e+00
1.000025740165942256e+00
1.000025838036997738e+00
1.000025935908050778e+00
1.000026033779101819e+00
1.000026131650151084e+00
1.000026229521197463e+00
1.000026327392241843e+00
1.000026425263283558e+00
1.000026523134323941e+00
1.000026621005360994e+00
1.000026718876396270e+00
1.000026816747429326e+00
1.000026914618460161e+00
1.000027012489488332e+00
1.000027110360514726e+00
1.000027208231538456e+00
1.000027306102560631e+00
1.000027403973579698e+00
1.000027501844596767e+00
1.000027599715612059e+00
1.000027697586624464e+00
1.000027795457635094e+00
1.000027893328643502e+00
1.000027991199648802e+00
1.000028089070652548e+00
1.000028186941654074e+00
1.000028284812653157e+00
1.000028382683650019e+00
1.000028480554645105e+00
1.000028578425637749e+00
1.000028676296627506e+00
1.000028774167615708e+00
1.000028872038601246e+00
1.000028969909585008e+00
1.000029067780565661e+00
1.000029165651544538e+00
1.000029263522520750e+00
1.000029361393495186e+00
1.000029459264467624e+00
1.000029557135437175e+00
1.000029655006404949e+00
1.000029752877370059e+00
1.000029850748333171e+00
1.000029948619293618e+00
1.000030046490252511e+00
1.000030144361208517e+00
1.000030242232162747e+00
1.000030340103114312e+00
1.000030437974063657e+00
1.000030535845011448e+00
1.000030633715956352e+00
1.000030731586898369e+00
1.000030829457839276e+00
1.000030927328777741e+00
1.000031025199713097e+00
1.000031123070647121e+00
1.000031220941578258e+00
1.000031318812507619e+00
1.000031416683434538e+00
1.000031514554359235e+00
1.000031612425281935e+00
1.000031710296201970e+00
1.000031808167120007e+00
1.000031906038035157e+00
1.000032003908948752e+00
1.000032101779859683e+00
1.000032199650768394e+00
1.000032297521675551e+00
1.000032395392580042e+00
1.000032493263482092e+00
1.000032591134381033e+00
1.000032689005279085e+00
1.000032786876174251e+00
1.000032884747067641e+00
1.000032982617958144e+00
1.000033080488846426e+00
1.000033178359733377e+00
1.000033276230617441e+00
1.000033374101498840e+00
1.000033471972378019e+00
1.000033569843255421e+00
1.000033667714130825e+00
1.000033765585003342e+00
1.000033863455873639e+00
1.000033961326741716e+00
1.000034059197608238e+00
1.000034157068471430e+00
1.000034254939332845e+00
1.000034352810192040e+00
1.000034450681049014e+00
1.000034548551903990e+00
1.000034646422756301e+00
1.000034744293606392e+00
1.000034842164454485e+00
1.000034940035299913e+00
1.000035037906143787e+00
1.000035135776984330e+00
1.000035233647823540e+00
1.000035331518660087e+00
1.000035429389494412e+00
1.000035527260326296e+00
1.000035625131156181e+00
1.000035723001983845e+00
1.000035820872809511e+00
1.000035918743632068e+00
1.000036016614453516e+00
1.000036114485271188e+00
1.000036212356087972e+00
1.000036310226901870e+00
1.000036408097713547e+00
1.000036505968523226e+00
1.000036603839330018e+00
1.000036701710135256e+00
1.000036799580938052e+00
1.000036897451738183e+00
1.000036995322536315e+00
1.000037093193332227e+00
1.000037191064126363e+00
1.000037288934917834e+00
1.000037386805706863e+00
1.000037484676493671e+00
1.000037582547279147e+00
1.000037680418061070e+00
1.000037778288841439e+00
1.000037876159619588e+00
1.000037974030394849e+00
1.000038071901168113e+00
1.000038169771939378e+00
1.000038267642707979e+00
1.000038365513474803e+00
1.000038463384238963e+00
1.000038561255001124e+00
1.000038659125761065e+00
1.000038756996518341e+00
1.000038854867273397e+00
1.000038952738026454e+00
1.000039050608777735e+00
1.000039148479525908e+00
1.000039246350272304e+00
1.000039344221016480e+00
1.000039442091757991e+00
1.000039539962497503e+00
1.000039637833234574e+00
1.000039735703969646e+00
1.000039833574702719e+00
1.000039931445432684e+00
1.000040029316161316e+00
1.000040127186887062e+00
1.000040225057610810e+00
1.000040322928331671e+00
1.000040420799051422e+00
1.000040518669768064e+00
1.000040616540483152e+00
1.000040714411195353e+00
1.000040812281905778e+00
1.000040910152613316e+00
1.000041008023319078e+00
1.000041105894022619e+00
1.000041203764723718e+00
1.000041301635422153e+00
1.000041399506119255e+00
1.000041497376813249e+00
1.000041595247505466e+00
1.000041693118195241e+00
1.000041790988882573e+00
1.000041888859567907e+00
1.000041986730251242e+00
1.000042084600931913e+00
1.000042182471610586e+00
1.000042280342286150e+00
1.000042378212960603e+00
1.000042476083632170e+00
1.000042573954301739e+00
1.000042671824968643e+00
1.000042769695633771e+00
1.000042867566296678e+00
1.000042965436957143e+00
1.000043063307615165e+00
1.000043161178271189e+00
1.000043259048924771e+00
1.000043356919576132e+00
1.000043454790225494e+00
1.000043552660872193e+00
1.000043650531517114e+00
1.000043748402159594e+00
1.000043846272799408e+00
1.000043944143437669e+00
1.000044042014072820e+00
1.000044139884706640e+00
1.000044237755337795e+00
1.000044335625966285e+00
1.000044433496592555e+00
1.000044531367216827e+00
1.000044629237838878e+00
1.000044727108458931e+00
1.000044824979076541e+00
1.000044922849691931e+00
1.000045020720304878e+00
1.000045118590914939e+00
1.000045216461524111e+00
1.000045314332129953e+00
1.000045412202734019e+00
1.000045510073335642e+00
1.000045607943935266e+00
1.000045705814532893e+00
1.000045803685126966e+00
1.000045901555719929e+00
1.000045999426310228e+00
1.000046097296898528e+00
1.000046195167484608e+00
1.000046293038067802e+00
1.000046390908649219e+00
1.000046488779228415e+00
1.000046586649805391e+00
1.000046684520380147e+00
1.000046782390952682e+00
1.000046880261522775e+00
1.000046978132090203e+00
1.000047076002656077e+00
1.000047173873219286e+00
1.000047271743780719e+00
1.000047369614338821e+00
1.000047467484895369e+00
1.000047565355449475e+00
1.000047663226002026e+00
1.000047761096551691e+00
1.000047858967098913e+00
1.000047956837644136e+00
1.000048054708187362e+00
1.000048152578727922e+00
1.000048250449266485e+00
1.000048348319802383e+00
1.000048446190336504e+00
1.000048544060868183e+00
1.000048641931397420e+00
1.000048739801924436e+00
1.000048837672449897e+00
1.000048935542972028e+00
1.000049033413492605e+00
1.000049131284010739e+00
1.000049229154526209e+00
1.000049327025040125e+00
1.000049424895551153e+00
1.000049522766060406e+00
1.000049620636567882e+00
1.000049718507072249e+00
1.000049816377574174e+00
1.000049914248074101e+00
1.000050012118572473e+00
1.000050109989067737e+00
1.000050207859561224e+00
1.000050305730051603e+00
1.000050403600540649e+00
1.000050501471027475e+00
1.000050599341510971e+00
1.000050697211993578e+00
1.000050795082473298e+00
1.000050892952950354e+00
1.000050990823425634e+00
1.000051088693898249e+00
1.000051186564368866e+00
1.000051284434837706e+00
1.000051382305303882e+00
1.000051480175767615e+00
1.000051578046229572e+00
1.000051675916688865e+00
1.000051773787145937e+00
1.000051871657600566e+00
1.000051969528052975e+00
1.000052067398503386e+00
1.000052165268951354e+00
1.000052263139397768e+00
1.000052361009841073e+00
1.000052458880282158e+00
1.000052556750721244e+00
1.000052654621157888e+00
1.000052752491592978e+00
1.000052850362024515e+00
1.000052948232455163e+00
1.000053046102882925e+00
1.000053143973308245e+00
1.000053241843731122e+00
1.000053339714151779e+00
1.000053437584570437e+00
1.000053535454987541e+00
1.000053633325401092e+00
1.000053731195813089e+00
1.000053829066222866e+00
1.000053926936630200e+00
1.000054024807035313e+00
1.000054122677437984e+00
1.000054220547838657e+00
1.000054318418237109e+00
1.000054416288633119e+00
1.000054514159026686e+00
1.000054612029418921e+00
1.000054709899808048e+00
1.000054807770194731e+00
1.000054905640579417e+00
1.000055003510962326e+00
1.000055101381342348e+00
1.000055199251720595e+00
1.000055297122096176e+00
1.000055394992469537e+00
1.000055492862841122e+00
1.000055590733210265e+00
1.000055688603576742e+00
1.000055786473941000e+00
1.000055884344303703e+00
1.000055982214663519e+00
1.000056080085021115e+00
1.000056177955376491e+00
1.000056275825729424e+00
1.000056373696080581e+00
1.000056471566428851e+00
1.000056569436775344e+00
1.000056667307119618e+00
1.000056765177461449e+00
1.000056863047801059e+00
1.000056960918138227e+00
1.000057058788473174e+00
1.000057156658806123e+00
1.000057254529136408e+00
1.000057352399464916e+00
1.000057450269790760e+00
1.000057548140114605e+00
1.000057646010436230e+00
1.000057743880755190e+00
1.000057841751072374e+00
1.000057939621387337e+00
1.000058037491699414e+00
1.000058135362009493e+00
1.000058233232317351e+00
1.000058331102623432e+00
1.000058428972926405e+00
1.000058526843227824e+00
1.000058624713526578e+00
1.000058722583823334e+00
1.000058820454118091e+00
1.000058918324410184e+00
1.000059016194699613e+00
1.000059114064987487e+00
1.000059211935272918e+00
1.000059309805556129e+00
1.000059407675836676e+00
1.000059505546115002e+00
1.000059603416391774e+00
1.000059701286665215e+00
1.000059799156936879e+00
1.000059897027206324e+00
1.000059994897473770e+00
1.000060092767738995e+00
1.000060190638001334e+00
1.000060288508262119e+00
1.000060386378520239e+00
1.000060484248776804e+00
1.000060582119029595e+00
1.000060679989281498e+00
1.000060777859530514e+00
1.000060875729777088e+00
1.000060973600022107e+00
1.000061071470264240e+00
1.000061169340504597e+00
1.000061267210742288e+00
1.000061365080977538e+00
1.000061462951211011e+00
1.000061560821442264e+00
1.000061658691671740e+00
1.000061756561897663e+00
1.000061854432121589e+00
1.000061952302343959e+00
1.000062050172564110e+00
1.000062148042781596e+00
1.000062245912996639e+00
1.000062343783209462e+00
1.000062441653420287e+00
1.000062539523628891e+00
1.000062637393835052e+00
1.000062735264038993e+00
1.000062833134241158e+00
1.000062931004439770e+00
1.000063028874636828e+00
1.000063126744832109e+00
1.000063224615024726e+00
1.000063322485215345e+00
1.000063420355403299e+00
1.000063518225589032e+00
1.000063616095772545e+00
1.000063713965953838e+00
1.000063811836132910e+00
1.000063909706309762e+00
1.000064007576484393e+00
1.000064105446656137e+00
1.000064203316826550e+00
1.000064301186994520e+00
1.000064399057159825e+00
1.000064496927322688e+00
1.000064594797484219e+00
1.000064692667643085e+00
1.000064790537799286e+00
1.000064888407953712e+00
1.000064986278105472e+00
1.000065084148255012e+00
1.000065182018402776e+00
1.000065279888547654e+00
1.000065377758690754e+00
1.000065475628831413e+00
1.000065573498969407e+00
1.000065671369105846e+00
1.000065769239239399e+00
1.000065867109370954e+00
1.000065964979500732e+00
1.000066062849627846e+00
1.000066160719751851e+00
1.000066258589874746e+00
1.000066356459994976e+00
1.000066454330112986e+00
1.000066552200228553e+00
1.000066650070342344e+00
1.000066747940453471e+00
1.000066845810562155e+00
1.000066943680669285e+00
1.000067041550773306e+00
1.000067139420875550e+00
1.000067237290975575e+00
1.000067335161073157e+00
1.000067433031168740e+00
1.000067530901261881e+00
1.000067628771352579e+00
1.000067726641441501e+00
1.000067824511527981e+00
1.000067922381612018e+00
1.000068020251694056e+00
1.000068118121773653e+00
1.000068215991850584e+00
1.000068313861925962e+00
1.000068411731998452e+00
1.000068509602069389e+00
1.000068607472137217e+00
1.000068705342203268e+00
1.000068803212267321e+00
1.000068901082328043e+00
1.000068998952388100e+00
1.000069096822444603e+00
1.000069194692499774e+00
1.000069292562551837e+00
1.000069390432602123e+00
1.000069488302650189e+00
1.000069586172695368e+00
1.000069684042738771e+00
1.000069781912779732e+00
1.000069879782818472e+00
1.000069977652855435e+00
1.000070075522889734e+00
1.000070173392921813e+00
1.000070271262951671e+00
1.000070369132979087e+00
1.000070467003004282e+00
1.000070564873027701e+00
1.000070662743048455e+00
1.000070760613066767e+00
1.000070858483083303e+00
1.000070956353097174e+00
1.000071054223109046e+00
1.000071152093118254e+00
1.000071249963125464e+00
1.000071347833130675e+00
1.000071445703133444e+00
1.000071543573133326e+00
1.000071641443131654e+00
1.000071739313127983e+00
1.000071837183121426e+00
1.000071935053112204e+00
1.000072032923101650e+00
1.000072130793088654e+00
1.000072228663072993e+00
1.000072326533055778e+00
1.000072424403035898e+00
1.000072522273013353e+00
1.000072620142988811e+00
1.000072718012961825e+00
1.000072815882933064e+00
1.000072913752901860e+00
1.000073011622868435e+00
1.000073109492832124e+00
1.000073207362794481e+00
1.000073305232754173e+00
1.000073403102711200e+00
1.000073500972666452e+00
1.000073598842619482e+00
1.000073696712570515e+00
1.000073794582518882e+00
1.000073892452465030e+00
1.000073990322408735e+00
1.000074088192350441e+00
1.000074186062290371e+00
1.000074283932226527e+00
1.000074381802161350e+00
1.000074479672094174e+00
1.000074577542024334e+00
1.000074675411952718e+00
1.000074773281877771e+00
1.000074871151801714e+00
1.000074969021722771e+00
1.000075066891641606e+00
1.000075164761558444e+00
1.000075262631472839e+00
1.000075360501385235e+00
1.000075458371294967e+00
1.000075556241202479e+00
1.000075654111108214e+00
1.000075751981011285e+00
1.000075849850911913e+00
1.000075947720810543e+00
1.000076045590706952e+00
1.000076143460600919e+00
1.000076241330492888e+00
1.000076339200382858e+00
1.000076437070269941e+00
1.000076534940154804e+00
1.000076632810037669e+00
1.000076730679918091e+00
1.000076828549796959e+00
1.000076926419672496e+00
1.000077024289546701e+00
1.000077122159418241e+00
1.000077220029287339e+00
1.000077317899153551e+00
1.000077415769018652e+00
1.000077513638881088e+00
1.000077611508741082e+00
1.000077709378598856e+00
1.000077807248454409e+00
1.000077905118307742e+00
1.000078002988158854e+00
1.000078100858007746e+00
1.000078198727853973e+00
1.000078296597698868e+00
1.000078394467540654e+00
1.000078492337380220e+00
1.000078590207217788e+00
1.000078688077053579e+00
1.000078785946886262e+00
1.000078883816716724e+00
1.000078981686545410e+00
1.000079079556371875e+00
1.000079177426195898e+00
1.000079275296017478e+00
1.000079373165836838e+00
1.000079471035653977e+00
1.000079568905468452e+00
1.000079666775281595e+00
1.000079764645092517e+00
1.000079862514900331e+00
1.000079960384706146e+00
1.000080058254509741e+00
1.000080156124310893e+00
1.000080253994109825e+00
1.000080351863907424e+00
1.000080449733701249e+00
1.000080547603493741e+00
1.000080645473283347e+00
1.000080743343071621e+00
1.000080841212856786e+00
1.000080939082640175e+00
1.000081036952420899e+00
1.000081134822199624e+00
1.000081232691976130e+00
1.000081330561750192e+00
1.000081428431521813e+00
1.000081526301291435e+00
1.000081624171058836e+00
1.000081722040824017e+00
1.000081819910587200e+00
1.000081917780347940e+00
1.000082015650105793e+00
1.000082113519861871e+00
1.000082211389615505e+00
1.000082309259367364e+00
1.000082407129116557e+00
1.000082504998863753e+00
1.000082602868608284e+00
1.000082700738351038e+00
1.000082798608091572e+00
1.000082896477829442e+00
1.000082994347565091e+00
1.000083092217298297e+00
1.000083190087029283e+00
1.000083287956758715e+00
1.000083385826485038e+00
1.000083483696209141e+00
1.000083581565931690e+00
1.000083679435651129e+00
1.000083777305369237e+00
1.000083875175084680e+00
1.000083973044797236e+00
1.000084070914508017e+00
1.000084168784216576e+00
1.000084266653923137e+00
1.000085485785135120e+00
1.000087413711708173e+00
1.000089341637403484e+00
1.000091269562220386e+00
1.000093197486158436e+00
1.000095125409217856e+00
1.000097053331398866e+00
1.000098981252701025e+00
1.000100909173123442e+00
1.000102837092668118e+00
1.000104765011332830e+00
1.000106692929119356e+00
1.000108620846026364e+00
1.000110548762053631e+00
1.000112476677202045e+00
1.000114404591470718e+00
1.000116332504859873e+00
1.000118260417369953e+00
1.000120188328999626e+00
1.000122116239750225e+00
1.000124044149620195e+00
1.000125972058611534e+00
1.000127899966722023e+00
1.000129827873952548e+00
1.000131755780303111e+00
1.000133683685773045e+00
1.000135611590363016e+00
1.000137539494072358e+00
1.000139467396901294e+00
1.000141395298849822e+00
1.000143323199917500e+00
1.000145251100104993e+00
1.000147178999411191e+00
1.000149106897836315e+00
1.000151034795381921e+00
1.000152962692045344e+00
1.000154890587827916e+00
1.000156818482728749e+00
1.000158746376748731e+00
1.000160674269886751e+00
1.000162602162144587e+00
1.000164530053520684e+00
1.000166457944014375e+00
1.000168385833627216e+00
1.000171524202229323e+00
1.000174819787951863e+00
1.000178115371097132e+00
1.000181410951664462e+00
1.000184706529654077e+00
1.000188002105065088e+00
1.000191297677897051e+00
1.000194593248149522e+00
1.000197888815822944e+00
1.000201184380915098e+00
1.000204479943427538e+00
1.000207775503358487e+00
1.000211071060708168e+00
1.000214366615476136e+00
1.000217662167662391e+00
1.000220957717266046e+00
1.000224253264286212e+00
1.000227548808723554e+00
1.000230844350576742e+00
1.000234139889845331e+00
1.000237435426530652e+00
1.000240730960630264e+00
1.000244026492144833e+00
1.000247322021073471e+00
1.000250617547415954e+00
1.000254324330883016e+00
1.000258969205161774e+00
1.000263614074299978e+00
1.000268258938297183e+00
1.000272903797151836e+00
1.000277548650861936e+00
1.000282193499428596e+00
1.000286838342848483e+00
1.000291483181121599e+00
1.000296128014246611e+00
1.000300772842222630e+00
1.000305417665047880e+00
1.000310062482722140e+00
1.000314707295242966e+00
1.000319352102610804e+00
1.000323996904823209e+00
1.000328641701880183e+00
1.000333286493779728e+00
1.000338140446204171e+00
1.000344128768783536e+00
1.000350117082784651e+00
1.000356105388204853e+00
1.000362093685042364e+00
1.000368081973294521e+00
1.000374070252958214e+00
1.000380058524032778e+00
1.000386046786513550e+00
1.000392035040399641e+00
1.000398023285688831e+00
1.000404011522378456e+00
1.000409999750465184e+00
1.000415987969947684e+00
1.000422081472339464e+00
1.000429410639195105e+00
1.000436739793150176e+00
1.000444068934199571e+00
1.000451398062338404e+00
1.000458727177562457e+00
1.000466056279867288e+00
1.000473385369248902e+00
1.000480714445702635e+00
1.000488043509224045e+00
1.000495372559809582e+00
1.000502701597453248e+00
1.000510803521576841e+00
1.000519472149359101e+00
1.000528140759016749e+00
1.000536809350543122e+00
1.000545477923930004e+00
1.000554146479170514e+00
1.000562815016257545e+00
1.000571483535183548e+00
1.000580152035941639e+00
1.000588820518524269e+00
1.000598630731466043e+00
1.000608637996548422e+00
1.000618645237374205e+00
1.000628652453934730e+00
1.000638659646217121e+00
1.000648666814210719e+00
1.000658673957904421e+00
1.000668681077286237e+00
1.000679263105076044e+00
1.000690608497645240e+00
1.000701953858919691e+00
1.000713299188883187e+00
1.000724644487519077e+00
1.000735989754811373e+00
1.000747334990743642e+00
1.000758680195299011e+00
1.000842969441601227e+00
1.000927256952716338e+00
1.001011542721935710e+00
1.001095826742552042e+00
1.001180109007845820e+00
1.001264389511099306e+00
1.001348668245590989e+00
1.001432945204594249e+00
1.001517220381376472e+00
1.001601493769202600e+00
1.001685765361333358e+00
1.001770035151024807e+00
1.001854303131530566e+00
1.001938569296098480e+00
1.002022833637973953e+00
1.002107096150397725e+00
1.002191356826604984e+00
1.002275615659830033e+00
1.002359872643300509e+00
1.002444127770241611e+00
1.002528381033872984e+00
1.002612632427412498e+00
1.002696881944070695e+00
1.002781129577057229e+00
1.002865375319576868e+00
1.002949619164828388e+00
1.003033861106010116e+00
1.003118101136312612e+00
1.003202339248925545e+00
1.003286575437032146e+00
1.003370809693811871e+00
1.003455042012442622e+00
1.003539272386095416e+00
1.003623500807937718e+00
1.003707727271135219e+00
1.003791951768845614e+00
1.003876174294226375e+00
1.003960394840428538e+00
1.004044613400600028e+00
1.004128829967884107e+00
1.004213044535421151e+00
1.004297257096345541e+00
1.004381467643790105e+00
1.004465676170881450e+00
1.004549882670742855e+00
1.004634087136493381e+00
1.004718289561248978e+00
1.004802489938119825e+00
1.004886688260213656e+00
1.004970884520632879e+00
1.005055078712476790e+00
1.005139270828839360e+00
1.005223460862812779e+00
1.005307648807482357e+00
1.005391834655930960e+00
1.005476018401237237e+00
1.005560200036475393e+00
1.005644379554714973e+00
1.005728556949022856e+00
1.005812732212461480e+00
1.005896905338087732e+00
1.005981076318955836e+00
1.006065245148116238e+00
1.006149411818613837e+00
1.006233576323490420e+00
1.006317738655783556e+00
1.006401898808526152e+00
1.006486056774747340e+00
1.006570212547472920e+00
1.006654366119723365e+00
1.006738517484515816e+00
1.006822666634862751e+00
1.006906813563772207e+00
1.006990958264249336e+00
1.007075100729294181e+00
1.007159240951903234e+00
1.007243378925067878e+00
1.007327514641777499e+00
1.007411648095015932e+00
1.007495779277760573e+00
1.007579908182989925e+00
1.007664034803674724e+00
1.007748159132781041e+00
1.007832281163273169e+00
1.007916400888109187e+00
1.008000518300244286e+00
1.008084633392629881e+00
1.008168746158211393e+00
1.008252856589932245e+00
1.008336964680729864e+00
1.008421070423539234e+00
1.008505173811290456e+00
1.008589274836908967e+00
1.008673373493315983e+00
1.008757469773429838e+00
1.008841563670163310e+00
1.008925655176425851e+00
1.009009744285122467e+00
1.009093830989154172e+00
1.009177915281417093e+00
1.009261997154803581e+00
1.009346076602202436e+00
1.009430153616502679e+00
1.009514228190573570e+00
1.009598300317296360e+00
1.009682369989543416e+00
1.009766437200181999e+00
1.009850501942075818e+00
1.009934564208084140e+00
1.010018623991059794e+00
1.010102681283855386e+00
1.010186736079317082e+00
1.010270788370287054e+00
1.010354838149602363e+00
1.010438885410098075e+00
1.010522930144602594e+00
1.010606972345943433e+00
1.010691012006940115e+00
1.010775049120411273e+00
1.010859083679168657e+00
1.010943115676021353e+00
1.011027145103774671e+00
1.011111171955227261e+00
1.011195196223176662e+00
1.011279217900413308e+00
1.011363236979725633e+00
1.011447253453897632e+00
1.011531267315708638e+00
1.011615278557931985e+00
1.011699287173339679e+00
1.011783293154697949e+00
1.011867296494769031e+00
1.011951297186310939e+00
1.012035295222079023e+00
1.012119290594820420e+00
1.012203283297281819e+00
1.012287273322204362e+00
1.012371260662324968e+00
1.012455245310375895e+00
1.012539227259085184e+00
1.012623206501178430e+00
1.012707183029374125e+00
1.012791156836388540e+00
1.012875127914933726e+00
1.012959096257715297e+00
1.013043061857437754e+00
1.013127024706799606e+00
1.013210984798494030e+00
1.013294942125212650e+00
1.013378896679640206e+00
1.013462848454458554e+00
1.013546797442346659e+00
1.013630743635975273e+00
1.013714687028014927e+00
1.013798627611129266e+00
1.013882565377978828e+00
1.013966500321220154e+00
1.014050432433503568e+00
1.014134361707478948e+00
1.014218288135786628e+00
1.014302211711067825e+00
1.014386132425955545e+00
1.014470050273081014e+00
1.014553965245070799e+00
1.014637877334545468e+00
1.014721786534122927e+00
1.014805692836416640e+00
1.014889596234035629e+00
1.014973496719584256e+00
1.015057394285662218e+00
1.015141288924866103e+00
1.015225180629787616e+00
1.015309069393015129e+00
1.015392955207129910e+00
1.015476838064711229e+00
1.015560717958334580e+00
1.015644594880569462e+00
1.015728468823982045e+00
1.015812339781133389e+00
1.015896207744581226e+00
1.015980072706877957e+00
1.016063934660573098e+00
1.016147793598210169e+00
1.016231649512328250e+00
1.016315502395465753e+00
1.016399352240151543e+00
1.016483199038912488e+00
1.016567042784272790e+00
1.016650883468749988e+00
1.016734721084858073e+00
1.016818555625106590e+00
1.016902387082001091e+00
1.016986215448042463e+00
1.017070040715727153e+00
1.017153862877548054e+00
1.017237681925992510e+00
1.017321497853544088e+00
1.017405310652682360e+00
1.017489120315882678e+00
1.017572926835614622e+00
1.017656730204344440e+00
1.017740530414534383e+00
1.017824327458642042e+00
1.017908121329120563e+00
1.017991912018418654e+00
1.018075699518979471e+00
1.018159483823245059e+00
1.018243264923650138e+00
1.018327042812626093e+00
1.018410817482599207e+00
1.018494588925992872e+00
1.018578357135224932e+00
1.018662122102709233e+00
1.018745883820855402e+00
1.018829642282067960e+00
1.018913397478748095e+00
1.018997149403292113e+00
1.019080898048091433e+00
1.019164643405533699e+00
1.019248385468001894e+00
1.019332124227875891e+00
1.019415859677528235e+00
1.019499591809329697e+00
1.019583320615646382e+00
1.019667046088839069e+00
1.019750768221263648e+00
1.019834487005273349e+00
1.019918202433215404e+00
1.020001914497434825e+00
1.020085623190269075e+00
1.020169328504053397e+00
1.020253030431118813e+00
1.020336728963789907e+00
1.020420424094388823e+00
1.020504115815233037e+00
1.020587804118634478e+00
1.020671488996901743e+00
1.020755170442338766e+00
1.020838848447243929e+00
1.020922523003912952e+00
1.021006194104636888e+00
1.021089861741700355e+00
1.021173525907386193e+00
1.021257186593971689e+00
1.021340843793728137e+00
1.021424497498926165e+00
1.021508147701828406e+00
1.021591794394693498e+00
1.021675437569777412e+00
1.021759077219331235e+00
1.021842713335600505e+00
1.021926345910826983e+00
1.022009974937246657e+00
1.022093600407094627e+00
1.022177222312597333e+00
1.022260840645979663e+00
1.022344455399460506e+00
1.022428066565256088e+00
1.022511674135574644e+00
1.022595278102623295e+00
1.022678878458603613e+00
1.022762475195712728e+00
1.022846068306142886e+00
1.022929657782083002e+00
1.023013243615716217e+00
1.023096825799221676e+00
1.023180404324774306e+00
1.023263979184544148e+00
1.023347550370697023e+00
1.023431117875393870e+00
1.023514681690792294e+00
1.023598241809043241e+00
1.023681798222295880e+00
1.023765350922693163e+00
1.023848899902373377e+00
1.023932445153471926e+00
1.024015986668117328e+00
1.024099524438436104e+00
1.024183058456548112e+00
1.024266588714571213e+00
1.024350115204615497e+00
1.024433637918789053e+00
1.024517156849194643e+00
1.024600671987931255e+00
1.024684183327091214e+00
1.024767690858765068e+00
1.024851194575037594e+00
1.024934694467988239e+00
1.025018190529692896e+00
1.025101682752223908e+00
1.025185171127646511e+00
1.025268655648023053e+00
1.025352136305412332e+00
1.025435613091866927e+00
1.025519085999434310e+00
1.025602555020160844e+00
1.025686020146083344e+00
1.025769481369238845e+00
1.025852938681657722e+00
1.025936392075364578e+00
1.026019841542381350e+00
1.026103287074724868e+00
1.026186728664407966e+00
1.026270166303438147e+00
1.026353599983817588e+00
1.026437029697546910e+00
1.026520455436618295e+00
1.026603877193022374e+00
1.026687294958743335e+00
1.026770708725762482e+00
1.026854118486055123e+00
1.026937524231593013e+00
1.027020925954343245e+00
1.027104323646266026e+00
1.027187717299320902e+00
1.027271106905460307e+00
1.027354492456632684e+00
1.027437873944782032e+00
1.027521251361847465e+00
1.027604624699763880e+00
1.027687993950461731e+00
1.027771359105865701e+00
1.027854720157897139e+00
1.027938077098472514e+00
1.028021429919504737e+00
1.028104778612899617e+00
1.028188123170560297e+00
1.028271463584384371e+00
1.028354799846266321e+00
1.028438131948093526e+00
1.028521459881751809e+00
1.028604783639119225e+00
1.028688103212072491e+00
1.028771418592480780e+00
1.028854729772211263e+00
1.028938036743123785e+00
1.029021339497075749e+00
1.029104638025919227e+00
1.029187932321498744e+00
1.029271222375662376e+00
1.029354508180245764e+00
1.029437789727082553e+00
1.029521067008001500e+00
1.029604340014826924e+00
1.029687608739378479e+00
1.029770873173471601e+00
1.029854133308916175e+00
1.029937389137517867e+00
1.030020640651078789e+00
1.030103887841395283e+00
1.030187130700259024e+00
1.030270369219457249e+00
1.030353603390771866e+00
1.030436833205981007e+00
1.030520058656859916e+00
1.030603279735175626e+00
1.030686496432692056e+00
1.030769708741169577e+00
1.030852916652362561e+00
1.030936120158019609e+00
1.031019319249888877e+00
1.031102513919709640e+00
1.031185704159218064e+00
1.031268889960144985e+00
1.031352071314218355e+00
1.031435248213159905e+00
1.031518420648686929e+00
1.031601588612512277e+00
1.031684752096344582e+00
1.031767911091886480e+00
1.031851065590837058e+00
1.031934215584891179e+00
1.032017361065737493e+00
1.032100502025060429e+00
1.032183638454540642e+00
1.032266770345854567e+00
1.032349897690670870e+00
1.032433020480655994e+00
1.032516138707472830e+00
1.032599252362776499e+00
1.032682361438218788e+00
1.032765465925448600e+00
1.032848565816106623e+00
1.032931661101831766e+00
1.033014751774257389e+00
1.033097837825010634e+00
1.033180919245716867e+00
1.033263996027993459e+00
1.033347068163456450e+00
1.033430135643714110e+00
1.033513198460372040e+00
1.033596256605029851e+00
1.033679310069283375e+00
1.033762358844723783e+00
1.033845402922936030e+00
1.033928442295502848e+00
1.034011476954000086e+00
1.034094506889998932e+00
1.034177532095067686e+00
1.034260552560768431e+00
1.034343568278657699e+00
1.034426579240289801e+00
1.034509585437213053e+00
1.034592586860969110e+00
1.034675583503098961e+00
1.034758575355135601e+00
1.034841562408607807e+00
1.034924544655041023e+00
1.035007522085954035e+00
1.035090494692862961e+00
1.035173462467276373e+00
1.035256425400701508e+00
1.035339383484638276e+00
1.035422336710582591e+00
1.035505285070025705e+00
1.035588228554454870e+00
1.035671167155350680e+00
1.035754100864190619e+00
1.035837029672446841e+00
1.035919953571586838e+00
1.036002872553072995e+00
1.036085786608362813e+00
1.036168695728910683e+00
1.036251599906163667e+00
1.036334499131565501e+00
1.036417393396555697e+00
1.036500282692567554e+00
1.036583167011030149e+00
1.036666046343368563e+00
1.036748920681001662e+00
1.036831790015344978e+00
1.036914654337807606e+00
1.036997513639795532e+00
1.037080367912709411e+00
1.037163217147943683e+00
1.037246061336891456e+00
1.037328900470936288e+00
1.037411734541460406e+00
1.037494563539841153e+00
1.037577387457448541e+00
1.037660206285650366e+00
1.037743020015808426e+00
1.037825828639280745e+00
1.037908632147417798e+00
1.037991430531569392e+00
1.038074223783076899e+00
1.038157011893278581e+00
1.038239794853507147e+00
1.038322572655091536e+00
1.038405345289355353e+00
1.038488112747615988e+00
1.038570875021188611e+00
1.038653632101381286e+00
1.038736383979498745e+00
1.038819130646840394e+00
1.038901872094699419e+00
1.038984608314367231e+00
1.039067339297127024e+00
1.039150065034259995e+00
1.039232785517040236e+00
1.039315500736738507e+00
1.039398210684620238e+00
1.039480915351945978e+00
1.039563614729971164e+00
1.039646308809946795e+00
1.039728997583118097e+00
1.039811681040727409e+00
1.039894359174010852e+00
1.039977031974198995e+00
1.040059699432519080e+00
1.040142361540191684e+00
1.040225018288435388e+00
1.040307669668461443e+00
1.040390315671475330e+00
1.040472956288680972e+00
1.040555591511275191e+00
1.040638221330450586e+00
1.040720845737393985e+00
1.040803464723288441e+00
1.040886078279312565e+00
1.040968686396637644e+00
1.041051289066433183e+00
1.041133886279861365e+00
1.041216478028080594e+00
1.041299064302243726e+00
1.041381645093500508e+00
1.041464220392993356e+00
1.041546790191861138e+00
1.041629354481238279e+00
1.041711913252251653e+00
1.041794466496027249e+00
1.041877014203683061e+00
1.041959556366334194e+00
1.042042092975088208e+00
1.042124624021050217e+00
1.042207149495319563e+00
1.042289669388990925e+00
1.042372183693153209e+00
1.042454692398892435e+00
1.042537195497286184e+00
1.042619692979410928e+00
1.042702184836334922e+00
1.042784671059124424e+00
1.042867151638839252e+00
1.042949626566533672e+00
1.043032095833258177e+00
1.043114559430057930e+00
1.043197017347973210e+00
1.043279469578039187e+00
1.043361916111285703e+00
1.043444356938739714e+00
1.043526792051420182e+00
1.043609221440342960e+00
1.043691645096518128e+00
1.043774063010952657e+00
1.043856475174645748e+00
1.043938881578593714e+00
1.044021282213787094e+00
1.044103677071211322e+00
1.044186066141848501e+00
1.044268449416673405e+00
1.044350826886656813e+00
1.044433198542764618e+00
1.044515564375958716e+00
1.044597924377193676e+00
1.044680278537420959e+00
1.044762626847586695e+00
1.044844969298632797e+00
1.044927305881493629e+00
1.045009636587101109e+00
1.045091961406381387e+00
1.045174280330255723e+00
1.045256593349639163e+00
1.045338900455444531e+00
1.045421201638576880e+00
1.045503496889936823e+00
1.045585786200421863e+00
1.045668069560921731e+00
1.045750346962323718e+00
1.045832618395508673e+00
1.045914883851351229e+00
1.045997143320725353e+00
1.046079396794494798e+00
1.046161644263521984e+00
1.046243885718661781e+00
1.046326121150766619e+00
1.046408350550681821e+00
1.046490573909248489e+00
1.046572791217302623e+00
1.046655002465675555e+00
1.046737207645192846e+00
1.046819406746676284e+00
1.046901599760939661e+00
1.046983786678796768e+00
1.047065967491052074e+00
1.047148142188505382e+00
1.047230310761954275e+00
1.047312473202189453e+00
1.047394629499995400e+00
1.047476779646152600e+00
1.047558923631438432e+00
1.047641061446621835e+00
1.047723193082469750e+00
1.047805318529742014e+00
1.047887437779193576e+00
1.047969550821576057e+00
1.048051657647633084e+00
1.048133758248106506e+00
1.048215852613731514e+00
1.048297940735236855e+00
1.048380022603349282e+00
1.048462098208787774e+00
1.048544167542267758e+00
1.048626230594498443e+00
1.048708287356185931e+00
1.048790337818029439e+00
1.048872381970722634e+00
1.048954419804956517e+00
1.049036451311415652e+00
1.049118476480777939e+00
1.049200495303719727e+00
1.049282507770909589e+00
1.049364513873010774e+00
1.049446513600683639e+00
1.049528506944581441e+00
1.049610493895353880e+00
1.049692474443643775e+00
1.049774448580091057e+00
1.049856416295328110e+00
1.049938377579984206e+00
1.050020332424682845e+00
1.050102280820042200e+00
1.050184222756675778e+00
1.050266158225191315e+00
1.050348087216191884e+00
1.050430009720275892e+00
1.050511925728034868e+00
1.050593835230058559e+00
1.050675738216927391e+00
1.050757634679220009e+00
1.050839524607509068e+00
1.050921407992359669e+00
1.051003284824336692e+00
1.051085155093995471e+00
1.051167018791888008e+00
1.051248875908560754e+00
1.051330726434556162e+00
1.051412570360409804e+00
1.051494407676652809e+00
1.051576238373812311e+00
1.051658062442408337e+00
1.051739879872957584e+00
1.051821690655969865e+00
1.051903494781951443e+00
1.051985292241402581e+00
1.052067083024818439e+00
1.052148867122689291e+00
1.052230644525499859e+00
1.052312415223729758e+00
1.052394179207853941e+00
1.052475936468342255e+00
1.052557686995657660e+00
1.052639430780261121e+00
1.052721167812605385e+00
1.052802898083139427e+00
1.052884621582307778e+00
1.052966338300547866e+00
1.053048048228293787e+00
1.053129751355972310e+00
1.053211447674007317e+00
1.053293137172817140e+00
1.053374819842813892e+00
1.053456495674404580e+00
1.053538164657991327e+00
1.053619826783971591e+00
1.053701482042736837e+00
1.053783130424674752e+00
1.053864771920165699e+00
1.053946406519585599e+00
1.054028034213306375e+00
1.054109654991693734e+00
1.054191268845107832e+00
1.054272875763904604e+00
1.054354475738433772e+00
1.054436068759041278e+00
1.054517654816066630e+00
1.054599233899843336e+00
1.054680806000702020e+00
1.054762371108966201e+00
1.054843929214955178e+00
1.054925480308982477e+00
1.055007024381356961e+00
1.055088561422381055e+00
1.055170091422353851e+00
1.055251614371567559e+00
1.055333130260309726e+00
1.055414639078863903e+00
1.055496140817505202e+00
1.055577635466506514e+00
1.055659123016134959e+00
1.055740603456652105e+00
1.055822076778313301e+00
1.055903542971369236e+00
1.055985002026066599e+00
1.056066453932644755e+00
1.056147898681340180e+00
1.056229336262381802e+00
1.056310766665994993e+00
1.056392189882398469e+00
1.056473605901807167e+00
1.056555014714429808e+00
1.056636416310469340e+00
1.056717810680125158e+00
1.056799197813589331e+00
1.056880577701050372e+00
1.056961950332691247e+00
1.057043315698688035e+00
1.057124673789213709e+00
1.057206024594435023e+00
1.057287368104513625e+00
1.057368704309604945e+00
1.057450033199860862e+00
1.057531354765425924e+00
1.057612668996441352e+00
1.057693975883042148e+00
1.057775275415357097e+00
1.057856567583511875e+00
1.057937852377625498e+00
1.058019129787811430e+00
1.058100399804178693e+00
1.058181662416830093e+00
1.058262917615863996e+00
1.058344165391373437e+00
1.058425405733444347e+00
1.058506638632160879e+00
1.058587864077598750e+00
1.058669082059829014e+00
1.058750292568918727e+00
1.058831495594927841e+00
1.058912691127912531e+00
1.058993879157922535e+00
1.059075059675003150e+00
1.059156232669193898e+00
1.059237398130528751e+00
1.059318556049036353e+00
1.059399706414741127e+00
1.059480849217661280e+00
1.059561984447807914e+00
1.059643112095190798e+00
1.059724232149811707e+00
1.059805344601666643e+00
1.059886449440747835e+00
1.059967546657041737e+00
1.060048636240528586e+00
1.060129718181183955e+00
1.060210792468978980e+00
1.060291859093876798e+00
1.060372918045838331e+00
1.060453969314817613e+00
1.060535012890762241e+00
1.060616048763616703e+00
1.060697076923318605e+00
1.060778097359801109e+00
1.060859110062990496e+00
1.060940115022809715e+00
1.061021112229175056e+00
1.061102101671997477e+00
1.061183083341182831e+00
1.061264057226632751e+00
1.061345023318240210e+00
1.061425981605895963e+00
1.061506932079485210e+00
1.061587874728886050e+00
1.061668809543971692e+00
1.061749736514610465e+00
1.061830655630665809e+00
1.061911566881994506e+00
1.061992470258448451e+00
1.062073365749875320e+00
1.062154253346115018e+00
1.062235133037003898e+00
1.062316004812372316e+00
1.062396868662045746e+00
1.062477724575842775e+00
1.062558572543578439e+00
1.062639412555061114e+00
1.062720244600094288e+00
1.062801068668476345e+00
1.062881884749999228e+00
1.062962692834450884e+00
1.063043492911612153e+00
1.063124284971258993e+00
1.063205069003164027e+00
1.063285844997090779e+00
1.063366612942800105e+00
1.063447372830047088e+00
1.063528124648580597e+00
1.063608868388142836e+00
1.063689604038475345e+00
1.063770331589308338e+00
1.063851051030369588e+00
1.063931762351381760e+00
1.064012465542061969e+00
1.064093160592119336e+00
1.064173847491261649e+00
1.064254526229187814e+00
1.064335196795593186e+00
1.064415859180166679e+00
1.064496513372591879e+00
1.064577159362547931e+00
1.064657797139707318e+00
1.064738426693738305e+00
1.064819048014301828e+00
1.064899661091054384e+00
1.064980265913648250e+00
1.065060862471727932e+00
1.065141450754934160e+00
1.065222030752901672e+00
1.065302602455259207e+00
1.065383165851631286e+00
1.065463720931634883e+00
1.065544267684884083e+00
1.065624806100984756e+00
1.065705336169540773e+00
1.065785857880147125e+00
1.065866371222393472e+00
1.065946876185867698e+00
1.066027372760148140e+00
1.066107860934809359e+00
1.066188340699420589e+00
1.066268812043544401e+00
1.066349274956739590e+00
1.066429729428558293e+00
1.066510175448546871e+00
1.066590613006247246e+00
1.066671042091195121e+00
1.066751462692920649e+00
1.066831874800948432e+00
1.066912278404798631e+00
1.066992673493984523e+00
1.067073060058014500e+00
1.067153438086390516e+00
1.067233807568611637e+00
1.067314168494167603e+00
1.067394520852546158e+00
1.067474864633227272e+00
1.067555199825686252e+00
1.067635526419392189e+00
1.067715844403810177e+00
1.067796153768397538e+00
1.067876454502608485e+00
1.067956746595890127e+00
1.068037030037683577e+00
1.068117304817426394e+00
1.068197570924548589e+00
1.068277828348475733e+00
1.068358077078627844e+00
1.068438317104419166e+00
1.068518548415257952e+00
1.068598771000546677e+00
1.068678984849683822e+00
1.068759189952061206e+00
1.068839386297065541e+00
1.068919573874077322e+00
1.068999752672471271e+00
1.069079922681617445e+00
1.069160083890880797e+00
1.069240236289619617e+00
1.069320379867185755e+00
1.069400514612927955e+00
1.069480640516188297e+00
1.069560757566300868e+00
1.069640865752598646e+00
1.069720965064406171e+00
1.069801055491042652e+00
1.069881137021821971e+00
1.069961209646052902e+00
1.070041273353038003e+00
1.070121328132074057e+00
1.070201373972453851e+00
1.070281410863461957e+00
1.070361438794379172e+00
1.070441457754480519e+00
1.070521467733035914e+00
1.070601468719307281e+00
1.070681460702553878e+00
1.070761443672027191e+00
1.070841417616974711e+00
1.070921382526637933e+00
1.071001338390250801e+00
1.071081285197044819e+00
1.071161222936243274e+00
1.071241151597065899e+00
1.071321071168724437e+00
1.071400981640426631e+00
1.071480883001376005e+00
1.071560775240766983e+00
1.071640658347789765e+00
1.071720532311631224e+00
1.071800397121468462e+00
1.071880252766476582e+00
1.071960099235823360e+00
1.072039936518671022e+00
1.072119764604175574e+00
1.072199583481489915e+00
1.072279393139757619e+00
1.072359193568119373e+00
1.072438984755709424e+00
1.072518766691655578e+00
1.072598539365081649e+00
1.072678302765104341e+00
1.072758056880835031e+00
1.072837801701379101e+00
1.072917537215838379e+00
1.072997263413306479e+00
1.073076980282871018e+00
1.073156687813617394e+00
1.073236385994622344e+00
1.073316074814957499e+00
1.073395754263688939e+00
1.073475424329877193e+00
1.073555085002577902e+00
1.073634736270839607e+00
1.073714378123705959e+00
1.073794010550215061e+00
1.073873633539397909e+00
1.073953247080282614e+00
1.074032851161888624e+00
1.074112445773231173e+00
1.074192030903320161e+00
1.074271606541158830e+00
1.074351172675746202e+00
1.074430729296072418e+00
1.074510276391126062e+00
1.074589813949887729e+00
1.074669341961331570e+00
1.074748860414427964e+00
1.074828369298139963e+00
1.074907868601426175e+00
1.074987358313238550e+00
1.075066838422524373e+00
1.075146308918224491e+00
1.075225769789273311e+00
1.075305221024600799e+00
1.075384662613130704e+00
1.075464094543781446e+00
1.075543516805464783e+00
1.075622929387087146e+00
1.075702332277550077e+00
1.075781725465748906e+00
1.075861108940571853e+00
1.075940482690903366e+00
1.076019846705620564e+00
1.076099200973597236e+00
1.076178545483698290e+00
1.076257880224784858e+00
1.076337205185712298e+00
1.076416520355329309e+00
1.076495825722479038e+00
1.076575121276000191e+00
1.076654407004724145e+00
1.076733682897477395e+00
1.076812948943080661e+00
1.076892205130346891e+00
1.076971451448086814e+00
1.077050687885102498e+00
1.077129914430192459e+00
1.077209131072146553e+00
1.077288337799752638e+00
1.077367534601789689e+00
1.077446721467032464e+00
1.077525898384249503e+00
1.077605065342203572e+00
1.077684222329650110e+00
1.077763369335342336e+00
1.077842506348025475e+00
1.077921633356437869e+00
1.078000750349315418e+00
1.078079857315383805e+00
1.078158954243366718e+00
1.078238041121980295e+00
1.078317117939935788e+00
1.078396184685936676e+00
1.078475241348684222e+00
1.078554287916869692e+00
1.078633324379181913e+00
1.078712350724301494e+00
1.078791366940904606e+00
1.078870373017663198e+00
1.078949368943239451e+00
1.079028354706291548e+00
1.079107330295474121e+00
1.079186295699432030e+00
1.079265250906807472e+00
1.079344195906235759e+00
1.079423130686345544e+00
1.079502055235761038e+00
1.079580969543099567e+00
1.079659873596972908e+00
1.079738767385987952e+00
1.079817650898743819e+00
1.079896524123836077e+00
1.079975387049852520e+00
1.080054239665376281e+00
1.080133081958983832e+00
1.080211913919246092e+00
1.080290735534730207e+00
1.080369546793992663e+00
1.080448347685589283e+00
1.080527138198066561e+00
1.080605918319967218e+00
1.080684688039826424e+00
1.080763447346174022e+00
1.080842196227536522e+00
1.080920934672429556e+00
1.080999662669367645e+00
1.081078380206856648e+00
1.081157087273397321e+00
1.081235783857484645e+00
1.081314469947608492e+00
1.081393145532251410e+00
1.081471810599891059e+00
1.081550465138998440e+00
1.081629109138039668e+00
1.081707742585475085e+00
1.081786365469757039e+00
1.081864977779335435e+00
1.081943579502649966e+00
1.082022170628139879e+00
1.082100751144233541e+00
1.082179321039354658e+00
1.164439662516174367e+00
1.164478030028601951e+00
1.164516383716007741e+00
1.164554723571908035e+00
1.164593049589817353e+00
1.164631361763247108e+00
1.164669660085708047e+00
1.164707944550709140e+00
1.164746215151756026e+00
1.164784471882355010e+00
1.164822714736008846e+00
1.164860943706219620e+00
1.164899158786486311e+00
1.164937359970308783e+00
1.164975547251180688e+00
1.165013720622600335e+00
1.165051880078057378e+00
1.165090025611045021e+00
1.165128157215051363e+00
1.165166274883565389e+00
1.165204378610071201e+00
1.165242468388054009e+00
1.165280544210996805e+00
1.165318606072379026e+00
1.165356653965680778e+00
1.165394687884377722e+00
1.165432707821947078e+00
1.165470713771860733e+00
1.165508705727591687e+00
1.165546683682610496e+00
1.165584647630383275e+00
1.165622597564378804e+00
1.165660533478062755e+00
1.165698455364895691e+00
1.165736363218340177e+00
1.165774257031856331e+00
1.165812136798901832e+00
1.165850002512931693e+00
1.165887854167402704e+00
1.165925691755766103e+00
1.165963515271472239e+00
1.166001324707970577e+00
1.166039120058708800e+00
1.166076901317134151e+00
1.166114668476687655e+00
1.166152421530812555e+00
1.166190160472949655e+00
1.166227885296537981e+00
1.166265595995013227e+00
1.166303292561811311e+00
1.166340974990365931e+00
1.166378643274107674e+00
1.166416297406467351e+00
1.166453937380872885e+00
1.166491563190749758e+00
1.166529174829524562e+00
1.166566772290619669e+00
1.166604355567453899e+00
1.166641924653448736e+00
1.166679479542022335e+00
1.166717020226588630e+00
1.166754546700563333e+00
1.166792058957358824e+00
1.166829556990384598e+00
1.166867040793050148e+00
1.166904510358762970e+00
1.166941965680928117e+00
1.166979406752949089e+00
1.167016833568228273e+00
1.167054246120164507e+00
1.167091644402158179e+00
1.167129028407604352e+00
1.167166398129897642e+00
1.167203753562432444e+00
1.167241094698599380e+00
1.167278421531788180e+00
1.167315734055386578e+00
1.167353032262781420e+00
1.167390316147355556e+00
1.167427585702492276e+00
1.167464840921573099e+00
1.167502081797975988e+00
1.167539308325078906e+00
1.167576520496258485e+00
1.167613718304886694e+00
1.167650901744337055e+00
1.167688070807978651e+00
1.167725225489180563e+00
1.167762365781308986e+00
1.167799491677731005e+00
1.167836603171807708e+00
1.167873700256902181e+00
1.167910782926373070e+00
1.167947851173579021e+00
1.167984904991876904e+00
1.168021944374620036e+00
1.168058969315162177e+00
1.168095979806853535e+00
1.168132975843043875e+00
1.168169957417080962e+00
1.168206924522310119e+00
1.168243877152075560e+00
1.168280815299720166e+00
1.168317738958583485e+00
1.168354648122004846e+00
1.168391542783320469e+00
1.168428422935866573e+00
1.168465288572976712e+00
1.168502139687981112e+00
1.168538976274212438e+00
1.168575798324996251e+00
1.168612605833660334e+00
1.168649398793529803e+00
1.168686177197926446e+00
1.168722941040172270e+00
1.168759690313586841e+00
1.168796425011487949e+00
1.168833145127190942e+00
1.168869850654010056e+00
1.168906541585258196e+00
1.168943217914246491e+00
1.168979879634282959e+00
1.169016526738673845e+00
1.169053159220727611e+00
1.169089777073745839e+00
1.169126380291030554e+00
1.169162968865881780e+00
1.169199542791598656e+00
1.169236102061477878e+00
1.169272646668813476e+00
1.169309176606899259e+00
1.169345691869026371e+00
1.169382192448484403e+00
1.169418678338560724e+00
1.169455149532542704e+00
1.169491606023714603e+00
1.169528047805358462e+00
1.169564474870754545e+00
1.169600887213183560e+00
1.169637284825921775e+00
1.169673667702243902e+00
1.169710035835425987e+00
1.169746389218738303e+00
1.169782727845452230e+00
1.169819051708835600e+00
1.169855360802156019e+00
1.169891655118677765e+00
1.169927934651664891e+00
1.169964199394378790e+00
1.170000449340079518e+00
1.170036684482023137e+00
1.170072904813468151e+00
1.170109110327668844e+00
1.170145301017877282e+00
1.170181476877344640e+00
1.170217637899320540e+00
1.170253784077051717e+00
1.170289915403785352e+00
1.170326031872763295e+00
1.170362133477230504e+00
1.170398220210425277e+00
1.170434292065587023e+00
1.170470349035953594e+00
1.170506391114758404e+00
1.170542418295236864e+00
1.170578430570618611e+00
1.170614427934136614e+00
1.170650410379015183e+00
1.170686377898483732e+00
1.170722330485765905e+00
1.170758268134084457e+00
1.170794190836661253e+00
1.170830098586715273e+00
1.170865991377463056e+00
1.170901869202122692e+00
1.170937732053907165e+00
1.170973579926028574e+00
1.171009412811697903e+00
1.171045230704124807e+00
1.171081033596514720e+00
1.171116821482074410e+00
1.171152594354007093e+00
1.171188352205514205e+00
1.171224095029795853e+00
1.171259822820051255e+00
1.171295535569476076e+00
1.171331233271265537e+00
1.171366915918613749e+00
1.171402583504709050e+00
1.171438236022743551e+00
1.171473873465904925e+00
1.171509495827378400e+00
1.171545103100348317e+00
1.171580695277997464e+00
1.171616272353506405e+00
1.171651834320054819e+00
1.171687381170818609e+00
1.171722912898975011e+00
1.171758429497696596e+00
1.171793930960155716e+00
1.171829417279522723e+00
1.171864888448965525e+00
1.171900344461651589e+00
1.171935785310744826e+00
1.171971210989409817e+00
1.172006621490806477e+00
1.172042016808095832e+00
1.172077396934435800e+00
1.172112761862981634e+00
1.172148111586888808e+00
1.172183446099307691e+00
1.172218765393392648e+00
1.172254069462290271e+00
1.172289358299149375e+00
1.172324631897114777e+00
1.172359890249329739e+00
1.172395133348938190e+00
1.172430361189079395e+00
1.172465573762891289e+00
1.172500771063512692e+00
1.172535953084076210e+00
1.172571119817717555e+00
1.172606271257566224e+00
1.172641407396753710e+00
1.172676528228407067e+00
1.172711633745653348e+00
1.172746723941616942e+00
1.172781798809419573e+00
1.172816858342184299e+00
1.172851902533028179e+00
1.172886931375070274e+00
1.172921944861425425e+00
1.172956942985208029e+00
1.172991925739531149e+00
1.173026893117504299e+00
1.173061845112236323e+00
1.173096781716834514e+00
1.173131702924403053e+00
1.173166608728046567e+00
1.173201499120867242e+00
1.173236374095963042e+00
1.173271233646433931e+00
1.173306077765375433e+00
1.173340906445883070e+00
1.173375719681048590e+00
1.173410517463964187e+00
1.173445299787719387e+00
1.173480066645400832e+00
1.173514818030095386e+00
1.173549553934886136e+00
1.173584274352857060e+00
1.173618979277086360e+00
1.173653668700655794e+00
1.173688342616640012e+00
1.173723001018115886e+00
1.173757643898155845e+00
1.173792271249833208e+00
1.173826883066217297e+00
1.173861479340375880e+00
1.173896060065375835e+00
1.173930625234282932e+00
1.173965174840159165e+00
1.173999708876066084e+00
1.174034227335063463e+00
1.174068730210209077e+00
1.174103217494557594e+00
1.174137689181165678e+00
1.174172145263084666e+00
1.174206585733364339e+00
1.174241010585055589e+00
1.174275419811203536e+00
1.174309813404855518e+00
1.174344191359054657e+00
1.174378553666843183e+00
1.174412900321260000e+00
1.174447231315344897e+00
1.174481546642134777e+00
1.174515846294663657e+00
1.174550130265964887e+00
1.174584398549069819e+00
1.174618651137008696e+00
1.174652888022808872e+00
1.174687109199496815e+00
1.174721314660097882e+00
1.174755504397632100e+00
1.174789678405122162e+00
1.174823836675587652e+00
1.174857979202044600e+00
1.174892105977509260e+00
1.174926216994996775e+00
1.174960312247517402e+00
1.174994391728081400e+00
1.175028455429698360e+00
1.175062503345374987e+00
1.175096535468115988e+00
1.175130551790924960e+00
1.175164552306802612e+00
1.175198537008750765e+00
1.175232505889764800e+00
1.175266458942843206e+00
1.175300396160980032e+00
1.175334317537167328e+00
1.175368223064396478e+00
1.175402112735656868e+00
1.175435986543935885e+00
1.175469844482219361e+00
1.175503686543491577e+00
1.175537512720733924e+00
1.175571323006927127e+00
1.175605117395051025e+00
1.175638895878081014e+00
1.175672658448993380e+00
1.175706405100761298e+00
1.175740135826356614e+00
1.175773850618747618e+00
1.175807549470905933e+00
1.175841232375795187e+00
1.175874899326380785e+00
1.175908550315625689e+00
1.175942185336491308e+00
1.175975804381937051e+00
1.176009407444920551e+00
1.176042994518397222e+00
1.176076565595321366e+00
1.176110120668646175e+00
1.176143659731321289e+00
1.176177182776295460e+00
1.176210689796517661e+00
1.176244180784930204e+00
1.176277655734479177e+00
1.176311114638105559e+00
1.176344557488750109e+00
1.176377984279349809e+00
1.176411395002841420e+00
1.176444789652161482e+00
1.176478168220241649e+00
1.176511530700013353e+00
1.176544877084407359e+00
1.176578207366347995e+00
1.176611521538766025e+00
1.176644819594582225e+00
1.176678101526720699e+00
1.176711367328102664e+00
1.176744616991645342e+00
1.176777850510267731e+00
1.176811067876884387e+00
1.176844269084409200e+00
1.176877454125754285e+00
1.176910622993830202e+00
1.176943775681544624e+00
1.176976912181805890e+00
1.177010032487517011e+00
1.177043136591581662e+00
1.177076224486903078e+00
1.177109296166379382e+00
1.177142351622908922e+00
1.177175390849387160e+00
1.177208413838709777e+00
1.177241420583769127e+00
1.177274411077454896e+00
1.177307385312658328e+00
1.177340343282266000e+00
1.177373284979162271e+00
1.177406210396232611e+00
1.177439119526359823e+00
1.177472012362422271e+00
1.177504888897299873e+00
1.177537749123869659e+00
1.177570593035006441e+00
1.177603420623583474e+00
1.177636231882473128e+00
1.177669026804543773e+00
1.177701805382665334e+00
1.177734567609702188e+00
1.177767313478520927e+00
1.177800042981984374e+00
1.177832756112952461e+00
1.177865452864284679e+00
1.177898133228838518e+00
1.177930797199470581e+00
1.177963444769034806e+00
1.177996075930384023e+00
1.178028690676367507e+00
1.178061288999834533e+00
1.178093870893633266e+00
1.178126436350607431e+00
1.178158985363602751e+00
1.178191517925458953e+00
1.178224034029016654e+00
1.178256533667114692e+00
1.178289016832589020e+00
1.178321483518275148e+00
1.178353933717005919e+00
1.178386367421612180e+00
1.178418784624924331e+00
1.178451185319768779e+00
1.178483569498973038e+00
1.178515937155360627e+00
1.178548288281754397e+00
1.178580622870975425e+00
1.178612940915841678e+00
1.178645242409172234e+00
1.178677527343780618e+00
1.178709795712481467e+00
1.178742047508087198e+00
1.178774282723407563e+00
1.178806501351252090e+00
1.178838703384425646e+00
1.178870888815735762e+00
1.178903057637983531e+00
1.178935209843971821e+00
1.178967345426499502e+00
1.178999464378364781e+00
1.179031566692364530e+00
1.179063652361292291e+00
1.179095721377941386e+00
1.179127773735103135e+00
1.179159809425565975e+00
1.179191828442118783e+00
1.179223830777545556e+00
1.179255816424631620e+00
1.179287785376158526e+00
1.179319737624906494e+00
1.179351673163654857e+00
1.179383591985180280e+00
1.179415494082258986e+00
1.179447379447663646e+00
1.179479248074165376e+00
1.179511099954535736e+00
1.179542935081541177e+00
1.179574753447949265e+00
1.179606555046524674e+00
1.179638339870030528e+00
1.179670107911227950e+00
1.179701859162875621e+00
1.179733593617732446e+00
1.179765311268553774e+00
1.179797012108094068e+00
1.179828696129105348e+00
1.179860363324338968e+00
1.179892013686543617e+00
1.179923647208467541e+00
1.179955263882853655e+00
1.179986863702448652e+00
1.180018446659992337e+00
1.180050012748221855e+00
1.180081561959884118e+00
1.180113094287710052e+00
1.180144609724436799e+00
1.180176108262797063e+00
1.180207589895522213e+00
1.180239054615341177e+00
1.180270502414983103e+00
1.180301933287174254e+00
1.180333347224637786e+00
1.180364744220097517e+00
1.180396124266274160e+00
1.180427487355886873e+00
1.180458833481653702e+00
1.180490162636289364e+00
1.180521474812509464e+00
1.180552770003024721e+00
1.180584048200545855e+00
1.180615309397782031e+00
1.180646553587440195e+00
1.180677780762225515e+00
1.180708990914842049e+00
1.180740184037990748e+00
1.180771360124372116e+00
1.180802519166684439e+00
1.180833661157624004e+00
1.180864786089885099e+00
1.180895893956161569e+00
1.180926984749144593e+00
1.180958058461523130e+00
1.180989115085986363e+00
1.181020154615218365e+00
1.181051177041904543e+00
1.181082182358727639e+00
1.181113170558368175e+00
1.181144141633505340e+00
1.181175095576814993e+00
1.181206032380975657e+00
1.181236952038658305e+00
1.181267854542537243e+00
1.181298739885280780e+00
1.181329608059557890e+00
1.181360459058037105e+00
1.181391292873382071e+00
1.181422109498255990e+00
1.181452908925320955e+00
1.181483691147237280e+00
1.181514456156662618e+00
1.181545203946252398e+00
1.181575934508662717e+00
1.181606647836545676e+00
1.181637343922552708e+00
1.181668022759332581e+00
1.181698684339533845e+00
1.181729328655801492e+00
1.181759955700780074e+00
1.181790565467111920e+00
1.181821157947437806e+00
1.181851733134396509e+00
1.181882291020624809e+00
1.181912831598759039e+00
1.181943354861432427e+00
1.181973860801275977e+00
1.182004349410921140e+00
1.182034820682996923e+00
1.182065274610128780e+00
1.182095711184940390e+00
1.182126130400058317e+00
1.182156532248101133e+00
1.182186916721690295e+00
1.182217283813442599e+00
1.182247633515975282e+00
1.182277965821901811e+00
1.182308280723836313e+00
1.182338578214388036e+00
1.182368858286169111e+00
1.182399120931783676e+00
1.182429366143838756e+00
1.182459593914938489e+00
1.182489804237686126e+00
1.182519997104681586e+00
1.182550172508523456e+00
1.182580330441808103e+00
1.182610470897132338e+00
1.182640593867089418e+00
1.182670699344269938e+00
1.182700787321265379e+00
1.182730857790664114e+00
1.182760910745051186e+00
1.182790946177014302e+00
1.182820964079133619e+00
1.182850964443992403e+00
1.182880947264169702e+00
1.182910912532243231e+00
1.182940860240790037e+00
1.182970790382382731e+00
1.183000702949596583e+00
1.183030597935000872e+00
1.183060475331164652e+00
1.183090335130656534e+00
1.183120177326041578e+00
1.183150001909884397e+00
1.183179808874744721e+00
1.183209598213186720e+00
1.183239369917767680e+00
1.183269123981043114e+00
1.183298860395570307e+00
1.183328579153902105e+00
1.183358280248591576e+00
1.183387963672186460e+00
1.183417629417236272e+00
1.183447277476287640e+00
1.183476907841885861e+00
1.183506520506574011e+00
1.183536115462893168e+00
1.183565692703382188e+00
1.183595252220580374e+00
1.183624794007023251e+00
1.183654318055245014e+00
1.183683824357779413e+00
1.183713312907156645e+00
1.183742783695905798e+00
1.183772236716554405e+00
1.183801671961628887e+00
1.183831089423652116e+00
1.183860489095148072e+00
1.183889870968635849e+00
1.183919235036635431e+00
1.183948581291662361e+00
1.183977909726233291e+00
1.184007220332861321e+00
1.184036513104058663e+00
1.184065788032335309e+00
1.184095045110200140e+00
1.184124284330158039e+00
1.184153505684716334e+00
1.184182709166376357e+00
1.184211894767639883e+00
1.184241062481008244e+00
1.184270212298977443e+00
1.184299344214044813e+00
1.184328458218704361e+00
1.184357554305449645e+00
1.184386632466770450e+00
1.184415692695157230e+00
1.184444734983098213e+00
1.184473759323076747e+00
1.184502765707579064e+00
1.184531754129086512e+00
1.184560724580081548e+00
1.184589677053040635e+00
1.184618611540442901e+00
1.184647528034761699e+00
1.184676426528473048e+00
1.184705307014047415e+00
1.184734169483957045e+00
1.184763013930667075e+00
1.184791840346646863e+00
1.184820648724361103e+00
1.184849439056272935e+00
1.184878211334844167e+00
1.184906965552534164e+00
1.184935701701801625e+00
1.184964419775102584e+00
1.184993119764891967e+00
1.185021801663621810e+00
1.185050465463745706e+00
1.185079111157710585e+00
1.185107738737965155e+00
1.185136348196956790e+00
1.185164939527127315e+00
1.185193512720920328e+00
1.185222067770777210e+00
1.185250604669136676e+00
1.185279123408436774e+00
1.185307623981111780e+00
1.185336106379597298e+00
1.185364570596323386e+00
1.185393016623722096e+00
1.185421444454222373e+00
1.185449854080250720e+00
1.185478245494232308e+00
1.185506618688590308e+00
1.185534973655746782e+00
1.185563310388122238e+00
1.185591628878134962e+00
1.185619929118201243e+00
1.185648211100736482e+00
1.185676474818152748e+00
1.185704720262863887e+00
1.185732947427276862e+00
1.185761156303801522e+00
1.185789346884843276e+00
1.185817519162806866e+00
1.185845673130095479e+00
1.185873808779108973e+00
1.185901926102249204e+00
1.185930025091911810e+00
1.185958105740492874e+00
1.185986168040388034e+00
1.186014211983987154e+00
1.186042237563683210e+00
1.186070244771864068e+00
1.186098233600918261e+00
1.186126204043230770e+00
1.186154156091185241e+00
1.186182089737162881e+00
1.186210004973546006e+00
1.186237901792712490e+00
1.186265780187038876e+00
1.186293640148900819e+00
1.186321481670671751e+00
1.186349304744723554e+00
1.186377109363426552e+00
1.186404895519147740e+00
1.186432663204255888e+00
1.186460412411114218e+00
1.186488143132086615e+00
1.186515855359534966e+00
1.186543549085817606e+00
1.186571224303293759e+00
1.186598881004320205e+00
1.186626519181249728e+00
1.186654138826436222e+00
1.186681739932231361e+00
1.186709322490983931e+00
1.186736886495041166e+00
1.186764431936750297e+00
1.186791958808453895e+00
1.186819467102496084e+00
1.186846956811216991e+00
1.186874427926955855e+00
1.186901880442049251e+00
1.186929314348833975e+00
1.186956729639643049e+00
1.186984126306809273e+00
1.187011504342663670e+00
1.187038863739533268e+00
1.187066204489746646e+00
1.187093526585629499e+00
1.187120830019503748e+00
1.187148114783693087e+00
1.187175380870516328e+00
1.187202628272291838e+00
1.187229856981338205e+00
1.187257066989968024e+00
1.187284258290496997e+00
1.187311430875235052e+00
1.187338584736491898e+00
1.187365719866577907e+00
1.187392836257797013e+00
1.187419933902455371e+00
1.187447012792856027e+00
1.187474072921299806e+00
1.187501114280085979e+00
1.187528136861513373e+00
1.187555140657877484e+00
1.187582125661473142e+00
1.187609091864592736e+00
1.187636039259527543e+00
1.187662967838566619e+00
1.187689877593997467e+00
1.187716768518107369e+00
1.187743640603178497e+00
1.187770493841494579e+00
1.187797328225336013e+00
1.187824143746981642e+00
1.187850940398709421e+00
1.187877718172794639e+00
1.187904477061510145e+00
1.187931217057129674e+00
1.187957938151923631e+00
1.187984640338159759e+00
1.188011323608106240e+00
1.188037987954026820e+00
1.188064633368186795e+00
1.188091259842847247e+00
1.188117867370268588e+00
1.188144455942709232e+00
1.188171025552426041e+00
1.188197576191674765e+00
1.188224107852707156e+00
1.188250620527776524e+00
1.188277114209131291e+00
1.188303588889021434e+00
1.188330044559692489e+00
1.188356481213389104e+00
1.188382898842354818e+00
1.188409297438830281e+00
1.188435676995056811e+00
1.188462037503271285e+00
1.188488378955710356e+00
1.188514701344607127e+00
1.188541004662196920e+00
1.188567288900709507e+00
1.188593554052374657e+00
1.188619800109419256e+00
1.188646027064071520e+00
1.188672234908553893e+00
1.188698423635089263e+00
1.188724593235899185e+00
1.188750743703202328e+00
1.188776875029217139e+00
1.188802987206158512e+00
1.188829080226240675e+00
1.188855154081674748e+00
1.188881208764674957e+00
1.188907244267447538e+00
1.188933260582200946e+00
1.188959257701139638e+00
1.188985235616468294e+00
1.189011194320389375e+00
1.189037133805102675e+00
1.189063054062807767e+00
1.189088955085701782e+00
1.189114836865978964e+00
1.189140699395834444e+00
1.189166542667458248e+00
1.189192366673042178e+00
1.189218171404774704e+00
1.189243956854842743e+00
1.189269723015430769e+00
1.189295469878722811e+00
1.189321197436901123e+00
1.189346905682144628e+00
1.189372594606632916e+00
1.189398264202541355e+00
1.189423914462045984e+00
1.189449545377319062e+00
1.189475156940533518e+00
1.189500749143858727e+00
1.189526321979463175e+00
1.189551875439512241e+00
1.189577409516171969e+00
1.189602924201604184e+00
1.189628419487971378e+00
1.189653895367432934e+00
1.189679351832147125e+00
1.189704788874268893e+00
1.189730206485954289e+00
1.189755604659356258e+00
1.189780983386624857e+00
1.189806342659911698e+00
1.189831682471361729e+00
1.189857002813123454e+00
1.189882303677340714e+00
1.189907585056156236e+00
1.189932846941709865e+00
1.189958089326142776e+00
1.189983312201591481e+00
1.190008515560192492e+00
1.190033699394079436e+00
1.190058863695385494e+00
1.190084008456241849e+00
1.190109133668777242e+00
1.190134239325119303e+00
1.190159325417394109e+00
1.190184391937724850e+00
1.190209438878235382e+00
1.190234466231045118e+00
1.190259473988273031e+00
1.190284462142038535e+00
1.190309430684454606e+00
1.190334379607637327e+00
1.190359308903697677e+00
1.190384218564747076e+00
1.190409108582893838e+00
1.190433978950246052e+00
1.190458829658907591e+00
1.190483660700984547e+00
1.190508472068577461e+00
1.190533263753786652e+00
1.190558035748712884e+00
1.190582788045450036e+00
1.190607520636096872e+00
1.190632233512745941e+00
1.190656926667487792e+00
1.190681600092414527e+00
1.190706253779613810e+00
1.190730887721173747e+00
1.190755501909178671e+00
1.190780096335712024e+00
1.190804670992856806e+00
1.190829225872692243e+00
1.190853760967297337e+00
1.190878276268748870e+00
1.190902771769121182e+00
1.190927247460490390e+00
1.190951703334925060e+00
1.190976139384497534e+00
1.191000555601275490e+00
1.191024951977325497e+00
1.191049328504712790e+00
1.191073685175500829e+00
1.191098021981752186e+00
1.191122338915525658e+00
1.191146635968880263e+00
1.191170913133871911e+00
1.191195170402556736e+00
1.191219407766987093e+00
1.191243625219215341e+00
1.191267822751290950e+00
1.191292000355262060e+00
1.191316158023176142e+00
1.191340295747076672e+00
1.191364413519009124e+00
1.191388511331012978e+00
1.191412589175128600e+00
1.191436647043394803e+00
1.191460684927846847e+00
1.191484702820521768e+00
1.191508700713450386e+00
1.191532678598666184e+00
1.191556636468197317e+00
1.191580574314073715e+00
1.191604492128320203e+00
1.191628389902962271e+00
1.191652267630023188e+00
1.191676125301524225e+00
1.191699962909483990e+00
1.191723780445923309e+00
1.191747577902855904e+00
1.191771355272297717e+00
1.191795112546261359e+00
1.191818849716758555e+00
1.191842566775799916e+00
1.191866263715392060e+00
1.191889940527541825e+00
1.191913597204253827e+00
1.191937233737531798e+00
1.191960850119375914e+00
1.191984446341786352e+00
1.192008022396762179e+00
1.192031578276298021e+00
1.192055113972389835e+00
1.192078629477029805e+00
1.192102124782209671e+00
1.192125599879919395e+00
1.192149054762146942e+00
1.192172489420877390e+00
1.192195903848097149e+00
1.192219298035787522e+00
1.192242671975931145e+00
1.192266025660507323e+00
1.192289359081494249e+00
1.192312672230866788e+00
1.192335965100601580e+00
1.192359237682670603e+00
1.192382489969044723e+00
1.192405721951694808e+00
1.192428933622587728e+00
1.192452124973691019e+00
1.192475295996967555e+00
1.192498446684381319e+00
1.192521577027894075e+00
1.192544687019464700e+00
1.192567776651051181e+00
1.192590845914610398e+00
1.192613894802097008e+00
1.192636923305463892e+00
1.192659931416661490e+00
1.192682919127639352e+00
1.192705886430348139e+00
1.192728833316729853e+00
1.192751759778733156e+00
1.192774665808299384e+00
1.192797551397369205e+00
1.192820416537883954e+00
1.192843261221779638e+00
1.192866085440994040e+00
1.192888889187461610e+00
1.192911672453114358e+00
1.192934435229885182e+00
1.192957177509702760e+00
1.192979899284495326e+00
1.193002600546188896e+00
1.193025281286708372e+00
1.193047941497977105e+00
1.193070581171916666e+00
1.193093200300445078e+00
1.193115798875482803e+00
1.193138376888944308e+00
1.193160934332744949e+00
1.193183471198797196e+00
1.193205987479013741e+00
1.193228483165303055e+00
1.193250958249573168e+00
1.193273412723730553e+00
1.193295846579679687e+00
1.193318259809324156e+00
1.193340652404565772e+00
1.193363024357302793e+00
1.193385375659433478e+00
1.193407706302854310e+00
1.193430016279460659e+00
1.193452305581144790e+00
1.193474574199797633e+00
1.193496822127308787e+00
1.193519049355566741e+00
1.193541255876456653e+00
1.193563441681863235e+00
1.193585606763669871e+00
1.193607751113757498e+00
1.193629874724005058e+00
1.193651977586289492e+00
1.193674059692487299e+00
1.193696121034473867e+00
1.193718161604118588e+00
1.193740181393294852e+00
1.193762180393870054e+00
1.193784158597710476e+00
1.193806115996683292e+00
1.193828052582651233e+00
1.193849968347475032e+00
1.193871863283013646e+00
1.193893737381125808e+00
1.193915590633667589e+00
1.193937423032491951e+00
1.193959234569451189e+00
1.193981025236394933e+00
1.194002795025169927e+00
1.194024543927621362e+00
1.194046271935593317e+00
1.194067979040925431e+00
1.194089665235454678e+00
1.194111330511016700e+00
1.194132974859444252e+00
1.194154598272564094e+00
1.194176200742203653e+00
1.194197782260183249e+00
1.194219342818318097e+00
1.194240882408420523e+00
1.194262401022296194e+00
1.194283898651745224e+00
1.194305375288556403e+00
1.194326830924510752e+00
1.194348265551376187e+00
1.194369679160905973e+00
1.194391071744833388e+00
1.194412443294863957e+00
1.194433793802669008e+00
1.194455123259871465e+00
1.194476431658030746e+00
1.194497718988609680e+00
1.194518985242930320e+00
1.194540230412099113e+00
1.194561454486874785e+00
1.194564289593659678e+00
1.194567124323778762e+00
1.194569958677213828e+00
1.194572792653943116e+00
1.194575626253949308e+00
1.194578459477211752e+00
1.194581292323709798e+00
1.194583951027760937e+00
1.194586447766876613e+00
1.194588944213138770e+00
1.194591440366534973e+00
1.194593936227049458e+00
1.194596431794670899e+00
1.194598927069385308e+00
1.194601422051179584e+00
1.194603906333704169e+00
1.194606065495930292e+00
1.194608224438652888e+00
1.194610383161864187e+00
1.194612541665554639e+00
1.194614699949716696e+00
1.194616858014341254e+00
1.194619015859418543e+00
1.194621173484941901e+00
1.194623330890900448e+00
1.194625412215038818e+00
1.194627233912453290e+00
1.194629055453242161e+00
1.194630876837397659e+00
1.194632698064916898e+00
1.194634519135792550e+00
1.194636340050021728e+00
1.194638160807597327e+00
1.194639981408514462e+00
1.194641801852769136e+00
1.194643622140354466e+00
1.194645442271266234e+00
1.194647055154888893e+00
1.194648539288802658e+00
1.194650023318506671e+00
1.194651507243997157e+00
1.194652991065270120e+00
1.194654474782324227e+00
1.194655958395155260e+00
1.194657441903761885e+00
1.194658925308140773e+00
1.194660408608288371e+00
1.194661891804202014e+00
1.194663374895879482e+00
1.194664857883318554e+00
1.194666340766514123e+00
1.194667694982454398e+00
1.194668840598460902e+00
1.194669986152230523e+00
1.194671131643759265e+00
1.194672277073050015e+00
1.194673422440096999e+00
1.194674567744901772e+00
1.194675712987462557e+00
1.194676858167777134e+00
1.194678003285845280e+00
1.194679148341664776e+00
1.194680293335235177e+00
1.194681438266554929e+00
1.194682583135622700e+00
1.194683727942436269e+00
1.194684872686996302e+00
1.194686017369299247e+00
1.194687161989344881e+00
1.194688306547132539e+00
1.194689124283494053e+00
1.194689927474638536e+00
1.194690730635116438e+00
1.194691533764926428e+00
1.194692336864068061e+00
1.194693139932542891e+00
1.194693942970348477e+00
1.194694745977484374e+00
1.194695548953951691e+00
1.194696351899748654e+00
1.194697154814874818e+00
1.194697957699330182e+00
1.194698760553114303e+00
1.194699563376225848e+00
1.194700366168665928e+00
1.194701168930433655e+00
1.194701971661527029e+00
1.194702774361947828e+00
1.194703577031693831e+00
1.194704379670765926e+00
1.194705182279162337e+00
1.194705984856884173e+00
1.194706787403928994e+00
1.194707589920298130e+00
1.194708392405990693e+00
1.194709194861005352e+00
1.194709741334435193e+00
1.194710181054208897e+00
1.194710620764768638e+00
1.194711060466114638e+00
1.194711500158246675e+00
1.194711939841164083e+00
1.194712379514868195e+00
1.194712819179356789e+00
1.194713258834631642e+00
1.194713698480692088e+00
1.194714138117538571e+00
1.194714577745169315e+00
1.194715017363586540e+00
1.194715456972789136e+00
1.194715896572775549e+00
1.194716336163548664e+00
1.194716775745105819e+00
1.194717215317447900e+00
1.194717654880575575e+00
1.194718094434487510e+00
1.194718533979184372e+00
1.194718973514665938e+00
1.194719413040932210e+00
1.194719852557982298e+00
1.194720292065818201e+00
1.194720731564437255e+00
1.194721171053841013e+00
1.194721610534029033e+00
1.194722050005001535e+00
1.194722489466758297e+00
1.194722928919297988e+00
1.194723368362622828e+00
1.194723807796730375e+00
1.194724247221622404e+00
1.194724686637298472e+00
1.194725126043757024e+00
1.194725565441000725e+00
1.194726004829026467e+00
1.194726444207836469e+00
1.194726883577428955e+00
1.194727322937805480e+00
1.194727762288965378e+00
1.194728201630907538e+00
1.194728640963633071e+00
1.194729080287142420e+00
1.194729519601433365e+00
1.194729958906508127e+00
1.194730398202364929e+00
1.194730504162464957e+00
1.194730528755952426e+00
1.194730553349411473e+00
1.194730577942841210e+00
1.194730602536241193e+00
1.194730627129613199e+00
1.194730651722956116e+00
1.194730676316271056e+00
1.194730700909556020e+00
1.194730725502811453e+00
1.194730750096038907e+00
1.194730774689238828e+00
1.194730799282407663e+00
1.194730823875548520e+00
1.194730848468660955e+00
1.194730873061744081e+00
1.194730897654797896e+00
1.194730922247823734e+00
1.194730946840820263e+00
1.194730971433787925e+00
1.194730996026726277e+00
1.194731020619636208e+00
1.194731045212517273e+00
1.194731069805369250e+00
1.194731094398192583e+00
1.194731118990986607e+00
1.194731143583752431e+00
1.194731168176488723e+00
1.194731192769196593e+00
1.194731217361875153e+00
1.194731241954525069e+00
1.194731266547146342e+00
1.194731291139738527e+00
1.194731315732302068e+00
1.194731340324836522e+00
1.194731364917341887e+00
1.194731389509818831e+00
1.194731414102266243e+00
1.194731438694684789e+00
1.194731463287075801e+00
1.194731487879436171e+00
1.194731512471768564e+00
1.194731537064071869e+00
1.194731561656346974e+00
1.194731586248591881e+00
1.194731610840808811e+00
1.194731635432997763e+00
1.194731660025156073e+00
1.194731684617286183e+00
1.194731709209387205e+00
1.194731733801460027e+00
1.194731758393502874e+00
1.194731782985518187e+00
1.194731807577503524e+00
1.194731832169460439e+00
1.194731856761388489e+00
1.194731881353287894e+00
1.194731905945157768e+00
1.194731930536999887e+00
1.194731955128811585e+00
1.194731979720595749e+00
1.194732004312349716e+00
1.194732028904076371e+00
1.194732053495772828e+00
1.194732078087441529e+00
1.194732102679080255e+00
1.194732127270690336e+00
1.194732151862272662e+00
1.194732176453824790e+00
1.194732201045348052e+00
1.194732225636843559e+00
1.194732250228309089e+00
1.194732274819745976e+00
1.194732299411154219e+00
1.194732324002533375e+00
1.194732348593883664e+00
1.194732373185205532e+00
1.194732397776498090e+00
1.194732422367761782e+00
1.194732446958997052e+00
1.194732471550203012e+00
1.194732496141379885e+00
1.194732520732528114e+00
1.194732545323648143e+00
1.194732569914738418e+00
1.194732594505800050e+00
1.194732619096832593e+00
1.194732643687837159e+00
1.194732668278811083e+00
1.194732692869758139e+00
1.194732717460675442e+00
1.194732742051563212e+00
1.194732766642422783e+00
1.194732791233253044e+00
1.194732815824054661e+00
1.194732840414828301e+00
1.194732865005571965e+00
1.194732889596287206e+00
1.194732914186972916e+00
1.194732938777630649e+00
1.194732963368259515e+00
1.194732987958858850e+00
1.194733012549429318e+00
1.194733037139970699e+00
1.194733061730483659e+00
1.194733086320967974e+00
1.194733110911423424e+00
1.194733135501849786e+00
1.194733160092247060e+00
1.194733184682615690e+00
1.194733209272954788e+00
1.194733233863266353e+00
1.194733258453548164e+00
1.194733283043800887e+00
1.194733307634024522e+00
1.194733332224220845e+00
1.194733356814386749e+00
1.194733381404525119e+00
1.194733405994633735e+00
1.194733430584713041e+00
1.194733455174763481e+00
1.194733479764785278e+00
1.194733504354778875e+00
1.194733528944742940e+00
1.194733553534678805e+00
1.194733578124584472e+00
1.194733602714461940e+00
1.194733627304310986e+00
1.194733651894130499e+00
1.194733676483921592e+00
1.194733701073683818e+00
1.194733725663417401e+00
1.194733750253121007e+00
1.194733774842796636e+00
1.194733799432443400e+00
1.194733824022061075e+00
1.194733848611649885e+00
1.194733873201209828e+00
1.194733897790741572e+00
1.194733922380242896e+00
1.194733946969716243e+00
1.194733971559161390e+00
1.194733996148576116e+00
1.194734020737963309e+00
1.194734045327321192e+00
1.194734069916649544e+00
1.194734094505949695e+00
1.194734119095221203e+00
1.194734143684463401e+00
1.194734168273676733e+00
1.194734192862860978e+00
1.194734217452016800e+00
1.194734242041143091e+00
1.194734266630241182e+00
1.194734291219309963e+00
1.194734315808349656e+00
1.194734340397361816e+00
1.194734364986343333e+00
1.194734389575297318e+00
1.194734414164222214e+00
1.194734438753118022e+00
1.194734463341984743e+00
1.194734487930822819e+00
1.194734512519631364e+00
1.194734537108411487e+00
1.194734561697162745e+00
1.194734586285885358e+00
1.194734610874578662e+00
1.194734635463243988e+00
1.194734660051878672e+00
1.194734684640486710e+00
1.194734709229064551e+00
1.194734733817613304e+00
1.194734758406133635e+00
1.194734782994624878e+00
1.194734807583087255e+00
1.194734832171520544e+00
1.194734856759925634e+00
1.194734881348302080e+00
1.194734905936648772e+00
1.194734930524967487e+00
1.194734955113255781e+00
1.194734979701516542e+00
1.194735004289747993e+00
1.194735028877951022e+00
1.194735053466124519e+00
1.194735078054268707e+00
1.194735102642385360e+00
1.194735127230472482e+00
1.194735151818530516e+00
1.194735176406559907e+00
1.194735200994559765e+00
1.194735225582531646e+00
1.194735250170474217e+00
1.194735274758388144e+00
1.194735299346273205e+00
1.194735323934129179e+00
1.194735348521956064e+00
1.194735373109753862e+00
1.194735397697523460e+00
1.194735422285264859e+00
1.194735446872976281e+00
1.194735471460658838e+00
1.194735496048312529e+00
1.194735520635937798e+00
1.194735545223533979e+00
1.194735569811101294e+00
1.194735594398639522e+00
1.194735618986149106e+00
1.194735643573629602e+00
1.194735668161081232e+00
1.194735692748503997e+00
1.194735717335897673e+00
1.194735741923262706e+00
1.194735766510598873e+00
1.194735791097907285e+00
1.194735815685185054e+00
1.194735840272434402e+00
1.194735864859654662e+00
1.194735889446846722e+00
1.194735914034009472e+00
1.194735938621143578e+00
1.194735963208249263e+00
1.194735987795325194e+00
1.194736012382372481e+00
1.194736036969391124e+00
1.194736061556380680e+00
1.194736086143340925e+00
1.194736110730272971e+00
1.194736135317176817e+00
1.194736159904049799e+00
1.194736184490895248e+00
1.194736209077711830e+00
1.194736233664499547e+00
1.194736258251257510e+00
1.194736282837987273e+00
1.194736307424688615e+00
1.194736332011360425e+00
1.194736356598003368e+00
1.194736381184617446e+00
1.194736405771203103e+00
1.194736430357759227e+00
1.194736454944286486e+00
1.194736479530785767e+00
1.194736504117255294e+00
1.194736528703695955e+00
1.194736553290107750e+00
1.194736577876490902e+00
1.194736602462845410e+00
1.194736627049171052e+00
1.194736651635466940e+00
1.194736676221735294e+00
1.194736700807972785e+00
1.194736725394183630e+00
1.194736749980364721e+00
1.194736774566516724e+00
1.194736799152639861e+00
1.194736823738734133e+00
1.194736848324799761e+00
1.194736872910836301e+00
1.194736897496843975e+00
1.194736922082822783e+00
1.194736946668771616e+00
1.194736971254693803e+00
1.194736995840585791e+00
1.194737020426448693e+00
1.194737045012283172e+00
1.194737069598088341e+00
1.194737094183865311e+00
1.194737118769613193e+00
1.194737143355332432e+00
1.194737167941022138e+00
1.194737192526682978e+00
1.194737217112315397e+00
1.194737241697918728e+00
1.194737266283493415e+00
1.194737290869038793e+00
1.194737315454555304e+00
1.194737340040043172e+00
1.194737364625501730e+00
1.194737389210932088e+00
1.194737413796333581e+00
1.194737438381705541e+00
1.194737462967049302e+00
1.194737487552363975e+00
1.194737512137649782e+00
1.194737536722906501e+00
1.194737561308133911e+00
1.194737585893332898e+00
1.194737610478502798e+00
1.194737635063644721e+00
1.194737659648756667e+00
1.194737684233839969e+00
1.194737708818894628e+00
1.194737733403919977e+00
1.194737757988917792e+00
1.194737782573885632e+00
1.194737807158824383e+00
1.194737831743734491e+00
1.194737856328615733e+00
1.194737880913468109e+00
1.194737905498291397e+00
1.194737930083086930e+00
1.194737954667852264e+00
1.194737979252589177e+00
1.194738003837297224e+00
1.194738028421976406e+00
1.194738053006625833e+00
1.194738077591247727e+00
1.194738102175840311e+00
1.194738126760403807e+00
1.194738151344938659e+00
1.194738175929445090e+00
1.194738200513921322e+00
1.194738225098370021e+00
1.194738249682789188e+00
1.194738274267179046e+00
1.194738298851540703e+00
1.194738323435873273e+00
1.194738348020176977e+00
1.194738372604451815e+00
1.194738397188697787e+00
1.194738421772914672e+00
1.194738446357102246e+00
1.194738470941262287e+00
1.194738495525392574e+00
1.194738520109493995e+00
1.194738544693566773e+00
1.194738569277610241e+00
1.194738593861625064e+00
1.194738618445610578e+00
1.194738643029568559e+00
1.194738667613496119e+00
1.194738692197395924e+00
1.194738716781266641e+00
1.194738741365108048e+00
1.194738765948920367e+00
1.194738790532704042e+00
1.194738815116459074e+00
1.194738839700185240e+00
1.194738864283882540e+00
1.194738888867550974e+00
1.194738913451189655e+00
1.194738938034800135e+00
1.194738962618382416e+00
1.194738987201935165e+00
1.194739011785458827e+00
1.194739036368953622e+00
1.194739060952419774e+00
1.194739085535857281e+00
1.194739110119265257e+00
1.194739134702645034e+00
1.194739159285995944e+00
1.194739183869316879e+00
1.194739208452610280e+00
1.194739233035873927e+00
1.194739257619108708e+00
1.194739282202315289e+00
1.194739306785492561e+00
1.194739331368641189e+00
1.194739355951760507e+00
1.194739380534851625e+00
1.194739405117912989e+00
1.194739429700945488e+00
1.194739454283949343e+00
1.194739478866924554e+00
1.194739503449871121e+00
1.194739528032788156e+00
1.194739552615676548e+00
1.194739577198536074e+00
1.194739601781366956e+00
1.194739626364169194e+00
1.194739650946941900e+00
1.194739675529685519e+00
1.194739700112401382e+00
1.194739724695087046e+00
1.194739749277744512e+00
1.194739773860373333e+00
1.194739798442972623e+00
1.194739823025544156e+00
1.194739847608085492e+00
1.194739872190598406e+00
1.194739896773082455e+00
1.194739921355537859e+00
1.194739945937963732e+00
1.194739970520361627e+00
1.194739995102729990e+00
1.194740019685069932e+00
1.194740044267380563e+00
1.194740068849661885e+00
1.194740093431915007e+00
1.194740118014139707e+00
1.194740142596335319e+00
1.194740167178500956e+00
1.194740191760638615e+00
1.194740216342747186e+00
1.194740240924827779e+00
1.194740265506877730e+00
1.194740290088900370e+00
1.194740314670892589e+00
1.194740339252857497e+00
1.194740363834792873e+00
1.194740388416699162e+00
1.194740412998577028e+00
1.194740437580425363e+00
1.194740462162245498e+00
1.194740486744035657e+00
1.194740511325798282e+00
1.194740535907531820e+00
1.194740560489235603e+00
1.194740585070911409e+00
1.194740609652557239e+00
1.194740634234175314e+00
1.194740658815764078e+00
1.194740683397323755e+00
1.194740707978854566e+00
1.194740732560356955e+00
1.194740757141830256e+00
1.194740781723274692e+00
1.194740806304689595e+00
1.194740830886076299e+00
1.194740855467434137e+00
1.194740880048763332e+00
1.194740904630062772e+00
1.194740929211333569e+00
1.194740953792576166e+00
1.194740978373788787e+00
1.194741002954973430e+00
1.194741027536129430e+00
1.194741052117255453e+00
1.194741076698353055e+00
1.194741101279422235e+00
1.194741125860462327e+00
1.194741150441472444e+00
1.194741175022455248e+00
1.194741199603409187e+00
1.194741224184332928e+00
1.194741248765228914e+00
1.194741273346095367e+00
1.194741297926932955e+00
1.194741322507741899e+00
1.194741347088522199e+00
1.194741371669272745e+00
1.194741396249995091e+00
1.194741420830688794e+00
1.194741445411353187e+00
1.194741469991988936e+00
1.194741494572596041e+00
1.194741519153173392e+00
1.194741543733722544e+00
1.194741568314242608e+00
1.194741592894733140e+00
1.194741617475196138e+00
1.194741642055629383e+00
1.194741666636033983e+00
1.194741691216409052e+00
1.194741715796756587e+00
1.194741740377074146e+00
1.194741764957362840e+00
1.194741789537622889e+00
1.194741814117854739e+00
1.194741838698056613e+00
1.194741863278230509e+00
1.194741887858374429e+00
1.194741912438490594e+00
1.194741937018577005e+00
1.194741961598634994e+00
1.194741986178664117e+00
1.194742010758664819e+00
1.194742035338635988e+00
1.194742059918577626e+00
1.194742084498491286e+00
1.194742109078376524e+00
1.194742133658232230e+00
1.194742158238058627e+00
1.194742182817856602e+00
1.194742207397625933e+00
1.194742231977365732e+00
1.194742256557077331e+00
1.194742281136759843e+00
1.194742305716413266e+00
1.194742330296038046e+00
1.194742354875633517e+00
1.194742379455200343e+00
1.194742404034739192e+00
1.194742428614247176e+00
1.194742453193728071e+00
1.194742477773179434e+00
1.194742502352601488e+00
1.194742526931995563e+00
1.194742551511360551e+00
1.194742576090696451e+00
1.194742600670002597e+00
1.194742625249281209e+00
1.194742649828530290e+00
1.194742674407750282e+00
1.194742698986942298e+00
1.194742723566104781e+00
1.194742748145237954e+00
1.194742772724343371e+00
1.194742797303419257e+00
1.194742821882466277e+00
1.194742846461483765e+00
1.194742871040473053e+00
1.194742895619433476e+00
1.194742920198364589e+00
1.194742944777267724e+00
1.194742969356141105e+00
1.194742993934986286e+00
1.194743018513802157e+00
1.194743043092588497e+00
1.194743067671347303e+00
1.194743092250076133e+00
1.194743116828776985e+00
1.194743141407448084e+00
1.194743165986091205e+00
1.194743190564704349e+00
1.194743215143289516e+00
1.194743239721845596e+00
1.194743264300371921e+00
1.194743288878870713e+00
1.194743313457340195e+00
1.194743338035780367e+00
1.194743362614192117e+00
1.194743387192574557e+00
1.194743411770928354e+00
1.194743436349253507e+00
1.194743460927549572e+00
1.194743485505816327e+00
1.194743510084054661e+00
1.194743534662264128e+00
1.194743559240444286e+00
1.194743583818595800e+00
1.194743608396719114e+00
1.194743632974812231e+00
1.194743657552877591e+00
1.194743682130912976e+00
1.194743706708920161e+00
1.194743731286899147e+00
1.194743755864847934e+00
1.194743780442769188e+00
1.194743805020660465e+00
1.194743829598522655e+00
1.194743854176357090e+00
1.194743878754161992e+00
1.194743903331938029e+00
1.194743927909685199e+00
1.194743952487403504e+00
1.194743977065092944e+00
1.194744001642753073e+00
1.194744026220385225e+00
1.194744050797988066e+00
1.194744075375562042e+00
1.194744099953106486e+00
1.194744124530622953e+00
1.194744149108110776e+00
1.194744173685569066e+00
1.194744198262998491e+00
1.194744222840398162e+00
1.194744247417770300e+00
1.194744271995112683e+00
1.194744296572427089e+00
1.194744321149712185e+00
1.194744345726967971e+00
1.194744370304195780e+00
1.194744394881394278e+00
1.194744419458562801e+00
1.194744444035703790e+00
1.194744468612815469e+00
1.194744493189898282e+00
1.194744517766952674e+00
1.194744542343977312e+00
1.194744566920973305e+00
1.194744591497940878e+00
1.194744616074879362e+00
1.194744640651788314e+00
1.194744665228669289e+00
1.194744689805521176e+00
1.194744714382344641e+00
1.194744738959138575e+00
1.194744763535903420e+00
1.194744788112639844e+00
1.194744812689346958e+00
1.194744837266024984e+00
1.194744861842674810e+00
1.194744886419295105e+00
1.194744910995887199e+00
1.194744935572449984e+00
1.194744960148983903e+00
1.194744984725489623e+00
1.194745009301965810e+00
1.194745033878413132e+00
1.194745058454831588e+00
1.194745083031220734e+00
1.194745107607581458e+00
1.194745132183912872e+00
1.194745156760216753e+00
1.194745181336490436e+00
1.194745205912735475e+00
1.194745230488952314e+00
1.194745255065138734e+00
1.194745279641298064e+00
1.194745304217427417e+00
1.194745328793528349e+00
1.194745353369600638e+00
1.194745377945643172e+00
1.194745402521657063e+00
1.194745427097642532e+00
1.194745451673599135e+00
1.194745476249526206e+00
1.194745500825424411e+00
1.194745525401294861e+00
1.194745549977135113e+00
1.194745574552947165e+00
1.194745599128730129e+00
1.194745623704484228e+00
1.194745648280209016e+00
1.194745672855905383e+00
1.194745697431573550e+00
1.194745722007211741e+00
1.194745746582821067e+00
1.194745771158402192e+00
1.194745795733954674e+00
1.194745820309477402e+00
1.194745844884971042e+00
1.194745869460436261e+00
1.194745894035873057e+00
1.194745918611280544e+00
1.194745943186658943e+00
1.194745967762008698e+00
1.194745992337329143e+00
1.194746016912621833e+00
1.194746041487885435e+00
1.194746066063119283e+00
1.194746090638324043e+00
1.194746115213500826e+00
1.194746139788648076e+00
1.194746164363766683e+00
1.194746188938856202e+00
1.194746213513917077e+00
1.194746238088949086e+00
1.194746262663952674e+00
1.194746287238926730e+00
1.194746311813872142e+00
1.194746336388788244e+00
1.194746360963675924e+00
1.194746385538534739e+00
1.194746410113364243e+00
1.194746434688165770e+00
1.194746459262937543e+00
1.194746483837680229e+00
1.194746508412394048e+00
1.194746532987079890e+00
1.194746557561736866e+00
1.194746582136364310e+00
1.194746606710962444e+00
1.194746631285532157e+00
1.194746655860073226e+00
1.194746680434585873e+00
1.194746705009068544e+00
1.194746729583522793e+00
1.194746754157948176e+00
1.194746778732344472e+00
1.194746803306712124e+00
1.194746827881051354e+00
1.194746852455360608e+00
1.194746877029641441e+00
1.194746901603894296e+00
1.194746926178116730e+00
1.194746950752310743e+00
1.194746975326477001e+00
1.194746999900613060e+00
1.194747024474720476e+00
1.194747049048799470e+00
1.194747073622849598e+00
1.194747098196870638e+00
1.194747122770862591e+00
1.194747147344825677e+00
1.194747171918759676e+00
1.194747196492665031e+00
1.194747221066541965e+00
1.194747245640389366e+00
1.194747270214208124e+00
1.194747294787998237e+00
1.194747319361759041e+00
1.194747343935491424e+00
1.194747368509194052e+00
1.194747393082869147e+00
1.194747417656513822e+00
1.194747442230130963e+00
1.194747466803718350e+00
1.194747491377277537e+00
1.194747515950807415e+00
1.194747540524308205e+00
1.194747565097780795e+00
1.194747589671222965e+00
1.194747614244638045e+00
1.194747638818023150e+00
1.194747663391379611e+00
1.194747687964707428e+00
1.194747712538005935e+00
1.194747737111276020e+00
1.194747761684517018e+00
1.194747786257729372e+00
1.194747810830912416e+00
1.194747835404066594e+00
1.194747859977192350e+00
1.194747884550289463e+00
1.194747909123356600e+00
1.194747933696395981e+00
1.194747958269405164e+00
1.194747982842386147e+00
1.194748007415338265e+00
1.194748031988261516e+00
1.194748056561156790e+00
1.194748081134021644e+00
1.194748105706858299e+00
1.194748130279666087e+00
1.194748154852444788e+00
1.194748179425195067e+00
1.194748203997915370e+00
1.194748228570608140e+00
1.194748253143271599e+00
1.194748277715905749e+00
1.194748302288511255e+00
1.194748326861087895e+00
1.194748351433636335e+00
1.194748376006154134e+00
1.194748400578644620e+00
1.194748425151106241e+00
1.194748449723537886e+00
1.194748474295941332e+00
1.194748498868315023e+00
1.194748523440661625e+00
1.194748548012977807e+00
1.194748572585265345e+00
1.194748597157524239e+00
1.194748621729754490e+00
1.194748646301955208e+00
1.194748670874127727e+00
1.194748695446270492e+00
1.194748720018385724e+00
1.194748744590470757e+00
1.194748769162528035e+00
1.194748793734555559e+00
1.194748818306554439e+00
1.194748842878524009e+00
1.194748867450464935e+00
1.194748892022377884e+00
1.194748916594261079e+00
1.194748941166115186e+00
1.194748965737941093e+00
1.194748990309737469e+00
1.194749014881505200e+00
1.194749039453244510e+00
1.194749064024954732e+00
1.194749088596635422e+00
1.194749113168287913e+00
1.194749137739911315e+00
1.194749162311505408e+00
1.194749186883070857e+00
1.194749211454607440e+00
1.194749236026115602e+00
1.194749260597594231e+00
1.194749285169044217e+00
1.194749309740465337e+00
1.194749334311857369e+00
1.194749358883221424e+00
1.194749383454555725e+00
1.194749408025860937e+00
1.194749432597137728e+00
1.194749457168385431e+00
1.194749481739604491e+00
1.194749506310794240e+00
1.194749530881955790e+00
1.194749555453087808e+00
1.194749580024191626e+00
1.194749604595265247e+00
1.194749629166311333e+00
1.194749653737328110e+00
1.194749678308316021e+00
1.194749702879274844e+00
1.194749727450205246e+00
1.194749752021105893e+00
1.194749776591978341e+00
1.194749801162821479e+00
1.194749825733636639e+00
1.194749850304421823e+00
1.194749874875179030e+00
1.194749899445906482e+00
1.194749924016605513e+00
1.194749948587275679e+00
1.194749973157916978e+00
1.194749997728528745e+00
1.194750022299112535e+00
1.194750046869667459e+00
1.194750071440191963e+00
1.194750096010689377e+00
1.194750120581157260e+00
1.194750145151596721e+00
1.194750169722005984e+00
1.194750194292387491e+00
1.194750218862739688e+00
1.194750243433062575e+00
1.194750268003357485e+00
1.194750292573622863e+00
1.194750317143859819e+00
1.194750341714067687e+00
1.194750366284246690e+00
1.194750390854396604e+00
1.194750415424518319e+00
1.194750439994609836e+00
1.194750464564673376e+00
1.194750489134708271e+00
1.194750513704713857e+00
1.194750538274690355e+00
1.194750562844638431e+00
1.194750587414557641e+00
1.194750611984447319e+00
1.194750636554308576e+00
1.194750661124140523e+00
1.194750685693944048e+00
1.194750710263718707e+00
1.194750734833464945e+00
1.194750759403181206e+00
1.194750783972869046e+00
1.194750808542528242e+00
1.194750833112158128e+00
1.194750857681759371e+00
1.194750882251331525e+00
1.194750906820875036e+00
1.194750931390389681e+00
1.194750955959875460e+00
1.194750980529331930e+00
1.194751005098759977e+00
1.194751029668158715e+00
1.194751054237528809e+00
1.194751078806869149e+00
1.194751103376182400e+00
1.194751127945465896e+00
1.194751152514719861e+00
1.194751177083945848e+00
1.194751201653142747e+00
1.194751226222310336e+00
1.194751250791449282e+00
1.194751275360559584e+00
1.194751299929640798e+00
1.194751324498692924e+00
1.194751349067716406e+00
1.194751373636711911e+00
1.194751398205676551e+00
1.194751422774613880e+00
1.194751447343521011e+00
1.194751471912400165e+00
1.194751496481249786e+00
1.194751521050071208e+00
