1.000000000000000000e+00
1.000001170039720000e+00
1.000002340081381558e+00
1.000003510124986006e+00
1.000004680170531346e+00
1.000005850218018910e+00
1.000007020267448254e+00
1.000008190318820267e+00
1.000009360372134504e+00
1.000010530427389632e+00
1.000011700484587651e+00
1.000012870543726784e+00
1.000014040604808363e+00
1.000015210667832388e+00
1.000016380732798194e+00
1.000017550799705779e+00
1.000018720868555588e+00
1.000019890939347178e+00
1.000021061012080548e+00
1.000022231086756808e+00
1.000023401163374626e+00
1.000024571241934224e+00
1.000025741322436490e+00
1.000026911404880092e+00
1.000028081489266141e+00
1.000029251575593969e+00
1.000030421663864022e+00
1.000031591754075855e+00
1.000032761846229912e+00
1.000033931940326193e+00
1.000035102036364476e+00
1.000036272134344761e+00
1.000037442234267271e+00
1.000038612336132227e+00
1.000039782439938740e+00
1.000040952545687478e+00
1.000042122653377774e+00
1.000043292763010516e+00
1.000044462874585482e+00
1.000045632988103117e+00
1.000046803103562310e+00
1.000047973220963504e+00
1.000049143340306257e+00
1.000050313461592788e+00
1.000051483584820211e+00
1.000052653709989858e+00
1.000053823837101730e+00
1.000054993966155603e+00
1.000056164097152367e+00
1.000057334230090467e+00
1.000058504364971013e+00
1.000059674501793783e+00
1.000060844640558333e+00
1.000062014781265107e+00
1.000063184923914772e+00
1.000064355068505995e+00
1.000065525215039219e+00
1.000066695363514890e+00
1.000067865513933008e+00
1.000069035666292683e+00
1.000070205820595026e+00
1.000071375976839150e+00
1.000072546135025719e+00
1.000073716295154513e+00
1.000074886457225531e+00
1.000076056621238552e+00
1.000077226787194240e+00
1.000078396955092153e+00
1.000079567124931401e+00
1.000080737296713540e+00
1.000081907470438125e+00
1.000083077646104490e+00
1.000084247823713524e+00
1.000085418003264559e+00
1.000086588184757597e+00
1.000087758368193525e+00
1.000088928553571233e+00
1.000090098740891831e+00
1.000091268930153099e+00
1.000092439121358145e+00
1.000093609314504750e+00
1.000094779509593579e+00
1.000095949706625298e+00
1.000097119905598575e+00
1.000098290106514964e+00
1.000099460309372468e+00
1.000100630514173083e+00
1.000101800720916367e+00
1.000102970929601209e+00
1.000104141140228498e+00
1.000105311352798454e+00
1.000106481567310190e+00
1.000107651783764595e+00
1.000108822002161446e+00
1.000109992222500521e+00
1.000111162444781154e+00
1.000112332669005122e+00
1.000113502895171314e+00
1.000114673123279285e+00
1.000115843353329925e+00
1.000117013585323456e+00
1.000118183819259210e+00
1.000119354055136967e+00
1.000120524292956281e+00
1.000121694532718708e+00
1.000122864774423581e+00
1.000124035018071345e+00
1.000125205263660222e+00
1.000126375511192212e+00
1.000127545760666647e+00
1.000128716012083308e+00
1.000129886265442414e+00
1.000131056520743522e+00
1.000132226777987743e+00
1.000133397037174188e+00
1.000134567298302635e+00
1.000135737561373750e+00
1.000136907826387755e+00
1.000138078093343541e+00
1.000139248362242217e+00
1.000140418633082895e+00
1.000141588905865797e+00
1.000142759180591590e+00
1.000143929457259384e+00
1.000145099735870069e+00
1.000146270016423200e+00
1.000147440298918555e+00
1.000148610583356579e+00
1.000149780869737492e+00
1.000150951158060186e+00
1.000152121448325326e+00
1.000153291740532913e+00
1.000154462034683167e+00
1.000155632330775868e+00
1.000156802628811681e+00
1.000157972928788830e+00
1.000159143230709313e+00
1.000160313534572021e+00
1.000161483840376953e+00
1.000162654148124552e+00
1.000163824457814599e+00
1.000164994769447757e+00
1.000166165083022696e+00
1.000167335398540525e+00
1.000168505716001022e+00
1.000169676035403743e+00
1.000170846356749355e+00
1.000172016680036968e+00
1.000173187005267694e+00
1.000174357332440422e+00
1.000175527661555819e+00
1.000176697992613883e+00
1.000177868325614394e+00
1.000179038660557573e+00
1.000180208997443199e+00
1.000181379336271936e+00
1.000182549677042676e+00
1.000183720019756528e+00
1.000184890364412160e+00
1.000186060711010683e+00
1.000187231059552095e+00
1.000188401410035954e+00
1.000189571762462259e+00
1.000190742116831455e+00
1.000191912473143097e+00
1.000193082831397184e+00
1.000194253191593940e+00
1.000195423553733143e+00
1.000196593917815679e+00
1.000197764283839996e+00
1.000198934651807869e+00
1.000200105021717079e+00
1.000201275393569844e+00
1.000202445767365278e+00
1.000203616143103380e+00
1.000204786520783262e+00
1.000205956900406701e+00
1.000207127281972364e+00
1.000208297665480695e+00
1.000209468050932138e+00
1.000210638438325805e+00
1.000211808827662141e+00
1.000212979218941589e+00
1.000214149612163705e+00
1.000215320007327824e+00
1.000216490404435277e+00
1.000217660803485398e+00
1.000218831204477743e+00
1.000220001607413201e+00
1.000221172012291326e+00
1.000222342419111454e+00
1.000223512827875139e+00
1.000224683238581491e+00
1.000225853651230068e+00
1.000227024065821979e+00
1.000228194482355892e+00
1.000229364900832918e+00
1.000230535321252390e+00
1.000231705743615418e+00
1.000232876167920448e+00
1.000234046594168591e+00
1.000235217022359402e+00
1.000236387452492881e+00
1.000237557884569028e+00
1.000238728318588066e+00
1.000239898754549772e+00
1.000241069192454590e+00
1.000242239632301855e+00
1.000243410074091344e+00
1.000244580517824611e+00
1.000245750963500546e+00
1.000246921411119594e+00
1.000248091860680200e+00
1.000249262312184362e+00
1.000250432765631414e+00
1.000251603221021135e+00
1.000252773678353524e+00
1.000253944137629025e+00
1.000255114598847195e+00
1.000256285062008255e+00
1.000257455527111983e+00
1.000258625994159045e+00
1.000259796463147888e+00
1.000260966934080287e+00
1.000262137406955354e+00
1.000263307881773311e+00
1.000264478358533715e+00
1.000265648837237897e+00
1.000266819317884526e+00
1.000267989800473600e+00
1.000269160285006453e+00
1.000270330771481087e+00
1.000271501259899276e+00
1.000272671750260134e+00
1.000273842242563882e+00
1.000275012736810964e+00
1.000276183233000715e+00
1.000277353731132912e+00
1.000278524231207999e+00
1.000279694733226421e+00
1.000280865237187289e+00
1.000282035743092157e+00
1.000283206250939028e+00
1.000284376760728566e+00
1.000285547272461661e+00
1.000286717786137647e+00
1.000287888301756301e+00
1.000289058819317400e+00
1.000290229338822501e+00
1.000291399860270269e+00
1.000292570383660484e+00
1.000293740908993367e+00
1.000294911436270251e+00
1.000296081965489359e+00
1.000297252496652245e+00
1.000298423029757133e+00
1.000299593564805578e+00
1.000300764101796691e+00
1.000301934640731139e+00
1.000303105181608032e+00
1.000304275724428260e+00
1.000305446269191600e+00
1.000306616815898275e+00
1.000307787364546730e+00
1.000308957915138741e+00
1.000310128467674087e+00
1.000311299022152323e+00
1.000312469578573227e+00
1.000313640136937687e+00
1.000314810697244594e+00
1.000315981259495501e+00
1.000317151823688633e+00
1.000318322389824877e+00
1.000319492957904455e+00
1.000320663527926701e+00
1.000321834099892282e+00
1.000323004673800975e+00
1.000324175249652114e+00
1.000325345827446588e+00
1.000326516407184840e+00
1.000327686988865761e+00
1.000328857572489127e+00
1.000330028158056050e+00
1.000331198745566086e+00
1.000332369335019234e+00
1.000333539926415050e+00
1.000334710519755088e+00
1.000335881115036907e+00
1.000337051712262282e+00
1.000338222311430769e+00
1.000339392912542369e+00
1.000340563515597525e+00
1.000341734120595572e+00
1.000342904727536064e+00
1.000344075336420335e+00
1.000345245947247719e+00
1.000346416560017770e+00
1.000347587174731601e+00
1.000348757791388099e+00
1.000349928409988598e+00
1.000351099030531099e+00
1.000352269653017157e+00
1.000353440277446104e+00
1.000354610903819275e+00
1.000355781532134225e+00
1.000356952162393176e+00
1.000358122794595017e+00
1.000359293428740193e+00
1.000360464064828259e+00
1.000361634702860103e+00
1.000362805342834616e+00
1.000363975984752685e+00
1.000365146628613200e+00
1.000366317274417716e+00
1.000367487922165122e+00
1.000368658571855418e+00
1.000369829223489271e+00
1.000370999877066458e+00
1.000372170532586980e+00
1.000373341190050169e+00
1.000374511849457138e+00
1.000375682510806996e+00
1.000376853174100411e+00
1.000378023839336716e+00
1.000379194506516356e+00
1.000380365175639330e+00
1.000381535846705416e+00
1.000382706519715059e+00
1.000383877194667370e+00
1.000385047871563682e+00
1.000386218550402662e+00
1.000387389231185420e+00
1.000388559913911291e+00
1.000389730598580718e+00
1.000390901285192813e+00
1.000392071973748687e+00
1.000393242664247229e+00
1.000394413356689327e+00
1.000395584051074982e+00
1.000396754747403971e+00
1.000397925445675629e+00
1.000399096145891731e+00
1.000400266848050057e+00
1.000401437552152162e+00
1.000402608258197823e+00
1.000403778966186152e+00
1.000404949676118260e+00
1.000406120387993703e+00
1.000407291101812257e+00
1.000408461817574368e+00
1.000409632535279592e+00
1.000410803254928593e+00
1.000411973976520930e+00
1.000413144700056156e+00
1.000414315425535161e+00
1.000415486152957500e+00
1.000416656882323174e+00
1.000417827613631960e+00
1.000418998346884525e+00
1.000420169082079758e+00
1.000421339819219435e+00
1.000422510558301337e+00
1.000423681299327683e+00
1.000424852042296697e+00
1.000426022787209268e+00
1.000427193534065617e+00
1.000428364282865079e+00
1.000429535033607653e+00
1.000430705786294228e+00
1.000431876540924137e+00
1.000433047297497602e+00
1.000434218056014180e+00
1.000435388816473647e+00
1.000436559578877338e+00
1.000437730343224363e+00
1.000438901109514944e+00
1.000440071877748638e+00
1.000441242647925888e+00
1.000442413420046694e+00
1.000443584194110835e+00
1.000444754970118755e+00
1.000445925748069564e+00
1.000447096527964597e+00
1.000448267309802519e+00
1.000449438093584442e+00
1.000450608879309700e+00
1.000451779666977847e+00
1.000452950456589996e+00
1.000454121248145256e+00
1.000455292041644295e+00
1.000456462837087113e+00
1.000457633634473265e+00
1.000458804433802751e+00
1.000459975235076460e+00
1.000461146038292615e+00
1.000462316843452770e+00
1.000463487650556260e+00
1.000464658459603973e+00
1.000465829270594353e+00
1.000467000083528957e+00
1.000468170898406894e+00
1.000469341715227944e+00
1.000470512533992773e+00
1.000471683354701602e+00
1.000472854177353543e+00
1.000474025001949263e+00
1.000475195828488539e+00
1.000476366656971594e+00
1.000477537487397761e+00
1.000478708319767929e+00
1.000479879154081431e+00
1.000481049990338711e+00
1.000482220828539326e+00
1.000483391668684163e+00
1.000484562510771669e+00
1.000485733354803397e+00
1.000486904200778460e+00
1.000488075048697301e+00
1.000489245898559476e+00
1.000490416750364986e+00
1.000491587604114940e+00
1.000492758459808895e+00
1.000493929317445296e+00
1.000495100177025920e+00
1.000496271038549878e+00
1.000497441902018503e+00
1.000498612767428908e+00
1.000499783634784423e+00
1.000500954504083717e+00
1.000502125375325457e+00
1.000503296248511864e+00
1.000504467123641161e+00
1.000505638000715347e+00
1.000506808879731979e+00
1.000507979760693278e+00
1.000509150643597689e+00
1.000510321528446100e+00
1.000511492415237846e+00
1.000512663303973593e+00
1.000513834194652674e+00
1.000515005087276199e+00
1.000516175981843281e+00
1.000517346878353031e+00
1.000518517776807226e+00
1.000519688677204977e+00
1.000520859579546951e+00
1.000522030483832481e+00
1.000523201390061345e+00
1.000524372298234210e+00
1.000525543208351298e+00
1.000526714120410832e+00
1.000527885034415032e+00
1.000529055950363455e+00
1.000530226868254324e+00
1.000531397788089638e+00
1.000532568709868952e+00
1.000533739633592045e+00
1.000534910559258250e+00
1.000536081486868900e+00
1.000537252416423106e+00
1.000538423347921091e+00
1.000539594281362854e+00
1.000540765216748174e+00
1.000541936154078160e+00
1.000543107093350814e+00
1.000544278034567691e+00
1.000545448977728569e+00
1.000546619922833891e+00
1.000547790869882103e+00
1.000548961818874316e+00
1.000550132769810530e+00
1.000551303722690744e+00
1.000552474677514514e+00
1.000553645634281397e+00
1.000554816592993390e+00
1.000555987553648274e+00
1.000557158516247602e+00
1.000558329480790931e+00
1.000559500447277816e+00
1.000560671415708036e+00
1.000561842386082478e+00
1.000563013358400921e+00
1.000564184332664253e+00
1.000565355308869586e+00
1.000566526287020030e+00
1.000567697267113809e+00
1.000568868249151144e+00
1.000570039233133368e+00
1.000571210219059370e+00
1.000572381206928929e+00
1.000573552196742044e+00
1.000574723188499160e+00
1.000575894182200276e+00
1.000577065177845615e+00
1.000578236175435176e+00
1.000579407174967628e+00
1.000580578176445190e+00
1.000581749179866309e+00
1.000582920185230984e+00
1.000584091192540104e+00
1.000585262201792780e+00
1.000586433212989679e+00
1.000587604226130356e+00
1.000588775241214812e+00
1.000589946258243268e+00
1.000591117277215947e+00
1.000592288298132626e+00
1.000593459320992862e+00
1.000594630345797542e+00
1.000595801372546223e+00
1.000596972401238016e+00
1.000598143431874476e+00
1.000599314464455158e+00
1.000600485498979619e+00
1.000601656535447859e+00
1.000602827573860543e+00
1.000603998614217005e+00
1.000605169656517024e+00
1.000606340700761709e+00
1.000607511746949951e+00
1.000608682795082194e+00
1.000609853845159325e+00
1.000611024897179568e+00
1.000612195951144479e+00
1.000613367007052945e+00
1.000614538064905634e+00
1.000615709124702768e+00
1.000616880186443458e+00
1.000618051250128593e+00
1.000619222315757506e+00
1.000620393383330420e+00
1.000621564452847112e+00
1.000622735524308471e+00
1.000623906597714052e+00
1.000625077673062968e+00
1.000626248750356773e+00
1.000627419829593912e+00
1.000628590910775939e+00
1.000629761993901523e+00
1.000630933078971108e+00
1.000632104165985137e+00
1.000633275254943166e+00
1.000634446345845419e+00
1.000635617438691671e+00
1.000636788533482147e+00
1.000637959630216400e+00
1.000639130728895099e+00
1.000640301829518242e+00
1.000641472932084497e+00
1.000642644036595863e+00
1.000643815143050785e+00
1.000644986251450597e+00
1.000646157361794186e+00
1.000647328474081554e+00
1.000648499588313589e+00
1.000649670704489402e+00
1.000650841822609882e+00
1.000652012942673919e+00
1.000653184064682399e+00
1.000654355188635325e+00
1.000655526314531585e+00
1.000656697442373400e+00
1.000657868572158105e+00
1.000659039703888142e+00
1.000660210837561515e+00
1.000661381973179331e+00
1.000662553110741593e+00
1.000663724250247855e+00
1.000664895391698339e+00
1.000666066535092824e+00
1.000667237680432198e+00
1.000668408827715350e+00
1.000669579976942503e+00
1.000670751128114322e+00
1.000671922281230364e+00
1.000673093436290628e+00
1.000674264593294893e+00
1.000675435752243381e+00
1.000676606913136313e+00
1.000677778075973690e+00
1.000678949240755289e+00
1.000680120407480667e+00
1.000681291576150933e+00
1.000682462746765422e+00
1.000683633919324134e+00
1.000684805093826624e+00
1.000685976270273780e+00
1.000687147448665160e+00
1.000688318629000761e+00
1.000689489811281252e+00
1.000690660995505521e+00
1.000691832181673790e+00
1.000693003369786949e+00
1.000694174559844107e+00
1.000695345751845489e+00
1.000696516945792203e+00
1.000697688141682251e+00
1.000698859339516744e+00
1.000700030539295016e+00
1.000701201741018620e+00
1.000702372944686669e+00
1.000703544150298718e+00
1.000704715357854768e+00
1.000705886567355707e+00
1.000707057778800646e+00
1.000708228992190252e+00
1.000709400207523636e+00
1.000710571424801909e+00
1.000711742644023960e+00
1.000712913865191345e+00
1.000714085088302729e+00
1.000715256313358781e+00
1.000716427540358611e+00
1.000717598769303329e+00
1.000718770000192270e+00
1.000719941233025878e+00
1.000721112467803264e+00
1.000722283704525095e+00
1.000723454943191593e+00
1.000724626183802535e+00
1.000725797426358143e+00
1.000726968670857753e+00
1.000728139917302473e+00
1.000729311165690749e+00
1.000730482416023470e+00
1.000731653668301524e+00
1.000732824922524022e+00
1.000733996178690299e+00
1.000735167436801243e+00
1.000736338696856187e+00
1.000737509958856464e+00
1.000738681222800519e+00
1.000739852488689685e+00
1.000741023756523074e+00
1.000742195026300685e+00
1.000743366298022963e+00
1.000744537571689463e+00
1.000745708847301074e+00
1.000746880124857130e+00
1.000748051404357186e+00
1.000749222685802353e+00
1.000750393969191077e+00
1.000751565254525355e+00
1.000752736541803412e+00
1.000753907831026357e+00
1.000755079122193525e+00
1.000756250415305804e+00
1.000757421710362083e+00
1.000758593007363029e+00
1.000759764306308863e+00
1.000760935607198920e+00
1.000762106910032978e+00
1.000763278214812368e+00
1.000764449521536203e+00
1.000765620830204483e+00
1.000766792140817207e+00
1.000767963453375042e+00
1.000769134767876434e+00
1.000770306084323158e+00
1.000771477402714549e+00
1.000772648723049718e+00
1.000773820045330442e+00
1.000774991369555611e+00
1.000776162695725002e+00
1.000777334023839060e+00
1.000778505353897563e+00
1.000779676685901176e+00
1.000780848019849012e+00
1.000782019355742181e+00
1.000783190693579572e+00
1.000784362033361186e+00
1.000785533375087244e+00
1.000786704718758635e+00
1.000787876064374471e+00
1.000789047411934529e+00
1.000790218761439476e+00
1.000791390112889756e+00
1.000792561466283592e+00
1.000793732821622539e+00
1.000794904178906153e+00
1.000796075538134877e+00
1.000797246899307602e+00
1.000798418262424994e+00
1.000799589627487940e+00
1.000800760994494887e+00
1.000801932363446278e+00
1.000803103734342780e+00
1.000804275107183505e+00
1.000805446481969785e+00
1.000806617858700509e+00
1.000807789237375012e+00
1.000808960617995291e+00
1.000810132000560237e+00
1.000811303385069406e+00
1.000812474771523464e+00
1.000813646159922188e+00
1.000814817550265801e+00
1.000815988942554080e+00
1.000817160336786804e+00
1.000818331732964639e+00
1.000819503131087806e+00
1.000820674531154308e+00
1.000821845933166809e+00
1.000823017337123311e+00
1.000824188743024923e+00
1.000825360150871202e+00
1.000826531560662147e+00
1.000827702972398203e+00
1.000828874386078482e+00
1.000830045801704316e+00
1.000831217219273928e+00
1.000832388638789316e+00
1.000833560060249372e+00
1.000834731483653428e+00
1.000835902909003039e+00
1.000837074336296872e+00
1.000838245765536039e+00
1.000839417196719650e+00
1.000840588629848149e+00
1.000841760064921759e+00
1.000842931501939814e+00
1.000844102940903202e+00
1.000845274381811034e+00
1.000846445824663533e+00
1.000847617269461587e+00
1.000848788716204307e+00
1.000849960164892138e+00
1.000851131615523748e+00
1.000852303068100912e+00
1.000853474522622077e+00
1.000854645979089241e+00
1.000855817437501072e+00
1.000856988897857569e+00
1.000858160360158733e+00
1.000859331824405007e+00
1.000860503290596615e+00
1.000861674758732223e+00
1.000862846228813385e+00
1.000864017700839215e+00
1.000865189174809711e+00
1.000866360650725762e+00
1.000867532128585813e+00
1.000868703608390975e+00
1.000869875090141914e+00
1.000871046573837075e+00
1.000872218059477348e+00
1.000873389547062287e+00
1.000874561036592558e+00
1.000875732528067719e+00
1.000876904021487546e+00
1.000878075516852705e+00
1.000879247014162310e+00
1.000880418513417247e+00
1.000881590014616851e+00
1.000882761517762232e+00
1.000883933022851613e+00
1.000885104529886327e+00
1.000886276038866374e+00
1.000887447549790643e+00
1.000888619062660245e+00
1.000889790577474736e+00
1.000890962094234338e+00
1.000892133612939494e+00
1.000893305133588873e+00
1.000894476656183585e+00
1.000895648180723185e+00
1.000896819707207896e+00
1.000897991235637496e+00
1.000899162766011763e+00
1.000900334298331584e+00
1.000901505832595850e+00
1.000902677368806115e+00
1.000903848906960603e+00
1.000905020447060423e+00
1.000906191989105132e+00
1.000907363533095618e+00
1.000908535079030548e+00
1.000909706626909923e+00
1.000910878176735519e+00
1.000912049728505115e+00
1.000913221282220267e+00
1.000914392837881417e+00
1.000915564395486124e+00
1.000916735955036607e+00
1.000917907516532424e+00
1.000919079079972684e+00
1.000920250645358278e+00
1.000921422212689427e+00
1.000922593781965242e+00
1.000923765353186390e+00
1.000924936926352649e+00
1.000926108501463352e+00
1.000927280078519610e+00
1.000928451657521423e+00
1.000929623238467236e+00
1.000930794821359493e+00
1.000931966406195750e+00
1.000933137992977562e+00
1.000934309581705151e+00
1.000935481172376962e+00
1.000936652764994994e+00
1.000937824359557027e+00
1.000938995956065058e+00
1.000940167554517313e+00
1.000941339154915344e+00
1.000942510757258930e+00
1.000943682361546738e+00
1.000944853967780324e+00
1.000946025575959464e+00
1.000947197186083049e+00
1.000948368798151966e+00
1.000949540412166439e+00
1.000950712028126688e+00
1.000951883646030494e+00
1.000953055265880520e+00
1.000954226887675880e+00
1.000955398511416128e+00
1.000956570137101265e+00
1.000957741764731734e+00
1.000958913394308425e+00
1.000960085025828894e+00
1.000961256659295362e+00
1.000962428294707163e+00
1.000963599932063852e+00
1.000964771571366096e+00
1.000965943212613229e+00
1.000967114855805695e+00
1.000968286500943938e+00
1.000969458148026847e+00
1.000970629797054867e+00
1.000971801448028886e+00
1.000972973100947794e+00
1.000974144755811812e+00
1.000975316412621163e+00
1.000976488071376291e+00
1.000977659732076086e+00
1.000978831394721658e+00
1.000980003059311230e+00
1.000981174725848133e+00
1.000982346394329259e+00
1.000983518064755717e+00
1.000984689737127287e+00
1.000985861411444411e+00
1.000987033087707090e+00
1.000988204765914880e+00
1.000989376446068224e+00
1.000990548128166013e+00
1.000991719812210023e+00
1.000992891498198922e+00
1.000994063186133598e+00
1.000995234876013606e+00
1.000996406567838726e+00
1.000997578261608956e+00
1.000998749957325185e+00
1.000999921654986080e+00
1.001001093354592975e+00
1.001002265056144758e+00
1.001003436759642096e+00
1.001004608465084766e+00
1.001005780172473214e+00
1.001006951881806106e+00
1.001008123593085442e+00
1.001009295306309443e+00
1.001010467021479444e+00
1.001011638738594334e+00
1.001012810457655000e+00
1.001013982178661443e+00
1.001015153901612109e+00
1.001016325626508996e+00
1.001017497353351215e+00
1.001018669082138324e+00
1.001019840812871875e+00
1.001021012545549871e+00
1.001022184280173866e+00
1.001023356016743415e+00
1.001024527755258076e+00
1.001025699495718291e+00
1.001026871238123839e+00
1.001028042982475386e+00
1.001029214728771599e+00
1.001030386477013812e+00
1.001031558227201579e+00
1.001032729979334013e+00
1.001033901733412446e+00
1.001035073489436877e+00
1.001036245247406198e+00
1.001037417007321295e+00
1.001038588769181503e+00
1.001039760532987710e+00
1.001040932298738584e+00
1.001042104066436123e+00
1.001043275836078550e+00
1.001044447607666088e+00
1.001045619381199847e+00
1.001046791156678717e+00
1.001047962934103808e+00
1.001049134713474009e+00
1.001050306494789766e+00
1.001051478278050633e+00
1.001052650063257055e+00
1.001075484007528438e+00
1.001108722562478404e+00
1.001141962682821518e+00
1.001175204368649263e+00
1.001208447620054010e+00
1.001241692437126574e+00
1.001274938819956883e+00
1.001308186768638420e+00
1.001341436283262221e+00
1.001374687363918214e+00
1.001407940010699216e+00
1.001441194223695597e+00
1.001474450002999506e+00
1.001507707348702425e+00
1.001540966260894505e+00
1.001574226739669005e+00
1.001607488785115851e+00
1.001640752397327194e+00
1.001674017576394293e+00
1.001707284322408853e+00
1.001740552635461246e+00
1.001773822515643841e+00
1.001807093963048567e+00
1.001840366977765795e+00
1.001873641559887451e+00
1.001906917709505018e+00
1.001940195426710423e+00
1.001973474711594037e+00
1.002006755564247786e+00
1.002040037984764265e+00
1.002073321973233622e+00
1.002106607529747784e+00
1.002162754154804825e+00
1.002219632251070358e+00
1.002276514925843021e+00
1.002333402179580224e+00
1.002390294012738714e+00
1.002447190425774126e+00
1.002504091419144316e+00
1.002560996993305364e+00
1.002617907148714016e+00
1.002674821885827683e+00
1.002731741205103111e+00
1.002788665106996824e+00
1.002845593591966233e+00
1.002902526660468085e+00
1.002959464312960236e+00
1.003016406549898765e+00
1.003073353371741971e+00
1.003130304778945936e+00
1.003196833507764119e+00
1.003277050338702958e+00
1.003357276266358733e+00
1.003437511292010864e+00
1.003517755416935886e+00
1.003598008642412109e+00
1.003678270969718955e+00
1.003758542400133180e+00
1.003838822934934427e+00
1.003919112575402339e+00
1.003999411322814339e+00
1.004079719178451180e+00
1.004160036143591617e+00
1.004245775948927832e+00
1.004349257948454532e+00
1.004452755069544123e+00
1.004556267314932860e+00
1.004659794687357888e+00
1.004763337189556793e+00
1.004866894824267165e+00
1.004970467594228589e+00
1.005074055502180430e+00
1.005177658550861386e+00
1.005281358109515466e+00
1.005408085109476435e+00
1.005534834762418006e+00
1.005661607073353503e+00
1.005788402047298913e+00
1.005915219689271334e+00
1.006042060004287642e+00
1.006168922997368043e+00
1.006295808673531189e+00
1.006437413905937328e+00
1.006587413795990482e+00
1.006737445384139118e+00
1.006887508678676602e+00
1.007037603687898519e+00
1.007187730420103566e+00
1.007337888883591326e+00
1.007500922954946310e+00
1.007674192998463170e+00
1.007847505289977574e+00
1.008020859842242434e+00
1.008194256668013766e+00
1.008367695780051587e+00
1.008550828078233819e+00
1.008747384087791632e+00
1.008943994403181499e+00
1.009140659042973898e+00
1.009337378025747078e+00
1.009534151370085509e+00
1.010601445615964655e+00
1.011670339492726445e+00
1.012740835967142594e+00
1.013812938012146336e+00
1.014886648606832864e+00
1.015961970736468434e+00
1.017038907392494362e+00
1.018117461572542570e+00
1.019197636280445574e+00
1.020279434526245810e+00
1.021362859326205630e+00
1.022447913702827726e+00
1.023534600684855134e+00
1.024622923307291877e+00
1.025712884611412079e+00
1.026804487644770392e+00
1.027897735461219986e+00
1.028992631120918322e+00
1.030089177690340696e+00
1.031187378242297781e+00
1.032287235855938512e+00
1.033388753616771183e+00
1.034491934616671216e+00
1.035596781953895817e+00
1.036703298733092860e+00
1.037811488065317755e+00
1.038921353068042119e+00
1.040032896865168643e+00
1.041146122587042422e+00
1.042261033370461831e+00
1.043377632358694074e+00
1.044495922701484503e+00
1.045615907555071944e+00
1.046737590082198688e+00
1.047860973452124478e+00
1.048986060840638057e+00
1.050112855430070047e+00
1.051241360409305159e+00
1.052371578973797295e+00
1.053503514325574875e+00
1.054637169673261043e+00
1.055772548232082997e+00
1.056909653223884638e+00
1.058048487877137678e+00
1.059189055426958515e+00
1.060331359115113115e+00
1.061475402190038775e+00
1.062621187906850340e+00
1.063768719527353745e+00
1.064918000320059344e+00
1.066069033560195001e+00
1.067221822529718311e+00
1.068376370517328811e+00
1.069532680818479298e+00
1.070690756735391380e+00
1.071850601577064355e+00
1.073012218659291861e+00
1.074175611304671651e+00
1.075340782842618248e+00
1.076507736609376709e+00
1.077676475948032842e+00
1.078847004208531413e+00
1.080019324747681919e+00
1.081193440929173910e+00
1.082369356123591864e+00
1.083547073708425401e+00
1.084726597068081055e+00
1.085907929593895593e+00
1.087091074684151559e+00
1.088276035744084824e+00
1.089462816185900573e+00
1.090651419428785518e+00
1.091841848898920109e+00
1.093034108029488971e+00
1.094228200260698891e+00
1.095424129039783923e+00
1.096621897821027813e+00
1.097821510065767114e+00
1.099022969242408498e+00
1.100226278826440751e+00
1.101431442300446095e+00
1.102638463154114401e+00
1.103847344884256509e+00
1.105058090994813558e+00
1.106270704996872967e+00
1.107485190408677322e+00
1.108701550755641030e+00
1.109919789570362303e+00
1.111139910392630936e+00
1.112361916769446735e+00
1.113585812255029506e+00
1.114811600410832382e+00
1.116039284805550924e+00
1.117268869015142441e+00
1.118500356622831982e+00
1.119733751219129436e+00
1.120969056401839303e+00
1.122206275776072459e+00
1.123445412954263478e+00
1.124686471556178402e+00
1.125929455208927399e+00
1.127174367546982081e+00
1.128421212212181501e+00
1.129669992853748806e+00
1.130920713128302335e+00
1.132173376699869394e+00
1.133427987239896240e+00
1.134684548427264739e+00
1.135943063948296805e+00
1.137203537496776384e+00
1.138465972773956780e+00
1.139730373488573534e+00
1.140996743356855081e+00
1.142265086102540961e+00
1.143535405456886700e+00
1.144807705158682243e+00
1.146081988954261055e+00
1.147358260597512336e+00
1.148636523849895896e+00
1.149916782480451483e+00
1.151199040265813212e+00
1.152483300990221560e+00
1.153769568445532911e+00
1.155057846431235102e+00
1.156348138754458077e+00
1.157640449229988988e+00
1.158934781680277970e+00
1.160231139935457678e+00
1.161529527833349729e+00
1.162829949219479575e+00
1.164132407947088943e+00
1.165436907877147155e+00
1.166743452878362675e+00
1.168052046827195323e+00
1.169362693607869597e+00
1.170675397112386662e+00
1.171990161240533901e+00
1.173306989899899566e+00
1.174625887005882774e+00
1.175946856481707936e+00
1.177269902258433421e+00
1.178595028274965095e+00
1.179922238478070984e+00
1.181251536822386594e+00
1.182582927270433570e+00
1.183916413792626132e+00
1.185252000367287284e+00
1.186589690980657030e+00
1.187929489626904589e+00
1.189271400308144377e+00
1.190615427034440676e+00
1.191961573823824283e+00
1.193309844702302724e+00
1.194660243703873137e+00
1.196012774870531148e+00
1.197367442252282421e+00
1.198724249907158868e+00
1.200083201901223307e+00
1.201444302308587675e+00
1.202807555211417245e+00
1.204172964699950388e+00
1.205540534872501013e+00
1.206910269835477445e+00
1.208282173703387086e+00
1.209656250598855509e+00
1.211032504652629793e+00
1.212410940003593840e+00
1.213791560798777702e+00
1.215174371193372904e+00
1.216559375350737104e+00
1.217946577442408751e+00
1.219335981648119072e+00
1.220727592155800956e+00
1.222121413161598724e+00
1.223517448869882340e+00
1.224915703493257402e+00
1.226316181252570692e+00
1.227718886376932605e+00
1.229123823103713153e+00
1.230530995678563722e+00
1.231940408355423289e+00
1.233352065396530417e+00
1.234765971072430357e+00
1.236182129661991702e+00
1.237600545452409051e+00
1.239021222739220773e+00
1.240444165826314116e+00
1.241869379025939413e+00
1.243296866658716526e+00
1.244726633053647502e+00
1.246158682548125451e+00
1.247593019487944987e+00
1.249029648227313105e+00
1.250468573128858951e+00
1.251909798563642262e+00
1.253353328911164022e+00
1.254799168559376010e+00
1.256247321904692349e+00
1.257697793351996607e+00
1.259150587314653569e+00
1.260605708214517229e+00
1.262063160481940116e+00
1.263522948555784176e+00
1.264985076883430981e+00
1.266449549920786621e+00
1.267916372132296354e+00
1.269385547990949936e+00
1.270857081978292280e+00
1.272330978584433669e+00
1.273807242308055532e+00
1.275285877656424205e+00
1.276766889145393158e+00
1.278250281299418756e+00
1.279736058651564701e+00
1.281224225743512246e+00
1.282714787125566858e+00
1.284207747356670426e+00
1.285703111004406596e+00
1.287200882645008981e+00
1.288701066863372935e+00
1.290203668253058655e+00
1.291708691416305177e+00
1.293216140964031924e+00
1.294726021515852699e+00
1.296238337700080345e+00
1.297753094153734521e+00
1.299270295522551910e+00
1.300789946460990221e+00
1.302312051632237955e+00
1.303836615708223734e+00
1.305363643369620075e+00
1.306893139305851825e+00
1.308425108215104826e+00
1.309959554804332793e+00
1.311496483789261536e+00
1.313035899894399616e+00
1.314577807853045011e+00
1.316122212407288439e+00
1.317669118308023801e+00
1.319218530314951510e+00
1.320770453196589145e+00
1.322324891730274343e+00
1.323881850702173013e+00
1.325441334907281110e+00
1.327003349149439959e+00
1.328567898241334255e+00
1.330134987004498726e+00
1.331704620269330119e+00
1.333276802875084099e+00
1.334851539669888343e+00
1.336428835510742097e+00
1.338008695263527503e+00
1.339591123803010042e+00
1.341176126012847192e+00
1.342763706785589317e+00
1.344353871022688107e+00
1.345946623634501016e+00
1.347541969540294815e+00
1.349139913668251367e+00
1.350740460955470956e+00
1.352343616347976951e+00
1.353949384800720912e+00
1.355557771277583479e+00
1.357168780751387693e+00
1.358782418203887898e+00
1.360398688625786390e+00
1.362017597016732751e+00
1.363639148385324296e+00
1.365263347749113620e+00
1.366890200134612154e+00
1.368519710577288162e+00
1.370151884121574515e+00
1.371786725820870245e+00
1.373424240737542323e+00
1.375064433942930320e+00
1.376707310517345739e+00
1.378352875550077794e+00
1.380001134139390073e+00
1.381652091392530979e+00
1.383305752425726176e+00
1.384962122364190584e+00
1.386621206342118606e+00
1.388283009502693011e+00
1.389947536998085376e+00
1.391614793989454757e+00
1.393284785646951685e+00
1.394957517149715942e+00
1.396632993685877233e+00
1.398311220452560955e+00
1.399992202655881091e+00
1.401675945510943322e+00
1.403362454241848356e+00
1.405051734081686154e+00
1.406743790272539707e+00
1.408438628065482146e+00
1.410136252720576966e+00
1.411836669506878250e+00
1.413539883702428224e+00
1.415245900594253037e+00
1.416954725478370314e+00
1.418666363659777829e+00
1.420380820452455950e+00
1.422098101179367191e+00
1.423818211172451775e+00
1.425541155772625412e+00
1.427266940329778411e+00
1.428995570202769905e+00
1.430727050759430741e+00
1.432461387376551043e+00
1.434198585439888429e+00
1.435938650344153356e+00
1.437681587493016222e+00
1.439427402299092051e+00
1.441176100183946041e+00
1.442927686578084900e+00
1.444682166920953525e+00
1.446439546660927000e+00
1.448199831255312153e+00
1.449963026170334901e+00
1.451729136881140247e+00
1.453498168871788288e+00
1.455270127635239552e+00
1.457045018673358339e+00
1.458822847496900721e+00
1.460603619625511662e+00
1.462387340587717688e+00
1.464174015920915339e+00
1.465963651171370286e+00
1.467756251894207775e+00
1.469551823653403977e+00
1.471350372021775987e+00
1.473151902580982053e+00
1.474956420921501365e+00
1.476763932642634503e+00
1.478574443352491441e+00
1.480387958667984671e+00
1.482204484214812323e+00
1.484024025627459942e+00
1.485846588549178948e+00
1.487672178631987752e+00
1.489500801536650210e+00
1.491332462932675407e+00
1.493167168498298558e+00
1.495004923920471240e+00
1.496845734894856728e+00
1.498689607125807344e+00
1.500536546326363130e+00
1.502386558218230528e+00
1.504239648531775275e+00
1.506095823006007750e+00
1.507955087388570758e+00
1.509817447435722437e+00
1.511682908912326262e+00
1.513551477591837724e+00
1.515423159256286345e+00
1.517297959696260579e+00
1.519175884710896485e+00
1.521056940107863742e+00
1.522941131703341444e+00
1.524828465322012327e+00
1.526718946797039900e+00
1.528612581970052231e+00
1.530509376691127077e+00
1.532409336818778112e+00
1.534312468219929837e+00
1.536218776769901151e+00
1.538128268352393357e+00
1.540040948859464187e+00
1.541956824191514253e+00
1.543875900257266176e+00
1.545798182973739721e+00
1.547723678266240688e+00
1.549652392068336049e+00
1.551584330321830407e+00
1.553519498976751123e+00
1.555457903991322999e+00
1.557399551331945409e+00
1.559344446973174536e+00
1.561292596897696505e+00
1.563244007096307620e+00
1.565198683567888382e+00
1.567156632319380849e+00
1.569117859365765977e+00
1.571082370730039424e+00
1.573050172443181349e+00
1.575021270544137098e+00
1.576995671079789885e+00
1.578973380104934821e+00
1.580954403682250042e+00
1.582938747882271846e+00
1.584926418783368263e+00
1.586917422471710193e+00
1.588911765041244317e+00
1.590909452593660012e+00
1.592910491238367587e+00
1.594914887092462985e+00
1.596922646280700242e+00
1.598933774935462182e+00
1.600948279196725776e+00
1.602966165212035943e+00
1.604987439136467797e+00
1.607012107132603784e+00
1.609040175370488823e+00
1.611071650027609437e+00
1.613106537288848452e+00
1.615144843346462800e+00
1.617186574400039989e+00
1.619231736656464582e+00
1.621280336329888661e+00
1.623332379641686751e+00
1.625387872820428736e+00
1.627446822101833002e+00
1.629509233728738682e+00
1.631575113951061695e+00
1.633644469025755219e+00
1.635717305216776607e+00
1.637793628795039869e+00
1.639873446038386140e+00
1.641956763231529060e+00
1.644043586666029011e+00
1.646133922640237390e+00
1.648227777459265742e+00
1.650325157434931578e+00
1.652426068885729071e+00
1.654530518136770656e+00
1.656638511519754609e+00
1.658750055372906651e+00
1.660865156040953083e+00
1.662983819875053726e+00
1.665106053232771055e+00
1.667231862478014248e+00
1.669361253980993887e+00
1.671494234118171995e+00
1.673630809272215414e+00
1.675770985831944504e+00
1.677914770192281413e+00
1.680062168754201668e+00
1.682213187924677777e+00
1.684367834116634377e+00
1.686526113748889166e+00
1.688688033246098508e+00
1.690853599038709243e+00
1.693022817562898963e+00
1.695195695260519386e+00
1.697372238579044845e+00
1.699552453971513444e+00
1.701736347896465329e+00
1.703923926817892065e+00
1.706115197205169576e+00
1.708310165533003300e+00
1.710508838281367350e+00
1.712711221935441230e+00
1.714917322985552772e+00
1.717127147927110187e+00
1.719340703260538783e+00
1.721557995491222792e+00
1.723779031129435646e+00
1.726003816690275361e+00
1.728232358693598147e+00
1.730464663663952907e+00
1.732700738130512397e+00
1.734940588627005065e+00
1.737184221691645103e+00
1.739431643867061172e+00
1.741682861700229568e+00
1.743937881742397833e+00
1.746196710549015041e+00
1.748459354679659850e+00
1.750725820697959678e+00
1.752996115171524982e+00
1.755270244671864877e+00
1.757548215774319411e+00
1.759830035057972308e+00
1.762115709105579242e+00
1.764405244503489456e+00
1.766698647841559389e+00
1.768995925713077622e+00
1.771297084714678283e+00
1.773602131446267327e+00
1.775911072510924837e+00
1.778223914514834192e+00
1.780540664067185919e+00
1.782861327780100646e+00
1.785185912268534070e+00
1.787514424150195236e+00
1.789846870045449956e+00
1.792183256577237982e+00
1.794523590370977528e+00
1.796867878054473788e+00
1.799216126257830339e+00
1.801568341613349444e+00
1.803924530755437683e+00
1.806284700320512249e+00
1.808648856946905470e+00
1.811017007274762225e+00
1.813389157945944019e+00
1.815765315603926844e+00
1.818145486893703922e+00
1.820529678461678014e+00
1.822917896955562611e+00
1.825310149024278905e+00
1.827706441317842989e+00
1.830106780487266604e+00
1.832511173184444120e+00
1.834919626062051723e+00
1.837332145773429515e+00
1.839748738972475595e+00
1.842169412313529708e+00
1.844594172451267777e+00
1.847023026040575999e+00
1.849455979736446931e+00
1.851893040193854922e+00
1.854334214067645092e+00
1.856779508012405211e+00
1.859228928682356008e+00
1.861682482731220389e+00
1.864140176812105532e+00
1.866602017577381201e+00
1.869068011678548968e+00
1.871538165766120976e+00
1.874012486489486262e+00
1.876490980496788197e+00
1.878973654434791918e+00
1.881460514948751106e+00
1.883951568682280753e+00
1.886446822277211499e+00
1.888946282373470398e+00
1.891449955608932365e+00
1.893957848619284512e+00
1.896469968037886700e+00
1.898986320495635427e+00
1.901506912620815948e+00
1.904031751038957720e+00
1.906560842372697406e+00
1.909094193241626325e+00
1.911631810262141240e+00
1.914173700047298698e+00
1.916719869206666482e+00
1.919270324346164180e+00
1.921825072067913975e+00
1.924384118970086321e+00
1.926947471646743848e+00
1.929515136687678600e+00
1.932087120678258163e+00
1.934663430199260237e+00
1.937244071826712100e+00
1.939829052131726961e+00
1.942418377680336761e+00
1.945012055033321641e+00
1.947610090746049627e+00
1.950212491368298551e+00
1.952819263444084408e+00
1.955430413511490384e+00
1.958045948102490330e+00
1.960665873742772458e+00
1.963290196951556821e+00
1.965918924241417898e+00
1.968552062118100521e+00
1.971189617080342016e+00
1.973831595619675916e+00
1.976478004220253215e+00
1.979128849358650521e+00
1.981784137503676657e+00
1.984443875116183920e+00
1.987108068648873349e+00
1.989776724546093334e+00
1.992449849243647542e+00
1.995127449168591083e+00
1.997809530739028228e+00
2.000496100363914564e+00
2.003187164442842949e+00
2.005882729365840333e+00
2.008582801513161709e+00
2.011287387255071391e+00
2.013996492951631190e+00
2.016710124952491689e+00
2.019428289596667536e+00
2.022150993212319392e+00
2.024878242116540328e+00
2.027610042615119568e+00
2.030346401002327994e+00
2.033087323560685000e+00
2.035832816560730230e+00
2.038582886260793980e+00
2.041337538906760063e+00
2.044096780731831764e+00
2.046860617956292927e+00
2.049629056787274362e+00
2.052402103418493162e+00
2.055179764030035994e+00
2.057962044788082867e+00
2.060748951844681987e+00
2.063540491337484184e+00
2.066336669389490233e+00
2.069137492108807042e+00
2.071942965588373653e+00
2.074753095905713440e+00
2.077567889122660993e+00
2.080387351285109432e+00
2.083211488422728408e+00
2.086040306548703871e+00
2.088873811659464508e+00
2.091712009734404631e+00
2.094554906735607069e+00
2.097402508607565164e+00
2.100254821276898998e+00
2.103111850652074732e+00
2.105973602623107066e+00
2.108840083061283455e+00
2.111711297818859467e+00
2.114587252728771460e+00
2.117467953604333264e+00
2.120353406238941751e+00
2.123243616405772194e+00
2.126138589857467398e+00
2.129038332325838834e+00
2.131942849521548666e+00
2.134852147133794897e+00
2.137766230830000946e+00
2.140685106255495018e+00
2.143608779033181033e+00
2.146537254763224212e+00
2.149470539022713567e+00
2.152408637365338162e+00
2.155351555321053159e+00
2.158299298395735644e+00
2.161251872070853786e+00
2.164209281803124441e+00
2.167171533024160546e+00
2.170138631140127394e+00
2.173110581531393137e+00
2.176087389552173512e+00
2.179069060530169466e+00
2.182055599766207887e+00
2.185047012533885447e+00
2.188043304079194673e+00
2.191044479620150476e+00
2.194050544346427767e+00
2.197061503418975992e+00
2.200077361969640322e+00
2.203098125100784177e+00
2.206123797884895765e+00
2.209154385364201723e+00
2.212189892550275871e+00
2.215230324423638208e+00
2.218275685933360997e+00
2.221325981996661092e+00
2.224381217498495822e+00
2.227441397291146874e+00
2.230506526193818395e+00
2.233576608992204005e+00
2.236651650438080452e+00
2.239731655248872855e+00
2.242816628107233701e+00
2.245906573660607197e+00
2.249001496520792731e+00
2.252101401263509217e+00
2.255206292427955006e+00
2.258316174516352248e+00
2.261431051993503694e+00
2.264550929286335723e+00
2.267675810783444490e+00
2.270805700834630514e+00
2.273940603750428835e+00
2.277080523801648937e+00
2.280225465218890690e+00
2.283375432192074950e+00
2.286530428869955500e+00
2.289690459359640773e+00
2.292855527726096465e+00
2.296025637991654822e+00
2.299200794135519477e+00
2.302381000093252528e+00
2.305566259756284708e+00
2.308756576971392249e+00
2.311951955540183068e+00
2.315152399218587398e+00
2.318357911716336428e+00
2.321568496696414741e+00
2.324784157774535398e+00
2.328004898518595045e+00
2.331230722448157433e+00
2.334461633033902750e+00
2.337697633697064514e+00
2.340938727808868691e+00
2.344184918689989239e+00
2.347436209609985003e+00
2.350692603786721957e+00
2.353954104385809210e+00
2.357220714520011029e+00
2.360492437248672193e+00
2.363769275577126461e+00
2.367051232456106824e+00
2.370338310781145541e+00
2.373630513391975949e+00
2.376927843071922286e+00
2.380230302547288179e+00
2.383537894486740694e+00
2.386850621500692160e+00
2.390168486140664683e+00
2.393491490898665752e+00
2.396819638206546976e+00
2.400152930435365484e+00
2.403491369894732443e+00
2.406834958832164695e+00
2.410183699432423943e+00
2.413537593816852400e+00
2.416896644042708431e+00
2.420260852102490201e+00
2.423630219923253559e+00
2.427004749365937908e+00
2.430384442224661434e+00
2.433769300226037657e+00
2.437159325028467993e+00
2.440554518221434321e+00
2.443954881324794215e+00
2.447360415788051302e+00
2.450771122989641615e+00
2.454187004236202618e+00
2.457608060761833801e+00
2.461034293727359046e+00
2.464465704219578335e+00
2.467902293250518575e+00
2.471344061756671540e+00
2.474791010598230923e+00
2.478243140558323621e+00
2.481700452342232577e+00
2.485162946576609411e+00
2.488630623808699038e+00
2.492103484505531874e+00
2.495581529053131131e+00
2.499064757755701471e+00
2.502553170834822094e+00
2.506046768428623839e+00
2.509545550590962737e+00
2.513049517290593560e+00
2.516558668410323829e+00
2.520073003746178486e+00
2.523592523006549015e+00
2.527117225811324808e+00
2.530647111691042728e+00
2.534182180086010927e+00
2.537722430345432656e+00
2.541267861726526522e+00
2.544818473393629876e+00
2.548374264417319512e+00
2.551935233773488854e+00
2.555501380342445117e+00
2.559072702908004704e+00
2.562649200156544627e+00
2.566230870676102338e+00
2.569817712955422717e+00
2.573409725383012603e+00
2.577006906246200213e+00
2.580609253730175467e+00
2.584216765917020098e+00
2.587829440784745305e+00
2.591447276206308103e+00
2.595070269948630770e+00
2.598698419671603865e+00
2.602331722927091029e+00
2.605970177157919121e+00
2.609613779696875913e+00
2.613262527765674914e+00
2.616916418473940631e+00
2.620575448818167175e+00
2.624239615680677318e+00
2.627908915828577108e+00
2.631583345912694938e+00
2.635262902466517509e+00
2.638947581905126238e+00
2.642637380524113233e+00
2.646332294498498605e+00
2.650032319881629572e+00
2.653737452604093772e+00
2.657447688472600156e+00
2.661163023168865216e+00
2.664883452248495210e+00
2.668608971139851960e+00
2.672339575142918200e+00
2.676075259428142505e+00
2.679816019035302865e+00
2.683561848872329403e+00
2.687312743714142638e+00
2.691068698201477094e+00
2.694829706839697803e+00
2.698595763997608366e+00
2.702366863906253247e+00
2.706143000657703190e+00
2.709924168203849071e+00
2.713710360355177098e+00
2.717501570779521813e+00
2.721297793000853726e+00
2.725099020398006111e+00
2.728905246203441770e+00
2.732716463501975834e+00
2.736532665229514993e+00
2.740353844171764308e+00
2.744179992962953119e+00
2.748011104084517875e+00
2.751847169863822717e+00
2.755688182472826320e+00
2.759534133926784705e+00
2.763385016082894552e+00
2.767240820638975141e+00
2.771101539132110325e+00
2.774967162937294507e+00
2.778837683266062619e+00
2.782713091165128994e+00
2.786593377514999581e+00
2.790478533028579733e+00
2.794368548249783757e+00
2.798263413552117385e+00
2.802163119137255354e+00
2.806067655033618991e+00
2.809977011094930255e+00
2.813891176998783994e+00
2.817810142245178895e+00
2.821733896155061760e+00
2.825662427868842030e+00
2.829595726344915185e+00
2.833533780358165277e+00
2.837476578498449253e+00
2.841424109169087053e+00
2.845376360585353481e+00
2.849333320772922562e+00
2.853294977566331436e+00
2.857261318607425160e+00
2.861232331343780189e+00
2.865208003027131411e+00
2.869188320711780538e+00
2.873173271252990713e+00
2.877162841305387353e+00
2.881157017321331892e+00
2.885155785549279539e+00
2.889159132032133037e+00
2.893167042605599093e+00
2.897179502896497283e+00
2.901196498321089834e+00
2.905218014083384315e+00
2.909244035173424336e+00
2.913274546365579365e+00
2.917309532216790569e+00
2.921348977064841534e+00
2.925392865026601896e+00
2.929441179996246980e+00
2.933493905643487665e+00
2.937551025411746508e+00
2.941612522516361405e+00
2.945678379942749281e+00
2.949748580444576884e+00
2.953823106541888510e+00
2.957901940519251038e+00
2.961985064423883429e+00
2.966072460063742255e+00
2.970164109005611675e+00
2.974259992573174305e+00
2.978360091845066115e+00
2.982464387652925097e+00
2.986572860579397304e+00
2.990685490956172199e+00
2.994802258861958943e+00
2.998923144120472895e+00
3.003048126298418552e+00
3.007177184703440531e+00
3.011310298382030570e+00
3.015447446117450081e+00
3.019588606427636712e+00
3.023733757563092261e+00
3.027882877504734616e+00
3.032035943961766566e+00
3.036192934369506879e+00
3.040353825887193828e+00
3.044518595395804272e+00
3.048687219495850975e+00
3.052859674505133292e+00
3.057035936456478975e+00
3.061215981095502858e+00
3.065399783878304252e+00
3.069587319969212746e+00
3.073778564238439870e+00
3.077973491259749395e+00
3.082172075308115211e+00
3.086374290357363215e+00
3.090580110077786102e+00
3.094789507833750619e+00
3.099002456681268836e+00
3.103218929365589851e+00
3.107438898318731990e+00
3.111662335657041201e+00
3.115889213178717032e+00
3.120119502361295538e+00
3.124353174359141061e+00
3.128590200000926469e+00
3.132830549787085417e+00
3.137074193887262830e+00
3.141321102137723198e+00
3.145571244038772196e+00
3.149824588752135224e+00
3.154081105098341720e+00
3.158340761554080167e+00
3.162603526249545549e+00
3.166869366965754828e+00
3.171138251131901065e+00
3.175410145822615604e+00
3.179685017755259135e+00
3.183962833287168337e+00
3.188243558412951373e+00
3.192527158761694572e+00
3.196813599594176214e+00
3.201102845800076757e+00
3.205394861895182412e+00
3.209689612018554516e+00
3.213987059929678036e+00
3.218287169005601633e+00
3.222589902238082615e+00
3.226895222230705240e+00
3.231203091195959942e+00
3.235513470952327886e+00
3.239826322921359303e+00
3.244141608124723852e+00
3.248459287181249877e+00
3.252779320303933019e+00
3.257101667296954162e+00
3.261426287552677383e+00
3.265753140048621272e+00
3.270082183344413806e+00
3.274413375578745899e+00
3.278746674466292976e+00
3.283082037294657862e+00
3.287419420921231961e+00
3.291758781770111053e+00
3.296100075828948039e+00
3.300443258645809674e+00
3.304788285326020425e+00
3.309135110528981905e+00
3.313483688464979426e+00
3.317833972891971239e+00
3.322185917112367548e+00
3.326539473969793548e+00
3.330894595845830697e+00
3.335251234656734898e+00
3.339609341850163116e+00
3.343968868401869354e+00
3.348329764812369991e+00
3.352691981103640195e+00
3.357055466815707323e+00
3.361420171003328239e+00
3.365786042232602249e+00
3.370153028577552501e+00
3.374521077616711828e+00
3.378890136429701485e+00
3.383260151593772580e+00
3.387631069180342624e+00
3.392002834751509877e+00
3.396375393356548145e+00
3.400748689528424240e+00
3.405122667280220394e+00
3.409497270101601973e+00
3.413872440955265652e+00
3.418248122273366274e+00
3.422624255953875316e+00
3.427000783356994429e+00
3.431377645301540547e+00
3.435754782061262169e+00
3.440132133361183175e+00
3.444509638373943528e+00
3.448887235716088462e+00
3.453264863444331922e+00
3.457642459051855965e+00
3.462019959464561314e+00
3.466397301037290379e+00
3.470774419550049839e+00
3.475151250204208786e+00
3.479527727618688893e+00
3.483903785826145239e+00
3.488279358269108510e+00
3.492654377796129417e+00
3.497028776657896021e+00
3.501402486503341738e+00
3.505775438375734687e+00
3.510147562708751057e+00
3.514518789322520487e+00
3.518889047419693217e+00
3.523258265581449056e+00
3.527626371763509905e+00
3.531993293292137626e+00
3.536358956860118141e+00
3.540723288522709566e+00
3.545086213693608546e+00
3.549447657140870405e+00
4.229443732268555856e+00
4.229724888760312496e+00
4.230004943049845423e+00
4.230283893506600279e+00
4.230561738498797020e+00
4.230838476393420144e+00
4.231114105556231131e+00
4.231388624351767547e+00
4.231662031143343050e+00
4.231934324293042948e+00
4.232205502161727750e+00
4.232475563109053596e+00
4.232744505493440279e+00
4.233012327672089903e+00
4.233279028000999311e+00
4.233544604834936997e+00
4.233809056527459980e+00
4.234072381430915577e+00
4.234334577896433416e+00
4.234595644273931647e+00
4.234855578912119611e+00
4.235114380158505831e+00
4.235372046359375808e+00
4.235628575859823108e+00
4.235883967003726269e+00
4.236138218133764788e+00
4.236391327591416456e+00
4.236643293716957359e+00
4.236894114849459214e+00
4.237143789326801802e+00
4.237392315485664973e+00
4.237639691661532204e+00
4.237885916188689706e+00
4.238130987400243299e+00
4.238374903628088219e+00
4.238617663202943753e+00
4.238859264454332809e+00
4.239099705710589916e+00
4.239338985298874540e+00
4.239577101545147109e+00
4.239814052774193875e+00
4.240049837309612712e+00
4.240284453473828208e+00
4.240517899588075679e+00
4.240750173972421599e+00
4.240981274945756496e+00
4.241211200825786953e+00
4.241439949929054265e+00
4.241667520570923777e+00
4.241893911065598211e+00
4.242119119726098120e+00
4.242343144864289428e+00
4.242565984790859446e+00
4.242787637815344404e+00
4.243008102246108137e+00
4.243227376390358074e+00
4.243445458554137240e+00
4.243662347042336691e+00
4.243878040158682197e+00
4.244092536205754662e+00
4.244305833484972368e+00
4.244517930296606956e+00
4.244728824939780765e+00
4.244938515712461502e+00
4.245147000911468460e+00
4.245354278832485839e+00
4.245560347770048537e+00
4.245765206017541260e+00
4.245968851867222504e+00
4.246171283610197023e+00
4.246372499536445133e+00
4.246572497934805845e+00
4.246771277092978636e+00
4.246968835297538547e+00
4.247165170833927306e+00
4.247360281986458652e+00
4.247554167038316564e+00
4.247746824271559696e+00
4.247938251967132040e+00
4.248128448404837165e+00
4.248317411863377302e+00
4.248505140620321363e+00
4.248691632952128039e+00
4.248876887134146685e+00
4.249060901440603999e+00
4.249243674144618232e+00
4.249425203518197414e+00
4.249605487832246453e+00
4.249784525356561815e+00
4.249962314359828852e+00
4.250138853109638681e+00
4.250314139872481967e+00
4.250488172913747142e+00
4.250660950497725743e+00
4.250832470887615067e+00
4.251002732345522617e+00
4.251171733132462549e+00
4.251339471508354784e+00
4.251505945732039216e+00
4.251671154061266833e+00
4.251835094752713928e+00
4.251997766061954565e+00
4.252159166243502320e+00
4.252319293550787194e+00
4.252478146236164491e+00
4.252635722550913044e+00
4.252792020745244095e+00
4.252947039068290636e+00
4.253100775768128727e+00
4.253253229091763288e+00
4.253404397285136085e+00
4.253554278593130178e+00
4.253702871259564589e+00
4.253850173527202294e+00
4.253996183637752004e+00
4.254140899831867273e+00
4.254284320349154491e+00
4.254426443428164006e+00
4.254567267306409661e+00
4.254706790220345702e+00
4.254845010405398753e+00
4.254981926095942946e+00
4.255117535525319461e+00
4.255251836925831199e+00
4.255384828528748997e+00
4.255516508564311629e+00
4.255646875261724915e+00
4.255775926849168833e+00
4.255903661553799289e+00
4.256030077601745454e+00
4.256155173218115095e+00
4.256278946627006121e+00
4.256401396051487929e+00
4.256522519713620056e+00
4.256642315834454848e+00
4.256760782634025908e+00
4.256877918331367638e+00
4.256993721144503695e+00
4.257108189290457645e+00
4.257221320985251189e+00
4.257333114443908606e+00
4.257443567880457636e+00
4.257552679507933036e+00
4.257660447538373916e+00
4.257766870182837948e+00
4.257871945651394263e+00
4.257975672153122559e+00
4.258078047896121987e+00
4.258179071087523582e+00
4.258278739933461843e+00
4.258377052639118254e+00
4.258474007408682205e+00
4.258569602445388291e+00
4.258663835951498555e+00
4.258756706128305147e+00
4.258848211176150755e+00
4.258938349294403736e+00
4.259027118681488311e+00
4.259114517534860589e+00
4.259200544051039650e+00
4.259285196425578235e+00
4.259368472853100052e+00
4.259450371527272239e+00
4.259530890640818690e+00
4.259610028385533376e+00
4.259687782952264357e+00
4.259764152530931547e+00
4.259839135310518721e+00
4.259912729479081506e+00
4.259984933223756265e+00
4.260055744730746774e+00
4.260125162185335768e+00
4.260193183771892933e+00
4.260259807673872245e+00
4.260325032073808416e+00
4.260388855153331988e+00
4.260451275093161350e+00
4.260512290073116937e+00
4.260571898272106139e+00
4.260630097868145505e+00
4.260686887038352744e+00
4.260742263958950282e+00
4.260796226805270592e+00
4.260848773751759744e+00
4.260899902971974740e+00
4.260949612638587070e+00
4.260997900923396919e+00
4.261044765997318073e+00
4.261090206030396565e+00
4.261134219191809791e+00
4.261176803649853184e+00
4.261217957571968640e+00
4.261257679124732967e+00
4.261295966473863217e+00
4.261332817784213134e+00
4.261368231219786473e+00
4.261402204943740557e+00
4.261434737118380944e+00
4.261465825905164984e+00
4.261495469464709807e+00
4.261523665956794105e+00
4.261550413540362570e+00
4.261575710373518788e+00
4.261599554613544782e+00
4.261621944416891239e+00
4.261642877939182839e+00
4.261662353335227138e+00
4.261680368759010129e+00
4.261696922363703344e+00
4.261712012301671848e+00
4.261725636724467137e+00
4.261737793782825356e+00
4.261748481626701057e+00
4.261757698405236106e+00
4.261765442266769455e+00
4.261771711358864678e+00
4.261776503828281548e+00
4.261779817821000904e+00
4.261781651482210442e+00
4.261782002956328697e+00
4.261780870386986386e+00
4.261778251917052174e+00
4.261774145688613125e+00
4.261768549842990694e+00
4.261761462520749610e+00
4.261752881861684550e+00
4.261742806004838791e+00
4.261731233088496218e+00
4.261718161250191983e+00
4.261703588626716943e+00
4.261687513354109669e+00
4.261669933567677759e+00
4.261650847401981856e+00
4.261630252990848966e+00
4.261608148467383117e+00
4.261584531963959144e+00
4.261559401612215581e+00
4.261532755543087525e+00
4.261504591886777327e+00
4.261474908772784786e+00
4.261443704329896498e+00
4.261410976686189400e+00
4.261376723969037883e+00
4.261340944305120892e+00
4.261303635820412161e+00
4.261264796640203301e+00
4.261224424889087814e+00
4.261182518690977972e+00
4.261139076169102147e+00
4.261094095446010144e+00
4.261047574643580305e+00
4.260999511883017732e+00
4.260949905284851624e+00
4.260898752968961034e+00
4.260846053054555327e+00
4.260791803660190169e+00
4.260736002903764863e+00
4.260678648902533006e+00
4.260619739773101600e+00
4.260559273631432831e+00
4.260497248592853836e+00
4.260433662772059371e+00
4.260368514283102037e+00
4.260301801239418928e+00
4.260233521753820973e+00
4.260163673938498263e+00
4.260092255905022718e+00
4.260019265764357854e+00
4.259944701626859676e+00
4.259868561602275783e+00
4.259790843799757809e+00
4.259711546327855203e+00
4.259630667294530326e+00
4.259548204807155791e+00
4.259464156972517124e+00
4.259378521896818981e+00
4.259291297685687816e+00
4.259202482444181648e+00
4.259112074276784732e+00
4.259020071287421771e+00
4.258926471579448148e+00
4.258831273255666794e+00
4.258734474418328197e+00
4.258636073169129510e+00
4.258536067609230535e+00
4.258434455839240407e+00
4.258331235959240679e+00
4.258226406068769343e+00
4.258119964266845692e+00
4.258011908651959665e+00
4.257902237322078065e+00
4.257790948374657880e+00
4.257678039906636513e+00
4.257563510014449548e+00
4.257447356794023641e+00
4.257329578340789844e+00
4.257210172749680943e+00
4.257089138115137672e+00
4.256966472531115819e+00
4.256842174091086228e+00
4.256716240888044567e+00
4.256588671014506886e+00
4.256459462562525609e+00
4.256328613623681534e+00
4.256196122289098049e+00
4.256061986649434914e+00
4.255926204794910461e+00
4.255788774815284725e+00
4.255649694799880756e+00
4.255508962837574849e+00
4.255366577016808982e+00
4.255222535425603247e+00
4.255076836151541642e+00
4.254929477281791605e+00
4.254780456903099584e+00
4.254629773101797241e+00
4.254477423963816562e+00
4.254323407574678306e+00
4.254167722019504438e+00
4.254010365383020797e+00
4.253851335749571305e+00
4.253690631203103756e+00
4.253528249827184915e+00
4.253364189705012954e+00
4.253198448919407682e+00
4.253031025552826527e+00
4.252861917687354776e+00
4.252691123404729545e+00
4.252518640786330018e+00
4.252344467913187209e+00
4.252168602865985747e+00
4.251991043725073638e+00
4.251811788570464934e+00
4.251630835481837956e+00
4.251448182538552167e+00
4.251263827819641072e+00
4.251077769403830864e+00
4.250890005369529767e+00
4.250700533794840474e+00
4.250509352757563697e+00
4.250316460335207935e+00
4.250121854604989480e+00
4.249925533643830633e+00
4.249727495528383692e+00
4.249527738335013183e+00
4.249326260139819844e+00
4.249123059018630855e+00
4.248918133047011381e+00
4.248711480300279675e+00
4.248503098853487536e+00
4.248292986781449621e+00
4.248081142158735446e+00
4.247867563059674723e+00
4.247652247558370675e+00
4.247435193728691161e+00
4.247216399644292650e+00
4.246995863378606018e+00
4.246773583004853414e+00
4.246549556596050046e+00
4.246323782225012167e+00
4.246096257964352638e+00
4.245866981886502245e+00
4.245635952063696372e+00
4.245403166567998987e+00
4.245168623471289315e+00
4.244932320845278717e+00
4.244694256761521345e+00
4.244454429291399045e+00
4.244212836506147113e+00
4.243969476476848968e+00
4.243724347274439701e+00
4.243477446969726508e+00
4.243228773633370920e+00
4.242978325335914569e+00
4.242726100147771184e+00
4.242472096139239035e+00
4.242216311380510696e+00
4.241958743941656174e+00
4.241699391892660209e+00
4.241438253303404515e+00
4.241175326243683763e+00
4.240910608783202917e+00
4.240644098991590560e+00
4.240375794938404219e+00
4.240105694693126814e+00
4.239833796325186199e+00
4.239560097903943614e+00
4.239284597498717666e+00
4.239007293178777225e+00
4.238728183013349415e+00
4.238447265071630277e+00
4.238164537422779432e+00
4.237879998135944071e+00
4.237593645280239407e+00
4.237305476924779768e+00
4.237015491138672374e+00
4.236723685991014676e+00
4.236430059550918337e+00
4.236134609887501234e+00
4.235837335069898124e+00
4.235538233167270405e+00
4.235237302248799018e+00
4.234934540383706647e+00
4.234629945641250615e+00
4.234323516090736206e+00
4.234015249801521108e+00
4.233705144843015411e+00
4.233393199284700259e+00
4.233079411196117192e+00
4.232763778646889463e+00
4.232446299706716708e+00
4.232126972445387381e+00
4.231805794932783193e+00
4.231482765238887112e+00
4.231157881433780688e+00
4.230831141587659161e+00
4.230502543770839452e+00
4.230172086053755720e+00
4.229839766506972687e+00
4.229505583201190078e+00
4.229169534207250614e+00
4.228831617596142678e+00
4.228491831439010085e+00
4.228150173807150303e+00
4.227806642772038437e+00
4.227461236405310352e+00
4.227113952778786654e+00
4.226764789964469138e+00
4.226413746034551444e+00
4.226060819061427054e+00
4.225706007117689289e+00
4.225349308276139304e+00
4.224990720609802963e+00
4.224630242191917517e+00
4.224267871095956473e+00
4.223903605395619820e+00
4.223537443164861571e+00
4.223169382477875544e+00
4.222799421409106024e+00
4.222427558033269079e+00
4.222053790425333908e+00
4.221678116660558366e+00
4.221300534814469430e+00
4.220921042962881842e+00
4.220539639181909664e+00
4.220156321547959166e+00
4.219771088137748372e+00
4.219383937028305276e+00
4.218994866296973179e+00
4.218603874021431110e+00
4.218210958279680511e+00
4.217816117150070987e+00
4.217419348711292315e+00
4.217020651042384216e+00
4.216620022222754116e+00
4.216217460332172706e+00
4.215812963450774831e+00
4.215406529659084356e+00
4.214998157038009730e+00
4.214587843668844869e+00
4.214175587633296693e+00
4.213761387013462922e+00
4.213345239891873817e+00
4.212927144351458431e+00
4.212507098475588130e+00
4.212085100348065048e+00
4.211661148053126524e+00
4.211235239675463760e+00
4.210807373300221812e+00
4.210377547013007593e+00
4.209945758899892532e+00
4.209512007047429449e+00
4.209076289542647231e+00
4.208638604473071254e+00
4.208198949926719834e+00
4.207757323992122878e+00
4.207313724758302342e+00
4.206868150314821087e+00
4.206420598751748230e+00
4.205971068159698234e+00
4.205519556629819355e+00
4.205066062253807857e+00
4.204610583123908896e+00
4.204153117332935174e+00
4.203693662974267831e+00
4.203232218141859100e+00
4.202768780930246528e+00
4.202303349434556523e+00
4.201835921750510572e+00
4.201366495974440340e+00
4.200895070203285897e+00
4.200421642534607258e+00
4.199946211066588830e+00
4.199468773898056284e+00
4.198989329128466785e+00
4.198507874857932975e+00
4.198024409187224748e+00
4.197538930217771025e+00
4.197051436051673967e+00
4.196561924791716969e+00
4.196070394541365545e+00
4.195576843404784206e+00
4.195081269486835573e+00
4.194583670893091032e+00
4.194084045729836063e+00
4.193582392104086232e+00
4.193078708123588960e+00
4.192572991896823531e+00
4.192065241533025954e+00
4.191555455142179198e+00
4.191043630835032729e+00
4.190529766723101623e+00
4.190013860918689659e+00
4.189495911534876882e+00
4.188975916685537371e+00
4.188453874485349893e+00
4.187929783049798793e+00
4.187403640495191759e+00
4.186875444938655377e+00
4.186345194498148459e+00
4.185812887292471807e+00
4.185278521441279764e+00
4.184742095065073997e+00
4.184203606285228361e+00
4.183663053223986239e+00
4.183120434004467647e+00
4.182575746750686108e+00
4.182028989587548651e+00
4.181480160640870025e+00
4.180929258037369145e+00
4.180376279904696624e+00
4.179821224371424115e+00
4.179264089567062967e+00
4.178704873622067772e+00
4.178143574667843474e+00
4.177580190836765794e+00
4.177014720262167913e+00
4.176447161078370662e+00
4.175877511420670096e+00
4.175305769425365909e+00
4.174731933229762326e+00
4.174156000972167213e+00
4.173577970791908065e+00
4.172997840829335559e+00
4.172415609225842204e+00
4.171831274123863231e+00
4.171244833666881924e+00
4.170656285999444712e+00
4.170065629267169172e+00
4.169472861616749348e+00
4.168877981195961091e+00
4.168280986153680701e+00
4.167681874639885820e+00
4.167080644805663425e+00
4.166477294803223153e+00
4.165871822785899958e+00
4.165264226908170109e+00
4.164654505325651179e+00
4.164042656195119818e+00
4.163428677674509082e+00
4.162812567922934193e+00
4.162194325100680103e+00
4.161573947369222815e+00
4.160951432891243584e+00
4.160326779830619159e+00
4.159699986352448420e+00
4.159071050623054155e+00
4.158439970809988395e+00
4.157806745082045730e+00
4.157171371609273081e+00
4.156533848562976807e+00
4.155894174115725370e+00
4.155252346441372424e+00
4.154608363715050601e+00
4.153962224113191049e+00
4.153313925813525209e+00
4.152663466995102581e+00
4.152010845838290720e+00
4.151356060524784120e+00
4.150699109237622864e+00
4.150039990161194403e+00
4.149378701481242437e+00
4.148715241384876684e+00
4.148049608060585314e+00
4.147381799698239391e+00
4.146711814489101755e+00
4.146039650625843009e+00
4.145365306302549513e+00
4.144688779714715388e+00
4.144010069059278933e+00
4.143329172534615523e+00
4.142646088340542931e+00
4.141960814678346203e+00
4.141273349750775878e+00
4.140583691762050655e+00
4.139891838917891143e+00
4.139197789425495877e+00
4.138501541493584845e+00
4.137803093332375504e+00
4.137102443153632514e+00
4.136399589170633995e+00
4.135694529598216818e+00
4.134987262652755291e+00
4.134277786552194023e+00
4.133566099516047032e+00
4.132852199765411960e+00
4.132136085522975399e+00
4.131417755013014670e+00
4.130697206461429793e+00
4.129974438095732836e+00
4.129249448145067447e+00
4.128522234840215965e+00
4.127792796413602083e+00
4.127061131099312163e+00
4.126327237133106784e+00
4.125591112752410083e+00
4.124852756196421666e+00
4.124112165705813737e+00
4.123369339523161869e+00
4.122624275892708745e+00
4.121876973060421001e+00
4.121127429273998999e+00
4.120375642782884817e+00
4.119621611838279129e+00
4.118865334693151858e+00
4.118106809602244844e+00
4.117346034822081613e+00
4.116583008610992245e+00
4.115817729229097388e+00
4.115050194938343786e+00
4.114280404002498948e+00
4.113508354687168911e+00
4.112734045259801796e+00
4.111957473989702905e+00
4.111178639148042713e+00
4.110397539007869305e+00
4.109614171844111041e+00
4.108828535933598758e+00
4.108040629555056888e+00
4.107250450989146096e+00
4.106457998518435737e+00
4.105663270427442946e+00
4.104866265002635295e+00
4.104066980532423692e+00
4.103265415307205011e+00
4.102461567619335447e+00
4.101655435763171376e+00
4.100847018035070235e+00
4.100036312733386978e+00
4.099223318158505158e+00
4.098408032612832486e+00
4.097590454400826587e+00
4.096770581828982571e+00
4.095948413205863226e+00
4.095123946842106122e+00
4.094297181050427170e+00
4.093468114145637493e+00
4.092636744444648755e+00
4.091803070266485598e+00
4.090967089932298073e+00
4.090128801765372302e+00
4.089288204091139356e+00
4.088445295237192134e+00
4.087600073533288914e+00
4.086752537311360456e+00
4.085902684905532212e+00
4.085050514652125209e+00
4.084196024889668486e+00
4.083339213958924852e+00
4.082480080202871342e+00
4.081618621966739191e+00
4.080754837598004947e+00
4.079888725446415343e+00
4.079020283863989960e+00
4.078149511205032773e+00
4.077276405826147254e+00
4.076400966086241695e+00
4.075523190346546087e+00
4.074643076970619227e+00
4.073760624324356705e+00
4.072875830776005124e+00
4.071988694696178079e+00
4.071099214457866822e+00
4.070207388436437590e+00
4.069313215009665363e+00
4.068416692557719649e+00
4.067517819463198236e+00
4.066616594111119198e+00
4.065713014888951093e+00
4.064807080186602306e+00
4.063898788396453021e+00
4.062988137913356113e+00
4.062075127134648689e+00
4.061159754460160087e+00
4.060242018292239408e+00
4.059321917035740412e+00
4.058399449098058831e+00
4.057474612889121701e+00
4.056547406821427337e+00
4.055617829310015132e+00
4.054685878772519736e+00
4.053751553629146187e+00
4.052814852302708104e+00
4.051875773218633014e+00
4.050934314804969461e+00
4.049990475492396769e+00
4.049044253714241925e+00
4.048095647906484906e+00
4.047144656507777327e+00
4.046191277959448662e+00
4.045235510705521342e+00
4.044277353192718749e+00
4.043316803870478537e+00
4.042353861190967734e+00
4.041388523609088956e+00
4.040420789582491956e+00
4.039450657571590497e+00
4.038478126039573901e+00
4.037503193452412376e+00
4.036525858278877443e+00
4.035546118990538389e+00
4.034563974061802227e+00
4.033579421969888834e+00
4.032592461194875355e+00
4.031603090219690877e+00
4.030611307530128862e+00
4.029617111614864022e+00
4.028620500965460316e+00
4.027621474076391372e+00
4.026620029445045823e+00
4.025616165571740623e+00
4.024609880959727271e+00
4.023601174115215784e+00
4.022590043547375593e+00
4.021576487768352415e+00
4.020560505293284237e+00
4.019542094640299545e+00
4.018521254330546633e+00
4.017497982888198038e+00
4.016472278840459431e+00
4.015444140717582933e+00
4.014413567052890208e+00
4.013380556382768027e+00
4.012345107246693132e+00
4.011307218187235790e+00
4.010266887750075782e+00
4.009224114484024604e+00
4.008178896941015701e+00
4.007131233676139104e+00
4.006081123247631659e+00
4.005028564216922327e+00
4.003973555148599317e+00
4.002916094610458941e+00
4.001856181173510940e+00
4.000793813411982924e+00
3.999728989903334586e+00
3.998661709228282124e+00
3.997591969970783587e+00
3.996519770718085507e+00
3.995445110060708238e+00
3.994367986592468167e+00
3.993288398910497694e+00
3.992206345615246121e+00
3.991121825310501858e+00
3.990034836603391089e+00
3.988945378104407968e+00
3.987853448427420400e+00
3.986759046189671807e+00
3.985662170011812222e+00
3.984562818517900951e+00
3.983460990335415897e+00
3.982356684095277100e+00
3.981249898431850287e+00
3.980140631982959754e+00
3.979028883389915894e+00
3.977914651297504545e+00
3.976797934354016295e+00
3.975678731211255368e+00
3.974557040524547613e+00
3.973432860952765822e+00
3.972306191158335498e+00
3.971177029807236636e+00
3.970045375569041024e+00
3.968911227116902918e+00
3.967774583127577248e+00
3.966635442281449819e+00
3.965493803262525319e+00
3.964349664758452185e+00
3.963203025460539486e+00
3.962053884063765352e+00
3.960902239266786751e+00
3.959748089771965684e+00
3.958591434285358535e+00
3.957432271516755584e+00
3.956270600179680574e+00
3.955106418991401807e+00
3.953939726672951682e+00
3.952770521949137805e+00
3.951598803548563410e+00
3.950424570203618924e+00
3.949247820650522822e+00
3.948068553629313637e+00
3.946886767883876601e+00
3.945702462161949864e+00
3.944515635215144922e+00
3.943326285798943065e+00
3.942134412672734456e+00
3.940940014599815910e+00
3.939743090347396226e+00
3.938543638686631709e+00
3.937341658392621735e+00
3.936137148244430950e+00
3.934930107025096380e+00
3.933720533521653184e+00
3.932508426525132883e+00
3.931293784830586890e+00
3.930076607237095399e+00
3.928856892547786028e+00
3.927634639569840935e+00
3.926409847114512797e+00
3.925182513997150124e+00
3.923952639037183943e+00
3.922720221058173085e+00
3.921485258887792202e+00
3.920247751357863741e+00
3.919007697304355275e+00
3.917765095567414591e+00
3.916519944991357249e+00
3.915272244424708781e+00
3.914021992720186027e+00
3.912769188734748216e+00
3.911513831329577418e+00
3.910255919370110078e+00
3.908995451726049453e+00
3.907732427271377151e+00
3.906466844884365575e+00
3.905198703447592568e+00
3.903928001847960516e+00
3.902654738976701232e+00
3.901378913729403930e+00
3.900100525006006347e+00
3.898819571710838705e+00
3.897536052752607283e+00
3.896249967044431273e+00
3.894961313503851219e+00
3.893670091052833460e+00
3.892376298617794994e+00
3.891079935129611478e+00
3.889780999523636318e+00
3.888479490739707334e+00
3.887175407722174292e+00
3.885868749419895796e+00
3.884559514786269041e+00
3.883247702779234700e+00
3.881933312361294242e+00
3.880616342499523252e+00
3.879296792165588315e+00
3.877974660335761214e+00
3.876649945990924273e+00
3.875322648116594770e+00
3.873992765702943153e+00
3.872660297744794811e+00
3.871325243241649172e+00
3.869987601197697913e+00
3.868647370621833836e+00
3.867304550527673968e+00
3.865959139933557775e+00
3.864611137862582702e+00
3.863260543342598829e+00
3.861907355406242193e+00
3.860551573090927224e+00
3.859193195438886725e+00
3.857832221497166980e+00
3.856468650317647739e+00
3.855102480957059541e+00
3.853733712476989481e+00
3.852362343943915413e+00
3.850988374429197947e+00
3.849611803009111100e+00
3.848232628764846286e+00
3.846850850782530085e+00
3.845466468153249107e+00
3.844079479973051772e+00
3.842689885342961631e+00
3.841297683369004012e+00
3.839902873162211794e+00
3.838505453838644055e+00
3.837105424519397623e+00
3.835702784330624393e+00
3.834297532403545983e+00
3.832889667874467499e+00
3.831479189884795300e+00
3.830066097581048989e+00
3.828650390114876956e+00
3.827232066643068364e+00
3.825811126327574030e+00
3.824387568335510856e+00
3.822961391839192924e+00
3.821532596016126160e+00
3.820101180049046974e+00
3.818667143125918706e+00
3.817230484439952054e+00
3.815791203189623726e+00
3.814349298578688430e+00
3.812904769816197970e+00
3.811457616116499469e+00
3.810007836699269124e+00
3.808555430789521967e+00
3.807100397617624310e+00
3.805642736419310612e+00
3.804182446435697695e+00
3.802719526913306947e+00
3.801253977104063431e+00
3.799785796265335858e+00
3.798314983659928590e+00
3.796841538556103401e+00
3.795365460227592358e+00
3.793886747953627570e+00
3.792405401018935862e+00
3.790921418713770752e+00
3.789434800333920439e+00
3.787945545180717577e+00
3.786453652561065475e+00
3.784959121787443870e+00
3.783461952177933796e+00
3.781962143056222025e+00
3.780459693751630823e+00
3.778954603599120610e+00
3.777446871939307282e+00
3.775936498118476869e+00
3.774423481488608623e+00
3.772907821407381679e+00
3.771389517238197264e+00
3.769868568350200455e+00
3.768344974118273960e+00
3.766818733923066542e+00
3.765289847151006786e+00
3.763758313194321303e+00
3.762224131451052944e+00
3.760687301325072784e+00
3.759147822226101887e+00
3.757605693569709970e+00
3.756060914777332282e+00
3.754513485276299800e+00
3.752963404499851663e+00
3.751410671887150716e+00
3.749855286883297723e+00
3.748297248939356230e+00
3.746736557512340582e+00
3.745173212065254553e+00
3.743607212067109558e+00
3.742038556992933973e+00
3.740467246323774919e+00
3.738893279546732451e+00
3.737316656154979988e+00
3.735737375647777636e+00
3.734155437530456201e+00
3.732570841314471810e+00
3.730983586517420569e+00
3.729393672663045223e+00
3.727801099281232045e+00
3.726205865908047699e+00
3.724607972085769436e+00
3.723007417362913074e+00
3.721404201294163272e+00
3.719798323440469012e+00
3.718189783369060031e+00
3.716578580653462804e+00
3.714964714873485452e+00
3.713348185615273689e+00
3.711728992471293065e+00
3.710107135040373816e+00
3.708482612927750832e+00
3.706855425745010812e+00
3.705225573110224602e+00
3.703593054647875249e+00
3.701957869988907301e+00
3.700320018770848485e+00
3.698679500637642281e+00
3.697036315239849991e+00
3.695390462234679152e+00
3.693741941285974661e+00
3.692090752064267178e+00
3.690436894246877042e+00
3.688780367517979109e+00
3.687121171568657818e+00
3.685459306097166987e+00
3.683794770808838770e+00
3.682127565416676962e+00
3.680457689641456032e+00
3.678785143212271791e+00
3.677109925867290574e+00
3.676146588894202427e+00
3.675211983711416330e+00
3.674361412221462508e+00
3.673542586733528292e+00
3.672805187098813207e+00
3.672067425218985104e+00
3.671443533052646035e+00
3.670819274723706283e+00
3.670229072715843088e+00
3.669718740075644803e+00
3.669208163234720654e+00
3.668697342186680643e+00
3.668300284067013806e+00
3.667903882099190938e+00
3.667507333296397221e+00
3.667110637655745631e+00
3.666797649057838004e+00
3.666515982964557274e+00
3.666234242930340947e+00
3.665952428954181386e+00
3.665670541035075392e+00
3.665388579172028205e+00
3.665190199792716541e+00
3.665024905691586454e+00
3.664859586197714236e+00
3.664694241310904044e+00
3.664528871030959589e+00
3.664363475357681477e+00
3.664198054290878748e+00
3.664032607830354227e+00
3.663867135975912070e+00
3.663701638727360876e+00
3.663611204964509316e+00
3.663609449839639431e+00
3.663607694711921159e+00
3.663605939581344728e+00
3.663604184447912360e+00
3.663602429311626274e+00
3.663600674172489580e+00
3.663598919030491174e+00
3.663597163885640828e+00
3.663595408737935877e+00
3.663593653587377208e+00
3.663591898433961269e+00
3.663590143277693389e+00
3.663588388118567352e+00
3.663586632956588929e+00
3.663584877791755012e+00
3.663583122624064714e+00
3.663581367453522475e+00
3.663579612280126074e+00
3.663577857103871516e+00
3.663576101924763684e+00
3.663574346742799914e+00
3.663572591557983760e+00
3.663570836370311223e+00
3.663569081179782305e+00
3.663567325986401446e+00
3.663565570790162429e+00
3.663563815591071915e+00
3.663562060389126351e+00
3.663560305184322630e+00
3.663558549976666967e+00
3.663556794766156255e+00
3.663555039552790937e+00
3.663553284336568794e+00
3.663551529117494265e+00
3.663549773895564243e+00
3.663548018670779616e+00
3.663546263443136830e+00
3.663544508212642548e+00
3.663542752979291883e+00
3.663540997743089278e+00
3.663539242504029403e+00
3.663537487262115810e+00
3.663535732017346724e+00
3.663533976769721257e+00
3.663532221519242071e+00
3.663530466265909613e+00
3.663528711009720773e+00
3.663526955750677327e+00
3.663525200488779721e+00
3.663523445224027508e+00
3.663521689956419358e+00
3.663519934685956603e+00
3.663518179412638798e+00
3.663516424136467720e+00
3.663514668857438927e+00
3.663512913575557306e+00
3.663511158290819303e+00
3.663509403003229803e+00
3.663507647712783921e+00
3.663505892419483434e+00
3.663504137123324789e+00
3.663502381824317755e+00
3.663500626522449455e+00
3.663498871217728325e+00
3.663497115910154811e+00
3.663495360599721806e+00
3.663493605286438193e+00
3.663491849970299530e+00
3.663490094651302265e+00
3.663488339329453058e+00
3.663486584004749247e+00
3.663484828677190386e+00
3.663483073346775587e+00
3.663481318013508847e+00
3.663479562677383061e+00
3.663477807338404890e+00
3.663476051996571670e+00
3.663474296651884732e+00
3.663472541304340524e+00
3.663470785953943931e+00
3.663469030600689180e+00
3.663467275244582488e+00
3.663465519885620303e+00
3.663463764523802624e+00
3.663462009159130339e+00
3.663460253791603893e+00
3.663458498421221954e+00
3.663456743047983633e+00
3.663454987671893814e+00
3.663453232292947614e+00
3.663451476911146365e+00
3.663449721526490510e+00
3.663447966138980050e+00
3.663446210748612764e+00
3.663444455355393092e+00
3.663442699959318816e+00
3.663440944560388157e+00
3.663439189158601561e+00
3.663437433753963024e+00
3.663435678346466773e+00
3.663433922936118581e+00
3.663432167522913563e+00
3.663430412106854384e+00
3.663428656687940155e+00
3.663426901266172653e+00
3.663425145841550101e+00
3.663423390414069392e+00
3.663421634983734965e+00
3.663419879550546376e+00
3.663418124114504515e+00
3.663416368675606716e+00
3.663414613233854755e+00
3.663412857789245081e+00
3.663411102341782133e+00
3.663409346891465912e+00
3.663407591438294197e+00
3.663405835982265657e+00
3.663404080523385620e+00
3.663402325061647868e+00
3.663400569597055512e+00
3.663398814129611658e+00
3.663397058659306982e+00
3.663395303186151253e+00
3.663393547710141807e+00
3.663391792231275090e+00
3.663390036749555545e+00
3.663388281264979618e+00
3.663386525777548197e+00
3.663384770287263059e+00
3.663383014794123316e+00
3.663381259298127635e+00
3.663379503799277792e+00
3.663377748297574232e+00
3.663375992793015179e+00
3.663374237285599744e+00
3.663372481775332368e+00
3.663370726262208166e+00
3.663368970746228026e+00
3.663367215227393281e+00
3.663365459705707039e+00
3.663363704181163083e+00
3.663361948653764966e+00
3.663360193123510022e+00
3.663358437590402250e+00
3.663356682054441205e+00
3.663354926515623333e+00
3.663353170973950856e+00
3.663351415429421998e+00
3.663349659882040310e+00
3.663347904331804461e+00
3.663346148778710010e+00
3.663344393222766282e+00
3.663342637663962620e+00
3.663340882102307017e+00
3.663339126537795920e+00
3.663337370970428442e+00
3.663335615400206802e+00
3.663333859827131000e+00
3.663332104251201926e+00
3.663330348672413805e+00
3.663328593090775964e+00
3.663326837506279965e+00
3.663325081918928472e+00
3.663323326328725038e+00
3.663321570735663446e+00
3.663319815139749913e+00
3.663318059540981775e+00
3.663316303939355034e+00
3.663314548334875909e+00
3.663312792727540401e+00
3.663311037117353397e+00
3.663309281504307791e+00
3.663307525888410243e+00
3.663305770269656758e+00
3.663304014648046891e+00
3.663302259023584195e+00
3.663300503396266450e+00
3.663298747766092323e+00
3.663296992133064478e+00
3.663295236497181140e+00
3.663293480858444084e+00
3.663291725216851535e+00
3.663289969572404381e+00
3.663288213925103065e+00
3.663286458274944035e+00
3.663284702621932620e+00
3.663282946966066600e+00
3.663281191307344198e+00
3.663279435645768523e+00
3.663277679981337798e+00
3.663275924314048915e+00
3.663274168643908979e+00
3.663272412970912661e+00
3.663270657295061739e+00
3.663268901616355322e+00
3.663267145934796076e+00
3.663265390250379117e+00
3.663263634563110216e+00
3.663261878872984934e+00
3.663260123180003713e+00
3.663258367484170108e+00
3.663256611785479233e+00
3.663254856083935529e+00
3.663253100379533667e+00
3.663251344672282084e+00
3.663249588962169234e+00
3.663247833249206664e+00
3.663246077533387712e+00
3.663244321814714599e+00
3.663242566093184216e+00
3.663240810368802336e+00
3.663239054641562298e+00
3.663237298911469875e+00
3.663235543178521070e+00
3.663233787442719880e+00
3.663232031704060532e+00
3.663230275962548799e+00
3.663228520218182460e+00
3.663226764470957075e+00
3.663225008720880638e+00
3.663223252967949151e+00
3.663221497212160394e+00
3.663219741453518807e+00
3.663217985692023060e+00
3.663216229927670486e+00
3.663214474160464196e+00
3.663212718390402856e+00
3.663210962617486022e+00
3.663209206841714138e+00
3.663207451063089870e+00
3.663205695281607444e+00
3.663203939497270412e+00
3.663202183710080995e+00
3.663200427920034308e+00
3.663198672127134792e+00
3.663196916331378450e+00
3.663195160532768835e+00
3.663193404731304170e+00
3.663191648926984456e+00
3.663189893119807916e+00
3.663188137309778991e+00
3.663186381496895905e+00
3.663184625681154660e+00
3.663182869862561919e+00
3.663181114041110131e+00
3.663179358216807735e+00
3.663177602389647625e+00
3.663175846559634685e+00
3.663174090726767140e+00
3.663172334891040993e+00
3.663170579052464237e+00
3.663168823211031544e+00
3.663167067366742469e+00
3.663165311519600120e+00
3.663163555669600946e+00
3.663161799816748943e+00
3.663160043961038781e+00
3.663158288102478011e+00
3.663156532241060415e+00
3.663154776376788657e+00
3.663153020509660518e+00
3.663151264639678217e+00
3.663149508766840867e+00
3.663147752891148912e+00
3.663145997012603239e+00
3.663144241131201628e+00
3.663142485246944968e+00
3.663140729359833259e+00
3.663138973469865611e+00
3.663137217577046911e+00
3.663135461681370941e+00
3.663133705782838145e+00
3.663131949881452964e+00
3.663130193977210514e+00
3.663128438070116122e+00
3.663126682160166681e+00
3.663124926247359525e+00
3.663123170331698653e+00
3.663121414413184507e+00
3.663119658491815311e+00
3.663117902567588402e+00
3.663116146640510884e+00
3.663114390710576096e+00
3.663112634777786703e+00
3.663110878842144036e+00
3.663109122903642767e+00
3.663107366962288225e+00
3.663105611018081298e+00
3.663103855071016213e+00
3.663102099121095634e+00
3.663100343168320894e+00
3.663098587212694213e+00
3.663096831254209373e+00
3.663095075292872593e+00
3.663093319328677211e+00
3.663091563361630332e+00
3.663089807391727071e+00
3.663088051418970981e+00
3.663086295443358953e+00
3.663084539464889655e+00
3.663082783483567528e+00
3.663081027499389908e+00
3.663079271512356350e+00
3.663077515522469074e+00
3.663075759529728526e+00
3.663074003534130263e+00
3.663072247535677839e+00
3.663070491534372586e+00
3.663068735530208286e+00
3.663066979523193378e+00
3.663065223513321200e+00
3.663063467500595305e+00
3.663061711485014804e+00
3.663059955466578366e+00
3.663058199445285990e+00
3.663056443421140784e+00
3.663054687394140085e+00
3.663052931364284337e+00
3.663051175331573539e+00
3.663049419296008136e+00
3.663047663257585906e+00
3.663045907216312180e+00
3.663044151172182072e+00
3.663042395125198247e+00
3.663040639075357152e+00
3.663038883022661896e+00
3.663037126967113366e+00
3.663035370908707566e+00
3.663033614847448050e+00
3.663031858783334371e+00
3.663030102716364311e+00
3.663028346646540534e+00
3.663026590573861707e+00
3.663024834498326499e+00
3.663023078419938461e+00
3.663021322338694485e+00
3.663019566254595016e+00
3.663017810167641386e+00
3.663016054077834482e+00
3.663014297985168977e+00
3.663012541889649754e+00
3.663010785791277701e+00
3.663009029690050156e+00
3.663007273585966672e+00
3.663005517479030804e+00
3.663003761369237665e+00
3.663002005256589033e+00
3.663000249141087572e+00
3.662998493022727065e+00
3.662996736901514616e+00
3.662994980777449783e+00
3.662993224650527235e+00
3.662991468520749194e+00
3.662989712388117436e+00
3.662987956252631516e+00
3.662986200114287882e+00
3.662984443973092308e+00
3.662982687829042572e+00
3.662980931682133789e+00
3.662979175532374398e+00
3.662977419379757293e+00
3.662975663224286471e+00
3.662973907065959267e+00
3.662972150904778346e+00
3.662970394740742375e+00
3.662968638573850466e+00
3.662966882404106617e+00
3.662965126231504165e+00
3.662963370056050216e+00
3.662961613877739886e+00
3.662959857696574062e+00
3.662958101512553633e+00
3.662956345325680374e+00
3.662954589135948069e+00
3.662952832943363379e+00
3.662951076747923640e+00
3.662949320549627963e+00
3.662947564348479901e+00
3.662945808144475013e+00
3.662944051937616408e+00
3.662942295727899644e+00
3.662940539515332716e+00
3.662938783299908518e+00
3.662937027081627495e+00
3.662935270860493642e+00
3.662933514636505183e+00
3.662931758409661676e+00
3.662930002179962674e+00
3.662928245947410844e+00
3.662926489712000855e+00
3.662924733473737149e+00
3.662922977232619726e+00
3.662921220988645477e+00
3.662919464741818398e+00
3.662917708492135382e+00
3.662915952239597317e+00
3.662914195984202426e+00
3.662912439725956038e+00
3.662910683464852823e+00
3.662908927200895892e+00
3.662907170934082579e+00
3.662905414664413328e+00
3.662903658391892137e+00
3.662901902116516339e+00
3.662900145838282384e+00
3.662898389557197376e+00
3.662896633273254654e+00
3.662894876986457771e+00
3.662893120696806282e+00
3.662891364404300187e+00
3.662889608108936379e+00
3.662887851810722406e+00
3.662886095509650275e+00
3.662884339205722206e+00
3.662882582898940420e+00
3.662880826589305805e+00
3.662879070276815696e+00
3.662877313961466541e+00
3.662875557643267665e+00
3.662873801322211964e+00
3.662872044998300769e+00
3.662870288671534968e+00
3.662868532341913674e+00
3.662866776009438219e+00
3.662865019674109046e+00
3.662863263335921715e+00
3.662861506994881555e+00
3.662859750650986346e+00
3.662857994304236975e+00
3.662856237954631666e+00
3.662854481602171308e+00
3.662852725246858121e+00
3.662850968888686776e+00
3.662849212527663045e+00
3.662847456163782933e+00
3.662845699797047772e+00
3.662843943427458893e+00
3.662842187055015408e+00
3.662840430679716430e+00
3.662838674301560626e+00
3.662836917920552438e+00
3.662835161536688755e+00
3.662833405149969579e+00
3.662831648760394909e+00
3.662829892367967410e+00
3.662828135972682198e+00
3.662826379574543711e+00
3.662824623173550620e+00
3.662822866769703367e+00
3.662821110362997512e+00
3.662819353953440160e+00
3.662817597541025982e+00
3.662815841125757643e+00
3.662814084707634699e+00
3.662812328286656705e+00
3.662810571862824105e+00
3.662808815436138676e+00
3.662807059006592425e+00
3.662805302574194233e+00
3.662803546138942767e+00
3.662801789700834032e+00
3.662800033259873356e+00
3.662798276816055854e+00
3.662796520369383746e+00
3.662794763919855701e+00
3.662793007467473494e+00
3.662791251012238014e+00
3.662789494554144820e+00
3.662787738093198353e+00
3.662785981629394616e+00
3.662784225162738050e+00
3.662782468693227322e+00
3.662780712220861101e+00
3.662778955745640719e+00
3.662777199267561290e+00
3.662775442786631253e+00
3.662773686302843501e+00
3.662771929816203365e+00
3.662770173326708179e+00
3.662768416834356167e+00
3.662766660339150437e+00
3.662764903841089215e+00
3.662763147340172942e+00
3.662761390836401620e+00
3.662759634329776137e+00
3.662757877820293828e+00
3.662756121307958690e+00
3.662754364792768058e+00
3.662752608274723709e+00
3.662750851753822534e+00
3.662749095230066754e+00
3.662747338703457256e+00
3.662745582173990488e+00
3.662743825641670892e+00
3.662742069106496690e+00
3.662740312568466994e+00
3.662738556027580916e+00
3.662736799483842454e+00
3.662735042937244945e+00
3.662733286387795939e+00
3.662731529835492328e+00
3.662729773280331447e+00
3.662728016722317737e+00
3.662726260161448533e+00
3.662724503597722947e+00
3.662722747031143200e+00
3.662720990461708848e+00
3.662719233889420778e+00
3.662717477314275882e+00
3.662715720736278158e+00
3.662713964155422275e+00
3.662712207571713563e+00
3.662710450985151134e+00
3.662708694395731879e+00
3.662706937803458906e+00
3.662705181208329108e+00
3.662703424610345149e+00
3.662701668009506140e+00
3.662699911405812525e+00
3.662698154799263861e+00
3.662696398189859703e+00
3.662694641577601828e+00
3.662692884962489792e+00
3.662691128344521374e+00
3.662689371723696574e+00
3.662687615100018501e+00
3.662685858473486267e+00
3.662684101844098983e+00
3.662682345211856205e+00
3.662680588576757490e+00
3.662678831938804169e+00
3.662677075297997575e+00
3.662675318654333267e+00
3.662673562007815242e+00
3.662671805358443500e+00
3.662670048706216708e+00
3.662668292051133090e+00
3.662666535393197087e+00
3.662664778732405146e+00
3.662663022068756380e+00
3.662661265402255673e+00
3.662659508732898583e+00
3.662657752060685112e+00
3.662655995385618368e+00
3.662654238707696575e+00
3.662652482026920175e+00
3.662650725343287839e+00
3.662648968656800896e+00
3.662647211967459793e+00
3.662645455275260975e+00
3.662643698580211105e+00
3.662641941882304408e+00
3.662640185181542662e+00
3.662638428477925867e+00
3.662636671771453578e+00
3.662634915062127128e+00
3.662633158349946960e+00
3.662631401634909079e+00
3.662629644917019256e+00
3.662627888196273496e+00
3.662626131472670910e+00
3.662624374746215050e+00
3.662622618016905474e+00
3.662620861284737739e+00
3.662619104549718063e+00
3.662617347811842006e+00
3.662615591071109122e+00
3.662613834327524298e+00
3.662612077581083980e+00
3.662610320831787281e+00
3.662608564079637308e+00
3.662606807324632729e+00
3.662605050566772658e+00
3.662603293806055760e+00
3.662601537042486477e+00
3.662599780276061701e+00
3.662598023506780986e+00
3.662596266734645223e+00
3.662594509959654854e+00
3.662592753181810323e+00
3.662590996401109411e+00
3.662589239617555670e+00
3.662587482831146435e+00
3.662585726041878598e+00
3.662583969249760152e+00
3.662582212454783548e+00
3.662580455656955891e+00
3.662578698856270520e+00
3.662576942052730544e+00
3.662575185246335518e+00
3.662573428437085887e+00
3.662571671624979874e+00
3.662569914810023253e+00
3.662568157992207585e+00
3.662566401171536867e+00
3.662564644348012877e+00
3.662562887521633836e+00
3.662561130692399303e+00
3.662559373860309719e+00
3.662557617025367751e+00
3.662555860187568957e+00
3.662554103346912004e+00
3.662552346503403555e+00
3.662550589657040501e+00
3.662548832807821064e+00
3.662547075955747466e+00
3.662545319100819263e+00
3.662543562243033346e+00
3.662541805382395044e+00
3.662540048518900804e+00
3.662538291652552847e+00
3.662536534783348952e+00
3.662534777911290451e+00
3.662533021036377345e+00
3.662531264158609190e+00
3.662529507277985097e+00
3.662527750394505954e+00
3.662525993508172650e+00
3.662524236618984297e+00
3.662522479726940450e+00
3.662520722832043329e+00
3.662518965934291160e+00
3.662517209033679055e+00
3.662515452130218563e+00
3.662513695223899912e+00
3.662511938314726212e+00
3.662510181402696574e+00
3.662508424487814107e+00
3.662506667570078367e+00
3.662504910649484913e+00
3.662503153726035077e+00
3.662501396799734188e+00
3.662499639870575141e+00
3.662497882938562821e+00
3.662496126003694119e+00
3.662494369065973032e+00
3.662492612125393343e+00
3.662490855181962601e+00
3.662489098235673701e+00
3.662487341286530196e+00
3.662485584334535638e+00
3.662483827379679813e+00
3.662482070421975600e+00
3.662480313461410120e+00
3.662478556497992699e+00
3.662476799531722449e+00
3.662475042562594041e+00
3.662473285590610583e+00
3.662471528615773853e+00
3.662469771638080740e+00
3.662468014657534354e+00
3.662466257674131143e+00
3.662464500687875990e+00
3.662462743698763568e+00
3.662460986706795651e+00
3.662459229711974906e+00
3.662457472714298223e+00
3.662455715713764270e+00
3.662453958710378821e+00
3.662452201704136101e+00
3.662450444695039664e+00
3.662448687683086845e+00
3.662446930668281642e+00
3.662445173650617392e+00
3.662443416630101645e+00
3.662441659606731292e+00
3.662439902580502338e+00
3.662438145551422775e+00
3.662436388519485941e+00
3.662434631484692282e+00
3.662432874447047126e+00
3.662431117406546033e+00
3.662429360363186337e+00
3.662427603316977365e+00
3.662425846267912011e+00
3.662424089215987610e+00
3.662422332161213490e+00
3.662420575103581211e+00
3.662418818043093438e+00
3.662417060979754613e+00
3.662415303913557185e+00
3.662413546844506929e+00
3.662411789772599846e+00
3.662410032697839046e+00
3.662408275620222753e+00
3.662406518539750966e+00
3.662404761456424129e+00
3.662403004370242687e+00
3.662401247281207528e+00
3.662399490189315543e+00
3.662397733094570285e+00
3.662395975996968200e+00
3.662394218896513287e+00
3.662392461793200660e+00
3.662390704687036092e+00
3.662388947578013809e+00
3.662387190466137810e+00
3.662385433351407205e+00
3.662383676233822438e+00
3.662381919113381734e+00
3.662380161990085092e+00
3.662378404863933401e+00
3.662376647734926660e+00
3.662374890603066202e+00
3.662373133468352471e+00
3.662371376330781025e+00
3.662369619190353642e+00
3.662367862047073874e+00
3.662366104900939501e+00
3.662364347751948301e+00
3.662362590600102052e+00
3.662360833445400754e+00
3.662359076287845738e+00
3.662357319127434785e+00
3.662355561964169670e+00
3.662353804798049062e+00
3.662352047629072960e+00
3.662350290457243140e+00
3.662348533282557383e+00
3.662346776105017465e+00
3.662345018924621165e+00
3.662343261741371592e+00
3.662341504555264748e+00
3.662339747366305076e+00
3.662337990174490354e+00
3.662336232979819250e+00
3.662334475782294430e+00
3.662332718581912783e+00
3.662330961378678751e+00
3.662329204172589225e+00
3.662327446963642874e+00
3.662325689751842805e+00
3.662323932537187687e+00
3.662322175319677520e+00
3.662320418099310970e+00
3.662318660876091592e+00
3.662316903650016719e+00
3.662315146421087242e+00
3.662313389189300494e+00
3.662311631954660474e+00
3.662309874717166291e+00
3.662308117476813951e+00
3.662306360233611002e+00
3.662304602987551227e+00
3.662302845738635959e+00
3.662301088486863421e+00
3.662299331232240274e+00
3.662297573974759413e+00
3.662295816714423058e+00
3.662294059451233874e+00
3.662292302185187864e+00
3.662290544916288582e+00
3.662288787644534249e+00
3.662287030369923091e+00
3.662285273092458660e+00
3.662283515812139623e+00
3.662281758528963316e+00
3.662280001242932848e+00
3.662278243954048662e+00
3.662276486662308983e+00
3.662274729367712922e+00
3.662272972070264032e+00
3.662271214769959204e+00
3.662269457466799771e+00
3.662267700160783068e+00
3.662265942851915312e+00
3.662264185540191175e+00
3.662262428225608879e+00
3.662260670908175086e+00
3.662258913587882692e+00
3.662257156264739688e+00
3.662255398938740303e+00
3.662253641609885424e+00
3.662251884278175940e+00
3.662250126943609629e+00
3.662248369606190490e+00
3.662246612265915413e+00
3.662244854922787063e+00
3.662243097576800110e+00
3.662241340227961217e+00
3.662239582876266386e+00
3.662237825521716506e+00
3.662236068164310687e+00
3.662234310804053816e+00
3.662232553440936123e+00
3.662230796074966932e+00
3.662229038706141804e+00
3.662227281334462070e+00
3.662225523959927731e+00
3.662223766582538342e+00
3.662222009202292572e+00
3.662220251819191308e+00
3.662218494433239435e+00
3.662216737044428516e+00
3.662214979652764324e+00
3.662213222258242862e+00
3.662211464860869903e+00
3.662209707460640118e+00
3.662207950057554395e+00
3.662206192651614955e+00
3.662204435242820466e+00
3.662202677831169151e+00
3.662200920416663674e+00
3.662199162999305813e+00
3.662197405579091125e+00
3.662195648156022720e+00
3.662193890730097046e+00
3.662192133301318098e+00
3.662190375869681436e+00
3.662188618435191056e+00
3.662186860997845628e+00
3.662185103557646482e+00
3.662183346114592286e+00
3.662181588668681265e+00
3.662179831219918302e+00
3.662178073768296738e+00
3.662176316313821900e+00
3.662174558856493345e+00
3.662172801396309296e+00
3.662171043933267089e+00
3.662169286467373386e+00
3.662167528998625521e+00
3.662165771527017277e+00
3.662164014052559757e+00
3.662162256575243635e+00
3.662160499095073796e+00
3.662158741612048907e+00
3.662156984126167192e+00
3.662155226637432648e+00
3.662153469145845275e+00
3.662151711651399744e+00
3.662149954154098719e+00
3.662148196653943533e+00
3.662146439150935517e+00
3.662144681645070232e+00
3.662142924136348121e+00
3.662141166624774069e+00
3.662139409110344079e+00
3.662137651593058152e+00
3.662135894072921616e+00
3.662134136549925589e+00
3.662132379024074513e+00
3.662130621495370608e+00
3.662128863963809877e+00
3.662127106429393653e+00
3.662125348892124599e+00
3.662123591352000940e+00
3.662121833809018678e+00
3.662120076263184476e+00
3.662118318714495668e+00
3.662116561162947814e+00
3.662114803608549352e+00
3.662113046051294507e+00
3.662111288491183725e+00
3.662109530928218337e+00
3.662107773362398344e+00
3.662106015793723301e+00
3.662104258222193209e+00
3.662102500647807624e+00
3.662100743070567876e+00
3.662098985490473524e+00
3.662097227907521901e+00
3.662095470321717894e+00
3.662093712733056616e+00
3.662091955141539845e+00
3.662090197547171133e+00
3.662088439949945151e+00
3.662086682349865452e+00
3.662084924746929371e+00
3.662083167141139128e+00
3.662081409532494725e+00
3.662079651920993051e+00
3.662077894306638548e+00
3.662076136689427663e+00
3.662074379069363950e+00
3.662072621446440301e+00
3.662070863820667377e+00
3.662069106192037182e+00
3.662067348560550162e+00
3.662065590926210756e+00
3.662063833289015857e+00
3.662062075648962800e+00
3.662060318006057802e+00
3.662058560360297754e+00
3.662056802711681769e+00
3.662055045060210734e+00
3.662053287405887314e+00
3.662051529748704848e+00
3.662049772088669108e+00
3.662048014425779208e+00
3.662046256760031149e+00
3.662044499091431593e+00
3.662042741419976100e+00
3.662040983745665113e+00
3.662039226068499076e+00
3.662037468388479766e+00
3.662035710705601854e+00
3.662033953019872001e+00
3.662032195331286211e+00
3.662030437639844926e+00
3.662028679945549037e+00
3.662026922248399874e+00
3.662025164548391665e+00
3.662023406845531071e+00
3.662021649139815871e+00
3.662019891431243401e+00
3.662018133719818103e+00
3.662016376005536422e+00
3.662014618288401469e+00
3.662012860568409689e+00
3.662011102845562416e+00
3.662009345119862314e+00
3.662007587391305830e+00
3.662005829659894740e+00
3.662004071925629045e+00
3.662002314188505636e+00
3.662000556448530286e+00
3.661998798705698999e+00
3.661997040960011329e+00
3.661995283211471275e+00
3.661993525460074395e+00
3.661991767705823797e+00
3.661990009948715485e+00
3.661988252188753901e+00
3.661986494425937710e+00
3.661984736660266915e+00
3.661982978891741070e+00
3.661981221120358843e+00
3.661979463346122454e+00
3.661977705569030572e+00
3.661975947789082309e+00
3.661974190006280772e+00
3.661972432220624185e+00
3.661970674432113437e+00
3.661968916640747640e+00
3.661967158846525905e+00
3.661965401049448232e+00
3.661963643249515066e+00
3.661961885446729514e+00
3.661960127641086249e+00
3.661958369832587934e+00
3.661956612021236790e+00
3.661954854207030596e+00
3.661953096389967133e+00
3.661951338570051284e+00
3.661949580747280386e+00
3.661947822921650886e+00
3.661946065093169445e+00
3.661944307261831622e+00
3.661942549427637417e+00
3.661940791590592603e+00
3.661939033750691408e+00
3.661937275907932943e+00
3.661935518062318984e+00
3.661933760213852640e+00
3.661932002362529914e+00
3.661930244508351695e+00
3.661928486651317982e+00
3.661926728791431440e+00
3.661924970928688960e+00
3.661923213063091875e+00
3.661921455194640185e+00
3.661919697323332112e+00
3.661917939449168102e+00
3.661916181572150375e+00
3.661914423692276710e+00
3.661912665809550216e+00
