9.999999999999995559e-01
1.000001477252027371e+00
1.000002954507271724e+00
1.000004431765734392e+00
1.000005909027414264e+00
1.000007386292311118e+00
1.000008863560426065e+00
1.000010340831757771e+00
1.000011818106306904e+00
1.000013295384073464e+00
1.000014772665057894e+00
1.000016249949258418e+00
1.000017727236678367e+00
1.000019204527314409e+00
1.000020681821168544e+00
1.000022159118240106e+00
1.000023636418529316e+00
1.000025113722034842e+00
1.000026591028759126e+00
1.000028068338700837e+00
1.000029545651859753e+00
1.000031022968235872e+00
1.000032500287829862e+00
1.000033977610641500e+00
1.000035454936670565e+00
1.000036932265917278e+00
1.000038409598381861e+00
1.000039886934063205e+00
1.000041364272963085e+00
1.000042841615079947e+00
1.000044318960415124e+00
1.000045796308967505e+00
1.000047273660737090e+00
1.000048751015724546e+00
1.000050228373930095e+00
1.000051705735352847e+00
1.000053183099993470e+00
1.000054660467852186e+00
1.000056137838928105e+00
1.000057615213221673e+00
1.000059092590733334e+00
1.000060569971462199e+00
1.000062047355408934e+00
1.000063524742573540e+00
1.000065002132956016e+00
1.000066479526556140e+00
1.000067956923373691e+00
1.000069434323409334e+00
1.000070911726662626e+00
1.000072389133133788e+00
1.000073866542823264e+00
1.000075343955729279e+00
1.000076821371854274e+00
1.000078298791196696e+00
1.000079776213756766e+00
1.000081253639535150e+00
1.000082731068531627e+00
1.000084208500745309e+00
1.000085685936176638e+00
1.000087163374826726e+00
1.000088640816693797e+00
1.000090118261779404e+00
1.000091595710082437e+00
1.000093073161604007e+00
1.000094550616343225e+00
1.000096028074300758e+00
1.000097505535474829e+00
1.000098982999868324e+00
1.000100460467479024e+00
1.000101937938308039e+00
1.000103415412354702e+00
1.000104892889619679e+00
1.000106370370102526e+00
1.000107847853803245e+00
1.000109325340722721e+00
1.000110802830859846e+00
1.000112280324214398e+00
1.000113757820787930e+00
1.000115235320578444e+00
1.000116712823587939e+00
1.000118190329815082e+00
1.000119667839260318e+00
1.000121145351924312e+00
1.000122622867805511e+00
1.000124100386905468e+00
1.000125577909223074e+00
1.000127055434759216e+00
1.000128532963512784e+00
1.000130010495484445e+00
1.000131488030675087e+00
1.000132965569084043e+00
1.000134443110710869e+00
1.000135920655555344e+00
1.000137398203618577e+00
1.000138875754899681e+00
1.000140353309399543e+00
1.000141830867117054e+00
1.000143308428053102e+00
1.000144785992207463e+00
1.000146263559579696e+00
1.000147741130170242e+00
1.000149218703979548e+00
1.000150696281006724e+00
1.000152173861252214e+00
1.000153651444715797e+00
1.000155129031398138e+00
1.000156606621298794e+00
1.000158084214417764e+00
1.000159561810754605e+00
1.000161039410309760e+00
1.000162517013083896e+00
1.000163994619076124e+00
1.000165472228286223e+00
1.000166949840715302e+00
1.000168427456363140e+00
1.000169905075228183e+00
1.000171382697312872e+00
1.000172860322615431e+00
1.000174337951135861e+00
1.000175815582874828e+00
1.000177293217833441e+00
1.000178770856009258e+00
1.000180248497404056e+00
1.000181726142017391e+00
1.000183203789849040e+00
1.000184681440899004e+00
1.000186159095167948e+00
1.000187636752654541e+00
1.000189114413360336e+00
1.000190592077285112e+00
1.000192069744427537e+00
1.000193547414788720e+00
1.000195025088369105e+00
1.000196502765167139e+00
1.000197980445184376e+00
1.000199458128419483e+00
1.000200935814873571e+00
1.000202413504546195e+00
1.000203891197438022e+00
1.000205368893547941e+00
1.000206846592876175e+00
1.000208324295423390e+00
1.000209802001189141e+00
1.000211279710174317e+00
1.000212757422377141e+00
1.000214235137798946e+00
1.000215712856439509e+00
1.000217190578298609e+00
1.000218668303376912e+00
1.000220146031673307e+00
1.000221623763188905e+00
1.000223101497923039e+00
1.000224579235875266e+00
1.000226056977047362e+00
1.000227534721436884e+00
1.000229012469046497e+00
1.000230490219874202e+00
1.000231967973920888e+00
1.000233445731186555e+00
1.000234923491670758e+00
1.000236401255373053e+00
1.000237879022295440e+00
1.000239356792436585e+00
1.000240834565795600e+00
1.000242312342374262e+00
1.000243790122171461e+00
1.000245267905186752e+00
1.000246745691422134e+00
1.000248223480876053e+00
1.000249701273548508e+00
1.000251179069440610e+00
1.000252656868551471e+00
1.000254134670880424e+00
1.000255612476429024e+00
1.000257090285196160e+00
1.000258568097182721e+00
1.000260045912387818e+00
1.000261523730812341e+00
1.000263001552455400e+00
1.000264479377317217e+00
1.000265957205398237e+00
1.000267435036698904e+00
1.000268912871217442e+00
1.000270390708955848e+00
1.000271868549913235e+00
1.000273346394089380e+00
1.000274824241484284e+00
1.000276302092099501e+00
1.000277779945932144e+00
1.000279257802985544e+00
1.000280735663257259e+00
1.000282213526747288e+00
1.000283691393456964e+00
1.000285169263386065e+00
1.000286647136533924e+00
1.000288125012900986e+00
1.000289602892487473e+00
1.000291080775292274e+00
1.000292558661317166e+00
1.000294036550561261e+00
1.000295514443023670e+00
1.000296992338706392e+00
1.000298470237607651e+00
1.000299948139727668e+00
1.000301426045068220e+00
1.000302903953626643e+00
1.000304381865404935e+00
1.000305859780402207e+00
1.000307337698619126e+00
1.000308815620054803e+00
1.000310293544710349e+00
1.000311771472584654e+00
1.000313249403678384e+00
1.000314727337991316e+00
1.000316205275523451e+00
1.000317683216275677e+00
1.000319161160246217e+00
1.000320639107436849e+00
1.000322117057846016e+00
1.000323595011475719e+00
1.000325072968323514e+00
1.000326550928391400e+00
1.000328028891678711e+00
1.000329506858185669e+00
1.000330984827911163e+00
1.000332462800856970e+00
1.000333940777021091e+00
1.000335418756405303e+00
1.000336896739008719e+00
1.000338374724832669e+00
1.000339852713874933e+00
1.000341330706136844e+00
1.000342808701617958e+00
1.000344286700318275e+00
1.000345764702239126e+00
1.000347242707378959e+00
1.000348720715738438e+00
1.000350198727317563e+00
1.000351676742115892e+00
1.000353154760133423e+00
1.000354632781371267e+00
1.000356110805828092e+00
1.000357588833504785e+00
1.000359066864401125e+00
1.000360544898517112e+00
1.000362022935851858e+00
1.000363500976407138e+00
1.000364979020181844e+00
1.000366457067175530e+00
1.000367935117389306e+00
1.000369413170823618e+00
1.000370891227476022e+00
1.000372369287348739e+00
1.000373847350441103e+00
1.000375325416753558e+00
1.000376803486285215e+00
1.000378281559036964e+00
1.000379759635008359e+00
1.000381237714198956e+00
1.000382715796609423e+00
1.000384193882239536e+00
1.000385671971089518e+00
1.000387150063159369e+00
1.000388628158449533e+00
1.000390106256958456e+00
1.000391584358687913e+00
1.000393062463636351e+00
1.000394540571804436e+00
1.000396018683193278e+00
1.000397496797802210e+00
1.000398974915629458e+00
1.000400453036677462e+00
1.000401931160945335e+00
1.000403409288432854e+00
1.000404887419140465e+00
1.000406365553067722e+00
1.000407843690214849e+00
1.000409321830582066e+00
1.000410799974168929e+00
1.000412278120975440e+00
1.000413756271002486e+00
1.000415234424248956e+00
1.000416712580715739e+00
1.000418190740402169e+00
1.000419668903308912e+00
1.000421147069435079e+00
1.000422625238781560e+00
1.000424103411347909e+00
1.000425581587134127e+00
1.000427059766140880e+00
1.000428537948367280e+00
1.000430016133813549e+00
1.000431494322479686e+00
1.000432972514366359e+00
1.000434450709472900e+00
1.000435928907799088e+00
1.000437407109345811e+00
1.000438885314112847e+00
1.000440363522099307e+00
1.000441841733306303e+00
1.000443319947732945e+00
1.000444798165379900e+00
1.000446276386247391e+00
1.000447754610334083e+00
1.000449232837641533e+00
1.000450711068169518e+00
1.000452189301916706e+00
1.000453667538884428e+00
1.000455145779073574e+00
1.000456624022481034e+00
1.000458102269109251e+00
1.000459580518957781e+00
1.000461058772026401e+00
1.000462537028315113e+00
1.000464015287825026e+00
1.000465493550553697e+00
1.000466971816504014e+00
1.000468450085673755e+00
1.000469928358064031e+00
1.000471406633673954e+00
1.000472884912505300e+00
1.000474363194555849e+00
1.000475841479826933e+00
1.000477319768318774e+00
1.000478798060030927e+00
1.000480276354963172e+00
1.000481754653115729e+00
1.000483232954488599e+00
1.000484711259081561e+00
1.000486189566895501e+00
1.000487667877929088e+00
1.000489146192183432e+00
1.000490624509658311e+00
1.000492102830353724e+00
1.000493581154269229e+00
1.000495059481405491e+00
1.000496537811761621e+00
1.000498016145338731e+00
1.000499494482135932e+00
1.000500972822153223e+00
1.000502451165391271e+00
1.000503929511850298e+00
1.000505407861529861e+00
1.000506886214429070e+00
1.000508364570549036e+00
1.000509842929889759e+00
1.000511321292450351e+00
1.000512799658232366e+00
1.000514278027234916e+00
1.000515756399457112e+00
1.000517234774900954e+00
1.000518713153564221e+00
1.000520191535448911e+00
1.000521669920554135e+00
1.000523148308879451e+00
1.000524626700425967e+00
1.000526105095193019e+00
1.000527583493179717e+00
1.000529061894388727e+00
1.000530540298816495e+00
1.000532018706466575e+00
1.000533497117336301e+00
1.000534975531427007e+00
1.000536453948738025e+00
1.000537932369270022e+00
1.000539410793022777e+00
1.000540889219995844e+00
1.000542367650190334e+00
1.000543846083605359e+00
1.000545324520240920e+00
1.000546802960096571e+00
1.000548281403173867e+00
1.000549759849472364e+00
1.000551238298990508e+00
1.000552716751729854e+00
1.000554195207689956e+00
1.000555673666870593e+00
1.000557152129272209e+00
1.000558630594894804e+00
1.000560109063737935e+00
1.000561587535802266e+00
1.000563066011087798e+00
1.000564544489593199e+00
1.000566022971320246e+00
1.000567501456267383e+00
1.000568979944436165e+00
1.000570458435825261e+00
1.000571936930435557e+00
1.000573415428266832e+00
1.000574893929317977e+00
1.000576372433591654e+00
1.000577850941085645e+00
1.000579329451799948e+00
1.000580807965736341e+00
1.000582286482892158e+00
1.000583765003269843e+00
1.000585243526868728e+00
1.000586722053688371e+00
1.000588200583729437e+00
1.000589679116990816e+00
1.000591157653473617e+00
1.000592636193176732e+00
1.000594114736101936e+00
1.000595593282248119e+00
1.000597071831614171e+00
1.000598550384202090e+00
1.000600028940011432e+00
1.000601507499040865e+00
1.000602986061291944e+00
1.000604464626764667e+00
1.000605943195457703e+00
1.000607421767372385e+00
1.000608900342507601e+00
1.000610378920864019e+00
1.000611857502442081e+00
1.000613336087241345e+00
1.000614814675260700e+00
1.000616293266502366e+00
1.000617771860964567e+00
1.000619250458648191e+00
1.000620729059553016e+00
1.000622207663679708e+00
1.000623686271025825e+00
1.000625164881594920e+00
1.000626643495384771e+00
1.000628122112395157e+00
1.000629600732627633e+00
1.000631079356081088e+00
1.000632557982755522e+00
1.000634036612650934e+00
1.000635515245768881e+00
1.000636993882107584e+00
1.000638472521667266e+00
1.000639951164448371e+00
1.000641429810451122e+00
1.000642908459675073e+00
1.000644387112120448e+00
1.000645865767786136e+00
1.000647344426674135e+00
1.000648823088784223e+00
1.000650301754114180e+00
1.000651780422666004e+00
1.000653259094439917e+00
1.000654737769434588e+00
1.000656216447650904e+00
1.000657695129088642e+00
1.000659173813747360e+00
1.000660652501628167e+00
1.000662131192730397e+00
1.000663609887053607e+00
1.000665088584598683e+00
1.000666567285364961e+00
1.000668045989352883e+00
1.000669524696562451e+00
1.000671003406993220e+00
1.000672482120645634e+00
1.000673960837519916e+00
1.000675439557615620e+00
1.000676918280931416e+00
1.000678397007470855e+00
1.000679875737230828e+00
1.000681354470213114e+00
1.000682833206416156e+00
1.000684311945840843e+00
1.000685790688487398e+00
1.000687269434355153e+00
1.000688748183445220e+00
1.000690226935756488e+00
1.000691705691289624e+00
1.000693184450043960e+00
1.000694663212020386e+00
1.000696141977217790e+00
1.000697620745637728e+00
1.000699099517279089e+00
1.000700578292142318e+00
1.000702057070226747e+00
1.000703535851533710e+00
1.000705014636061430e+00
1.000706493423811683e+00
1.000707972214783137e+00
1.000709451008976458e+00
1.000710929806391647e+00
1.000712408607028481e+00
1.000713887410886738e+00
1.000715366217967528e+00
1.000716845028270185e+00
1.000718323841793600e+00
1.000719802658539548e+00
1.000721281478506919e+00
1.000722760301696601e+00
1.000724239128107929e+00
1.000725717957741345e+00
1.000727196790595741e+00
1.000728675626673114e+00
1.000730154465971911e+00
1.000731633308491908e+00
1.000733112154234439e+00
1.000734591003199503e+00
1.000736069855385768e+00
1.000737548710794123e+00
1.000739027569424122e+00
1.000740506431276211e+00
1.000741985296350389e+00
1.000743464164646213e+00
1.000744943036164125e+00
1.000746421910903905e+00
1.000747900788866440e+00
1.000749379670050176e+00
1.000750858554456224e+00
1.000752337442083473e+00
1.000753816332934365e+00
1.000755295227006014e+00
1.000756774124300197e+00
1.000758253024816025e+00
1.000759731928554608e+00
1.000761210835514836e+00
1.000762689745697154e+00
1.000764168659101561e+00
1.000765647575728279e+00
1.000767126495576420e+00
1.000768605418647095e+00
1.000770084344940303e+00
1.000771563274454712e+00
1.000773042207192765e+00
1.000774521143151574e+00
1.000776000082332695e+00
1.000777479024736794e+00
1.000778957970362315e+00
1.000780436919209704e+00
1.000781915871280514e+00
1.000783394826572748e+00
1.000784873785087292e+00
1.000786352746823926e+00
1.000787831711783094e+00
1.000789310679963906e+00
1.000790789651368140e+00
1.000792268625993797e+00
1.000793747603841322e+00
1.000795226584912267e+00
1.000796705569205081e+00
1.000798184556719317e+00
1.000799663547456975e+00
1.000801142541416500e+00
1.000802621538597892e+00
1.000804100539002706e+00
1.000805579542628942e+00
1.000807058549477713e+00
1.000808537559549238e+00
1.000810016572842853e+00
1.000811495589358779e+00
1.000812974609097017e+00
1.000814453632058010e+00
1.000815932658241758e+00
1.000817411687646930e+00
1.000818890720275078e+00
1.000820369756125539e+00
1.000821848795198310e+00
1.000823327837493615e+00
1.000824806883011897e+00
1.000826285931751825e+00
1.000827764983714285e+00
1.000829244038900168e+00
1.000830723097307695e+00
1.000832202158937756e+00
1.000833681223790794e+00
1.000835160291866366e+00
1.000836639363164027e+00
1.000838118437684665e+00
1.000839597515427171e+00
1.000841076596393098e+00
1.000842555680581336e+00
1.000844034767992108e+00
1.000845513858625191e+00
1.000846992952481251e+00
1.000848472049559179e+00
1.000849951149860528e+00
1.000851430253384855e+00
1.000852909360130827e+00
1.000854388470099776e+00
1.000855867583291481e+00
1.000857346699705719e+00
1.000858825819342712e+00
1.000860304942202905e+00
1.000861784068285187e+00
1.000863263197590447e+00
1.000864742330117796e+00
1.000866221465868566e+00
1.000867700604841648e+00
1.000869179747037929e+00
1.000870658892456078e+00
1.000872138041098314e+00
1.000873617192962195e+00
1.000875096348049054e+00
1.000876575506359112e+00
1.000878054667891925e+00
1.000879533832646828e+00
1.000881013000625597e+00
1.000882492171826454e+00
1.000883971346250290e+00
1.000885450523897324e+00
1.000886929704766670e+00
1.000888408888859216e+00
1.000889888076174072e+00
1.000891367266712351e+00
1.000892846460473384e+00
1.000894325657457395e+00
1.000895804857664828e+00
1.000897284061094128e+00
1.000898763267746849e+00
1.000900242477622548e+00
1.000901721690720780e+00
1.000903200907043100e+00
1.000904680126587287e+00
1.000906159349354452e+00
1.000907638575344594e+00
1.000909117804559267e+00
1.000910597036994920e+00
1.000912076272654216e+00
1.000913555511536490e+00
1.000915034753641741e+00
1.000916513998970636e+00
1.000917993247521842e+00
1.000919472499296914e+00
1.000920951754293853e+00
1.000922431012515101e+00
1.000923910273958661e+00
1.000925389538625421e+00
1.000926868806515602e+00
1.000928348077628760e+00
1.000929827351964674e+00
1.000931306629524009e+00
1.000932785910306544e+00
1.000934265194312056e+00
1.000935744481540768e+00
1.000937223771992901e+00
1.000938703065668234e+00
1.000940182362565878e+00
1.000941661662687832e+00
1.000943140966031430e+00
1.000944620272599783e+00
1.000946099582390447e+00
1.000947578895404977e+00
1.000949058211642928e+00
1.000950537531103635e+00
1.000952016853787097e+00
1.000953496179694646e+00
1.000954975508825395e+00
1.000956454841179122e+00
1.000957934176756270e+00
1.000959413515556617e+00
1.000960892857580387e+00
1.000962372202827355e+00
1.000963851551297523e+00
1.000965330902991557e+00
1.000966810257908790e+00
1.000968289616048779e+00
1.000969768977412633e+00
1.000971248341999686e+00
1.000972727709810384e+00
1.000974207080843614e+00
1.000975686455101821e+00
1.000977165832582116e+00
1.000978645213286278e+00
1.000980124597213639e+00
1.000981603984364865e+00
1.000983083374739513e+00
1.000984562768337138e+00
1.000986042165158851e+00
1.000987521565203542e+00
1.000989000968471654e+00
1.000990480374964076e+00
1.000991959784679253e+00
1.000993439197617629e+00
1.000994918613780094e+00
1.000996398033165979e+00
1.000997877455775287e+00
1.000999356881608460e+00
1.001000836310664610e+00
1.001002315742944848e+00
1.001003795178448730e+00
1.001005274617175367e+00
1.001006754059126758e+00
1.001008233504300904e+00
1.001009712952698472e+00
1.001011192404320571e+00
1.001012671859166536e+00
1.001014151317234591e+00
1.001015630778526955e+00
1.001017110243043851e+00
1.001018589710783280e+00
1.001020069181747241e+00
1.001021548655934623e+00
1.001023028133344539e+00
1.001024507613980097e+00
1.001025987097838188e+00
1.001027466584920145e+00
1.001028946075226189e+00
1.001030425568755877e+00
1.001031905065509431e+00
1.001033384565486406e+00
1.001034864068687025e+00
1.001036343575111731e+00
1.001037823084759859e+00
1.001039302597632297e+00
1.001040782113728600e+00
1.001042261633047659e+00
1.001043741155591471e+00
1.001045220681359593e+00
1.001046700210350027e+00
1.001048179742565436e+00
1.001049659278004489e+00
1.001051138816666963e+00
1.001052618358553969e+00
1.001054097903664841e+00
1.001055577451999357e+00
1.001057057003557960e+00
1.001058536558340206e+00
1.001060016116346318e+00
1.001061495677576740e+00
1.001062975242031250e+00
1.001064454809708515e+00
1.001065934380610978e+00
1.001067413954736862e+00
1.001068893532086612e+00
1.001070373112660894e+00
1.001071852696459263e+00
1.001073332283481054e+00
1.001074811873727377e+00
1.001076291467196899e+00
1.001077771063891397e+00
1.001079250663808873e+00
1.001080730266951768e+00
1.001082209873317641e+00
1.001083689482908268e+00
1.001085169095722760e+00
1.001086648711761118e+00
1.001088128331023563e+00
1.001089607953509875e+00
1.001091087579221162e+00
1.001092567208155648e+00
1.001094046840315110e+00
1.001095526475697550e+00
1.001097006114305410e+00
1.001098485756136913e+00
1.001099965401192948e+00
1.001101445049472849e+00
1.001102924700976393e+00
1.001104404355704913e+00
1.001105884013657521e+00
1.001107363674833772e+00
1.001108843339234999e+00
1.001110323006860092e+00
1.001111802677709717e+00
1.001113282351782763e+00
1.001114762029080563e+00
1.001116241709603338e+00
1.001117721393349536e+00
1.001119201080320487e+00
1.001120680770515969e+00
1.001122160463934874e+00
1.001123640160578532e+00
1.001125119860446722e+00
1.001126599563538999e+00
1.001128079269856030e+00
1.001129558979396483e+00
1.001131038692162356e+00
1.001132518408152317e+00
1.001133998127365921e+00
1.001135477849804722e+00
1.001136957575467612e+00
1.001138437304355255e+00
1.001139917036466764e+00
1.001141396771803027e+00
1.001142876510363822e+00
1.001144356252149370e+00
1.001145835997158118e+00
1.001147315745392730e+00
1.001148795496850985e+00
1.001150275251533772e+00
1.001151755009441313e+00
1.001153234770573386e+00
1.001154714534929768e+00
1.001156194302510904e+00
1.001157674073316572e+00
1.001159153847346994e+00
1.001160633624601504e+00
1.001162113405080989e+00
1.001163593188784562e+00
1.001165072975712889e+00
1.001166552765865525e+00
1.001168032559243137e+00
1.001169512355845725e+00
1.001170992155672179e+00
1.001172471958723609e+00
1.001173951764999348e+00
1.001175431574500285e+00
1.001176911387225532e+00
1.001178391203175533e+00
1.001179871022350065e+00
1.001181350844749129e+00
1.001182830670373614e+00
1.001184310499221963e+00
1.001185790331295289e+00
1.001187270166593590e+00
1.001188750005116201e+00
1.001190229846863788e+00
1.001191709691836351e+00
1.001193189540033224e+00
1.001194669391454850e+00
1.001196149246101896e+00
1.001197629103973252e+00
1.001199108965069140e+00
1.001200588829390004e+00
1.001202068696935843e+00
1.001203548567706214e+00
1.001205028441701339e+00
1.001206508318921662e+00
1.001207988199366961e+00
1.001209468083037235e+00
1.001210947969932041e+00
1.001212427860051379e+00
1.001213907753395915e+00
1.001215387649965427e+00
1.001216867549759471e+00
1.001218347452778934e+00
1.001219827359022707e+00
1.001221307268491900e+00
1.001222787181186069e+00
1.001224267097104992e+00
1.001225747016248668e+00
1.001227226938617099e+00
1.001228706864211171e+00
1.001230186793030441e+00
1.001231666725074021e+00
1.001233146660342799e+00
1.001234626598836330e+00
1.001236106540555060e+00
1.001237586485499431e+00
1.001239066433668556e+00
1.001240546385062213e+00
1.001242026339681290e+00
1.001243506297525565e+00
1.001244986258594594e+00
1.001246466222888598e+00
1.001247946190407800e+00
1.001249426161151979e+00
1.001250906135121799e+00
1.001252386112317039e+00
1.001253866092735922e+00
1.001255346076380892e+00
1.001256826063251060e+00
1.001258306053345981e+00
1.001259786046666767e+00
1.001261266043212306e+00
1.001262746042982377e+00
1.001264226045978978e+00
1.001265706052200111e+00
1.001267186061645775e+00
1.001268666074317748e+00
1.001270146090214253e+00
1.001271626109336621e+00
1.001273106131683521e+00
1.001274586157256064e+00
1.001276066186054248e+00
1.001277546218077630e+00
1.001279026253325544e+00
1.001280506291798877e+00
1.001281986333498297e+00
1.001283466378422249e+00
1.001284946426571398e+00
1.001286426477946634e+00
1.001287906532546401e+00
1.001289386590372033e+00
1.001290866651423306e+00
1.001292346715699333e+00
1.001293826783201446e+00
1.001295306853928535e+00
1.001296786927881044e+00
1.001298267005059195e+00
1.001299747085461878e+00
1.001301227169090646e+00
1.001302707255944391e+00
1.001304187346024666e+00
1.001305667439329694e+00
1.001307147535859920e+00
1.001308627635615567e+00
1.001310107738597299e+00
1.001311587844803563e+00
1.001313067954236358e+00
1.001314548066894572e+00
1.001316028182777540e+00
1.001317508301886816e+00
1.001318988424221290e+00
1.001320468549781184e+00
1.001321948678566942e+00
1.001323428810578120e+00
1.001324908945814718e+00
1.001326389084276736e+00
1.001327869225964839e+00
1.001329349370878141e+00
1.001330829519017307e+00
1.001332309670382559e+00
1.001333789824972342e+00
1.001335269982788212e+00
1.001336750143829724e+00
1.001338230308097099e+00
1.001339710475590117e+00
1.001341190646308998e+00
1.001342670820252412e+00
1.001344150997423021e+00
1.001345631177818607e+00
1.001347111361439834e+00
1.001348591548286926e+00
1.001350071738360104e+00
1.001351551931658701e+00
1.001353032128182940e+00
1.001354512327932600e+00
1.001355992530908123e+00
1.001357472737109955e+00
1.001358952946536984e+00
1.001360433159190100e+00
1.001361913375069301e+00
1.001363393594173701e+00
1.001364873816504630e+00
1.001366354042060758e+00
1.001367834270842527e+00
1.001369314502851271e+00
1.001370794738084546e+00
1.001372274976545018e+00
1.001373755218230466e+00
1.001375235463141999e+00
1.001376715711279619e+00
1.001378195962642437e+00
1.001379676217232229e+00
1.001381156475047218e+00
1.001382636736088072e+00
1.001384117000355678e+00
1.001385597267848038e+00
1.001387077538567372e+00
1.001388557812511682e+00
1.001390038089682744e+00
1.001391518370079670e+00
1.001392998653702460e+00
1.001394478940551336e+00
1.001395959230626076e+00
1.001397439523926680e+00
1.001398919820453592e+00
1.001400400120207035e+00
1.001401880423185675e+00
1.001403360729391290e+00
1.001404841038822102e+00
1.001406321351479001e+00
1.001407801667362207e+00
1.001409281986472388e+00
1.001410762308807101e+00
1.001412242634368566e+00
1.001413722963156561e+00
1.001415203295170642e+00
1.001416683630410143e+00
1.001418163968876618e+00
1.001419644310568513e+00
1.001421124655486938e+00
1.001422605003631672e+00
1.001424085355002047e+00
1.001533470032835327e+00
1.001656287864990391e+00
1.001779127902558297e+00
1.001901990150789068e+00
1.002024874614938943e+00
1.002147781300262164e+00
1.002270710212017191e+00
1.002393661355462262e+00
1.002516634735856949e+00
1.002639630358464595e+00
1.002762648228546993e+00
1.002909909465424354e+00
1.003120148261495093e+00
1.003330452036212295e+00
1.003540820815851609e+00
1.003751254626701561e+00
1.003961753495063114e+00
1.004172317447252105e+00
1.004424233178503378e+00
1.004720899295511893e+00
1.005017694602716949e+00
1.005314619173724777e+00
1.005611673082194679e+00
1.005964653194637126e+00
1.006347571609338631e+00
1.006730704927939479e+00
1.007114053308241219e+00
1.007574698292482918e+00
1.008043939808504152e+00
1.008513503530163113e+00
1.009054662446780659e+00
1.009610242723176121e+00
1.010186695876338359e+00
1.010828413854136576e+00
1.011470732888589241e+00
1.012197809938705229e+00
1.012926652717490272e+00
1.014378129754430757e+00
1.015832674038634531e+00
1.017290294051970800e+00
1.018750998305037792e+00
1.020214795337267333e+00
1.021681693717028327e+00
1.023151702041742661e+00
1.024624828937994225e+00
1.026101083061645713e+00
1.027580473097951419e+00
1.029063007761674919e+00
1.030548695797203651e+00
1.032037545978668369e+00
1.033529567110060388e+00
1.035024768025348596e+00
1.036523157588603583e+00
1.038024744694109325e+00
1.039529538266491304e+00
1.041037547260834417e+00
1.042548780662803098e+00
1.044063247488763224e+00
1.045580956785907789e+00
1.047101917632378809e+00
1.048626139137387669e+00
1.050153630441344799e+00
1.051684400715980461e+00
1.053218459164470655e+00
1.054755815021565457e+00
1.056296477553712254e+00
1.057840456059187195e+00
1.059387759868217094e+00
1.060938398343112210e+00
1.062492380878393039e+00
1.064049716900921982e+00
1.065610415870029914e+00
1.067174487277648742e+00
1.068741940648443522e+00
1.070312785539941469e+00
1.071887031542667401e+00
1.073464688280274526e+00
1.075045765409679444e+00
1.076630272621195372e+00
1.078218219638666708e+00
1.079809616219604473e+00
1.081404472155326202e+00
1.083002797271085393e+00
1.084604601426213843e+00
1.086209894514259311e+00
1.087818686463121409e+00
1.089430987235194603e+00
1.091046806827503435e+00
1.092666155271846629e+00
1.094289042634937648e+00
1.095915479018542138e+00
1.097545474559629142e+00
1.099179039430503879e+00
1.100816183838959406e+00
1.102456918028415833e+00
1.104101252278066880e+00
1.105749196903028420e+00
1.107400762254480142e+00
1.109055958719815438e+00
1.110714796722787279e+00
1.112377286723658987e+00
1.114043439219351672e+00
1.115713264743592559e+00
1.117386773867068639e+00
1.119063977197573889e+00
1.120744885380164257e+00
1.122429509097309319e+00
1.124117859069043712e+00
1.125809946053123678e+00
1.127505780845179384e+00
1.129205374278872354e+00
1.130908737226048233e+00
1.132615880596896885e+00
1.134326815340108041e+00
1.136041552443030733e+00
1.137760102931828943e+00
1.139482477871647248e+00
1.141208688366762924e+00
1.142938745560757363e+00
1.144672660636665951e+00
1.146410444817150154e+00
1.148152109364659612e+00
1.149897665581590012e+00
1.151647124810453171e+00
1.153400498434043797e+00
1.155157797875602022e+00
1.156919034598983265e+00
1.158684220108822771e+00
1.160453365950708360e+00
1.162226483711349401e+00
1.164003585018743125e+00
1.165784681542350487e+00
1.167569784993266246e+00
1.169358907124389502e+00
1.171152059730598438e+00
1.172949254648929296e+00
1.174750503758742459e+00
1.176555818981905199e+00
1.178365212282967756e+00
1.180178695669336086e+00
1.181996281191457498e+00
1.183817980942991843e+00
1.185643807060998700e+00
1.187473771726111460e+00
1.189307887162726729e+00
1.191146165639179744e+00
1.192988619467933109e+00
1.194835261005755767e+00
1.196686102653912842e+00
1.198541156858350387e+00
1.200400436109878344e+00
1.202263952944364833e+00
1.204131719942920453e+00
1.206003749732087682e+00
1.207880054984033169e+00
1.209760648416736917e+00
1.211645542794187236e+00
1.213534750926568595e+00
1.215428285670464570e+00
1.217326159929040141e+00
1.219228386652249529e+00
1.221134978837025820e+00
1.223045949527480136e+00
1.224961311815099929e+00
1.226881078838951034e+00
1.228805263785873958e+00
1.230733879890686833e+00
1.232666940436390579e+00
1.234604458754366307e+00
1.236546448224585149e+00
1.238492922275810093e+00
1.240443894385801826e+00
1.242399378081528782e+00
1.244359386939371204e+00
1.246323934585334081e+00
1.248293034695254322e+00
1.250266700995011915e+00
1.252244947260745089e+00
1.254227787319057708e+00
1.256215235047238199e+00
1.258207304373473168e+00
1.260204009277060999e+00
1.262205363788632795e+00
1.264211381990367311e+00
1.266222078016211228e+00
1.268237466052098972e+00
1.270257560336174318e+00
1.272282375159012213e+00
1.274311924863842149e+00
1.276346223846771322e+00
1.278385286557013778e+00
1.280429127497110464e+00
1.282477761223162149e+00
1.284531202345055467e+00
1.286589465526694065e+00
1.288652565486228641e+00
1.290720516996285872e+00
1.292793334884207335e+00
1.294871034032277546e+00
1.296953629377963546e+00
1.299041135914149825e+00
1.301133568689371245e+00
1.303230942808058179e+00
1.305333273430776098e+00
1.307440575774458047e+00
1.309552865112655784e+00
1.311670156775776919e+00
1.313792466151332494e+00
1.315919808684181680e+00
1.318052199876774910e+00
1.320189655289408792e+00
1.322332190540465247e+00
1.324479821306671079e+00
1.326632563323342451e+00
1.328790432384640452e+00
1.330953444343825121e+00
1.333121615113506797e+00
1.335294960665906805e+00
1.337473497033111691e+00
1.339657240307330355e+00
1.341846206641162054e+00
1.344040412247843097e+00
1.346239873401523957e+00
1.348444606437520621e+00
1.350654627752587267e+00
1.352869953805179382e+00
1.355090601115720217e+00
1.357316586266869685e+00
1.359547925903798138e+00
1.361784636734447718e+00
1.364026735529816348e+00
1.366274239124223078e+00
1.368527164415586750e+00
1.370785528365700889e+00
1.373049348000513481e+00
1.375318640410401194e+00
1.377593422750455154e+00
1.379873712240759165e+00
1.382159526166673258e+00
1.384450881879118356e+00
1.386747796794860488e+00
1.389050288396801669e+00
1.391358374234264339e+00
1.393672071923281797e+00
1.395991399146891077e+00
1.398316373655422717e+00
1.400647013266798968e+00
1.402983335866822223e+00
1.405325359409482111e+00
1.407673101917242819e+00
1.410026581481348407e+00
1.412385816262125005e+00
1.414750824489278358e+00
1.417121624462202023e+00
1.419498234550282456e+00
1.421880673193200995e+00
1.424268958901251159e+00
1.426663110255637301e+00
1.429063145908796573e+00
1.431469084584704232e+00
1.433880945079191171e+00
1.436298746260258552e+00
1.438722507068396883e+00
1.441152246516900437e+00
1.443587983692195653e+00
1.446029737754152000e+00
1.448477527936416154e+00
1.450931373546728409e+00
1.453391293967255971e+00
1.455857308654915139e+00
1.458329437141706597e+00
1.460807699035040041e+00
1.463292114018075019e+00
1.465782701850049996e+00
1.468279482366615429e+00
1.470782475480181706e+00
1.473291701180246882e+00
1.475807179533744851e+00
1.478328930685386844e+00
1.480856974858002939e+00
1.483391332352889336e+00
1.485932023550158965e+00
1.488479068909082548e+00
1.491032488968448089e+00
1.493592304346909039e+00
1.496158535743339568e+00
1.498731203937187617e+00
1.501310329788838605e+00
1.503895934239967813e+00
1.506488038313906763e+00
1.509086663116003590e+00
1.511691829833987200e+00
1.514303559738333194e+00
1.516921874182634689e+00
1.519546794603971573e+00
1.522178342523276662e+00
1.524816539545714722e+00
1.527461407361056844e+00
1.530112967744057029e+00
1.532771242554828772e+00
1.535436253739227874e+00
1.538108023329233687e+00
1.540786573443335694e+00
1.543471926286914320e+00
1.546164104152635499e+00
1.548863129420835039e+00
1.551569024559912968e+00
1.554281812126727891e+00
1.557001514766987338e+00
1.559728155215651446e+00
1.562461756297329307e+00
1.565202340926677316e+00
1.567949932108809286e+00
1.570704552939692800e+00
1.573466226606563545e+00
1.576234976388329656e+00
1.579010825655983608e+00
1.581793797873015439e+00
1.584583916595828423e+00
1.587381205474154067e+00
1.590185688251469109e+00
1.592997388765423405e+00
1.595816330948254036e+00
1.598642538827215409e+00
1.601476036525002922e+00
1.604316848260188166e+00
1.607164998347638818e+00
1.610020511198963167e+00
1.612883411322936444e+00
1.615753723325942692e+00
1.618631471912412412e+00
1.621516681885264655e+00
1.624409378146347782e+00
1.627309585696891325e+00
1.630217329637944523e+00
1.633132635170833291e+00
1.636055527597609416e+00
1.638986032321503972e+00
1.641924174847386508e+00
1.644869980782219798e+00
1.647823475835522133e+00
1.650784685819830955e+00
1.653753636651167147e+00
1.656730354349500667e+00
1.659714865039221943e+00
1.662707194949614165e+00
1.665707370415324906e+00
1.668715417876842411e+00
1.671731363880977428e+00
1.674755235081339055e+00
1.677787058238820794e+00
1.680826860222085939e+00
1.683874668008054520e+00
1.686930508682390695e+00
1.689994409439999012e+00
1.693066397585518468e+00
1.696146500533816326e+00
1.699234745810487279e+00
1.702331161052359487e+00
1.705435774007996619e+00
1.708548612538201894e+00
1.711669704616527454e+00
1.714799078329789062e+00
1.717936761878575469e+00
1.721082783577765118e+00
1.724237171857047723e+00
1.727399955261440523e+00
1.730571162451815415e+00
1.733750822205422315e+00
1.736938963416420512e+00
1.740135615096402022e+00
1.743340806374936269e+00
1.746554566500094330e+00
1.749776924838996051e+00
1.753007910878342956e+00
1.756247554224971363e+00
1.759495884606385729e+00
1.762752931871318873e+00
1.766018725990276206e+00
1.769293297056091729e+00
1.772576675284482928e+00
1.775868891014608764e+00
1.779169974709633895e+00
1.782479956957289779e+00
1.785798868470445999e+00
1.789126740087670031e+00
1.792463602773806786e+00
1.795809487620555922e+00
1.799164425847037618e+00
1.802528448800383876e+00
1.805901587956315169e+00
1.809283874919725532e+00
1.812675341425273201e+00
1.816076019337971692e+00
1.819485940653778666e+00
1.822905137500195893e+00
1.826333642136866331e+00
1.829771486956180082e+00
1.833218704483871475e+00
1.836675327379630795e+00
1.840141388437714909e+00
1.843616920587559216e+00
1.847101956894389829e+00
1.850596530559847963e+00
1.854100674922605885e+00
1.857614423458996189e+00
1.861137809783631747e+00
1.864670867650045416e+00
1.868213630951309989e+00
1.871766133720684566e+00
1.875328410132250490e+00
1.878900494501546614e+00
1.882482421286219898e+00
1.886074225086671996e+00
1.889675940646708296e+00
1.893287602854186513e+00
1.896909246741682376e+00
1.900540907487137554e+00
1.904182620414532678e+00
1.907834420994541924e+00
1.911496344845207584e+00
1.915168427732604872e+00
1.918850705571526261e+00
1.922543214426144731e+00
1.926245990510702999e+00
1.929959070190194304e+00
1.933682489981046748e+00
1.937416286551811639e+00
1.941160496723860041e+00
1.944915157472072664e+00
1.948680305925539979e+00
1.952455979368265870e+00
1.956242215239867965e+00
1.960039051136284849e+00
1.963846524810491267e+00
1.967664674173206896e+00
1.971493537293615095e+00
1.975333152400083225e+00
1.979183557880881628e+00
1.983044792284916369e+00
1.986916894322453997e+00
1.990799902865854065e+00
1.994693856950306099e+00
1.998598795774569670e+00
2.002514758701710917e+00
2.006441785259854615e+00
2.010379915142924911e+00
2.014329188211407384e+00
2.018289644493089785e+00
2.022261324183833420e+00
2.026244267648322328e+00
2.030238515420835110e+00
2.034244108206011870e+00
2.038261086879625594e+00
2.042289492489350433e+00
2.046329366255545068e+00
2.050380749572030759e+00
2.054443684006876936e+00
2.058518211303183243e+00
2.062604373379877121e+00
2.066702212332500732e+00
2.070811770434012544e+00
2.074933090135581804e+00
2.079066214067399443e+00
2.083211185039475222e+00
2.087368046042454406e+00
2.091536840248435780e+00
2.095717611011774117e+00
2.099910401869912402e+00
2.104115256544194956e+00
2.108332218940705882e+00
2.112561333151088405e+00
2.116802643453378874e+00
2.121056194312850973e+00
2.125322030382845728e+00
2.129600196505618825e+00
2.133890737713186159e+00
2.138193699228177369e+00
2.142509126464677394e+00
2.146837065029098213e+00
2.151177560721024395e+00
2.155530659534080851e+00
2.159896407656803685e+00
2.164274851473500405e+00
2.168666037565126548e+00
2.173070012710161869e+00
2.177486823885491418e+00
2.181916518267283944e+00
2.186359143231880964e+00
2.190814746356682718e+00
2.195283375421042571e+00
2.199765078407163177e+00
2.204259903500989992e+00
2.208767899093121212e+00
2.213289113779706163e+00
2.217823596363357019e+00
2.222371395854058296e+00
2.226932561470083893e+00
2.231507142638918140e+00
2.236095188998169281e+00
2.240696750396498071e+00
2.245311876894551251e+00
2.249940618765881695e+00
2.254583026497888998e+00
2.259239150792756501e+00
2.263909042568386543e+00
2.268592752959347703e+00
2.273290333317825596e+00
2.278001835214566118e+00
2.282727310439829793e+00
2.287466811004348344e+00
2.292220389140284809e+00
2.296988097302192333e+00
2.301769988167985836e+00
2.306566114639897247e+00
2.311376529845456052e+00
2.316201287138462295e+00
2.321040440099959579e+00
2.325894042539221385e+00
2.330762148494723629e+00
2.335644812235142087e+00
2.340542088260330722e+00
2.345454031302321329e+00
2.350380696326308971e+00
2.355322138531652953e+00
2.360278413352878690e+00
2.365249576460668912e+00
2.370235683762882406e+00
2.375236791405554104e+00
2.380252955773907164e+00
2.385284233493366379e+00
2.390330681430572035e+00
2.395392356694394209e+00
2.400469316636964834e+00
2.405561618854686223e+00
2.410669321189263137e+00
2.415792481728732177e+00
2.420931158808482753e+00
2.426085411012293580e+00
2.431255297173377627e+00
2.436440876375402631e+00
2.441642207953540922e+00
2.446859351495498824e+00
2.452092366842574922e+00
2.457341314090691675e+00
2.462606253591450578e+00
2.467887245953175324e+00
2.473184352041964296e+00
2.478497632982746168e+00
2.483827150160330177e+00
2.489172965220459943e+00
2.494535140070881063e+00
2.499913736882386051e+00
2.505308818089886369e+00
2.510720446393459593e+00
2.516148684759432097e+00
2.521593596421427108e+00
2.527055244881438956e+00
2.532533693910902439e+00
2.538029007551750205e+00
2.543541250117493213e+00
2.549070486194281671e+00
2.554616780641980611e+00
2.560180198595238821e+00
2.565760805464562200e+00
2.571358666937384463e+00
2.576973848979146275e+00
2.582606417834361512e+00
2.588256440027695504e+00
2.593923982365037073e+00
2.599609111934571004e+00
2.605311896107856739e+00
2.611032402540895081e+00
2.616770699175205550e+00
2.622526854238906413e+00
2.628300936247780939e+00
2.634093014006344990e+00
2.639903156608931933e+00
2.645731433440753566e+00
2.651577914178973927e+00
2.657442668793770668e+00
2.663325767549416856e+00
2.669227281005334795e+00
2.675147280017171170e+00
2.681085835737850420e+00
2.687043019618649442e+00
2.693018903410244302e+00
2.699013559163776499e+00
2.705027059231905007e+00
2.711059476269859658e+00
2.717110883236498964e+00
2.723181353395346616e+00
2.729270960315645311e+00
2.735379777873403029e+00
2.741507880252423757e+00
2.747655341945345775e+00
2.753822237754680824e+00
2.760008642793836842e+00
2.766214632488145142e+00
2.772440282575880488e+00
2.778685669109286493e+00
2.784950868455576156e+00
2.791235957297946602e+00
2.797541012636580060e+00
2.803866111789649285e+00
2.810211332394297212e+00
2.816576752407647710e+00
2.822962450107766141e+00
2.829368504094647907e+00
2.835794993291177679e+00
2.842241996944110394e+00
2.848709594625009167e+00
2.855197866231210746e+00
2.861706891986765644e+00
2.868236752443369841e+00
2.874787528481321797e+00
2.881359301310414178e+00
2.887952152470860234e+00
2.894566163834197070e+00
2.901201417604184929e+00
2.907857996317704252e+00
2.914535982845626538e+00
2.921235460393690975e+00
2.927956512503369968e+00
2.934699223052718242e+00
2.941463676257215276e+00
2.948249956670602412e+00
2.955058149185705751e+00
2.961888339035250173e+00
2.968740611792686668e+00
2.975615053372957064e+00
2.982511750033282283e+00
2.989430788373929726e+00
2.996372255338979773e+00
3.003336238217069187e+00
3.010322824642138073e+00
3.017332102594141752e+00
3.024364160399765744e+00
3.031419086733122992e+00
3.038496970616437753e+00
3.045597901420724618e+00
3.052721968866509261e+00
3.059869263024406205e+00
3.067039874315778736e+00
3.074233893513346860e+00
3.081451411741826352e+00
3.088692520478555803e+00
3.095957311554029090e+00
3.103245877152463805e+00
3.110558309812376798e+00
3.117894702427127740e+00
3.125255148245551506e+00
3.132639740872377843e+00
3.140048574268766490e+00
3.147481742752802791e+00
3.154939340999979080e+00
3.162421464043662755e+00
3.169928207275544807e+00
3.177459666446183384e+00
3.185015937665382157e+00
3.192597117402597995e+00
3.200203302487371282e+00
3.207834590109801542e+00
3.215491077820864962e+00
3.223172863532818955e+00
3.230880045519612942e+00
3.238612722417304468e+00
3.246370993224343415e+00
3.254154957301937046e+00
3.261964714374486540e+00
3.269800364529904968e+00
3.277662008219906387e+00
3.285549746260363779e+00
3.293463679831749591e+00
3.301403910479371540e+00
3.309370540113685699e+00
3.317363671010667314e+00
3.325383405812238902e+00
3.333429847526446110e+00
3.341503099527828535e+00
3.349603265557822063e+00
3.357730449725092381e+00
3.365884756505791664e+00
3.374066290743918728e+00
3.382275157651772002e+00
3.390511462810216869e+00
3.398775312169010299e+00
3.407066812047203630e+00
3.415386069133561797e+00
3.423733190486849320e+00
3.432108283536225990e+00
3.440511456081638553e+00
3.448942816294221281e+00
3.457402472716647246e+00
3.465890534263543987e+00
3.474407110221843453e+00
3.482952310251201666e+00
3.491526244384408617e+00
3.500129023027752417e+00
3.508760756961303073e+00
3.517421557339422300e+00
3.526111535691109911e+00
3.534830803920311126e+00
3.543579474306122190e+00
3.552357659503280196e+00
3.561165472542386023e+00
3.570003026830135706e+00
3.578870436149643286e+00
3.587767814660569599e+00
3.596695276899135596e+00
3.605652937778466960e+00
3.614640912588527488e+00
3.623659316996032498e+00
3.632708267044578054e+00
3.641787879154426921e+00
3.650898270122159062e+00
3.660039557120660980e+00
3.669211857698631896e+00
3.678415289780000208e+00
3.687649971663633508e+00
3.696916022022589843e+00
3.706213559903231314e+00
3.715542704724604128e+00
3.724903576277379003e+00
3.734296294722634801e+00
3.743720980590848679e+00
3.753177754780501640e+00
3.762666738556502910e+00
3.772188053548747089e+00
3.781741821750347121e+00
3.791328165515708726e+00
3.800947207558597718e+00
3.810599070950001721e+00
3.820283879115840886e+00
3.830001755834538280e+00
3.839752825234501010e+00
3.849537211791478342e+00
3.859355040325651132e+00
3.869206435998693294e+00
3.879091524310854133e+00
3.889010431097553955e+00
3.898963282526058727e+00
3.908950205092274199e+00
3.918971325616926293e+00
3.929026771241864058e+00
3.939116669426546924e+00
3.949241147943923558e+00
3.959400334876353345e+00
3.969594358611794771e+00
3.979823347839472891e+00
3.990087431545434438e+00
4.000386739008445325e+00
4.010721399795496467e+00
4.021091543757025377e+00
4.031497301022581858e+00
4.041938801996112218e+00
4.052416177350868232e+00
4.062929558024921839e+00
4.073479075216271283e+00
4.084064860377555561e+00
4.094687045211290233e+00
4.105345761664373150e+00
4.116041141923264313e+00
4.126773318408505808e+00
4.137542423769279942e+00
4.148348590878283559e+00
4.159191952825756822e+00
4.170072642914273153e+00
4.180990794652760911e+00
4.191946541750788846e+00
4.202940018112848897e+00
4.213971357832026143e+00
4.225040695184267392e+00
4.236148164621970302e+00
4.247293900767703079e+00
4.258478038407729649e+00
4.269700712485528626e+00
4.280962058095115985e+00
4.292262210474182105e+00
4.303601304997187071e+00
4.314979477168222388e+00
4.326396862613784755e+00
4.337853597075373990e+00
4.349349816401989699e+00
4.360885656542393463e+00
4.372461253537241355e+00
4.384076743511043261e+00
4.395732262663945455e+00
4.407427947263347967e+00
4.419163933635351427e+00
4.430940358155955217e+00
4.442757357242159699e+00
4.454615067342792223e+00
4.466513624929211446e+00
4.478453166485720338e+00
4.490433828499887703e+00
4.502455747452580148e+00
4.514519059807784451e+00
4.526623902002281596e+00
4.538770410435049030e+00
4.550958721456442646e+00
4.563188971357198476e+00
4.575461296357150154e+00
4.587775832593768754e+00
4.600132716110429065e+00
4.612532082844485792e+00
4.624974068615033573e+00
4.637458809110514224e+00
4.649986439875978483e+00
4.662557096300308679e+00
4.675170913602724632e+00
4.687828026819642169e+00
4.700528570790775795e+00
4.713272680145448312e+00
4.726060489287887911e+00
4.738892132382932942e+00
4.751767743341360095e+00
4.764687455804767602e+00
4.777651403129967278e+00
4.790659718373608378e+00
4.803712534276238344e+00
4.816809983245922133e+00
4.829952197341639497e+00
4.843139308256563247e+00
4.856371447300875666e+00
4.869648745384220767e+00
4.882971332998027769e+00
4.896339340197270573e+00
4.909752896581988324e+00
4.923212131278577708e+00
4.936717172920571883e+00
4.950268149629257763e+00
4.963865188993793254e+00
4.977508418050979877e+00
4.991197963264774273e+00
5.004933950505328966e+00
5.018716505027767560e+00
5.032545751450490101e+00
5.046421813733098283e+00
5.060344815154017795e+00
5.074314878287624175e+00
5.088332124981091553e+00
5.102396676330700487e+00
5.116508652657826950e+00
5.130668173484484562e+00
5.144875357508477798e+00
5.159130322578048933e+00
5.173433185666207912e+00
5.187784062844488453e+00
5.202183069256407499e+00
5.216630319090321599e+00
5.231125925551936895e+00
5.245670000836308411e+00
5.260262656099381040e+00
5.274904001429038480e+00
5.289594145815674331e+00
5.304333197122301335e+00
5.319121262054114396e+00
5.333958446127592623e+00
5.348844853639064922e+00
5.363780587632779984e+00
5.378765749868412271e+00
5.393800440788116823e+00
5.408884759482952553e+00
5.424018803658810839e+00
5.439202669601807649e+00
5.454436452143076153e+00
5.469720244623021976e+00
5.485054138854991379e+00
5.500438225088360333e+00
5.515872591971048067e+00
5.531357326511423977e+00
5.546892514039602595e+00
5.562478238168157674e+00
5.578114580752187912e+00
5.593801621848777827e+00
5.609539439675808481e+00
5.625328110570141149e+00
5.641167708945155290e+00
5.657058307247611495e+00
5.672999975913858073e+00
5.688992783325443447e+00
5.705036795763397173e+00
5.721132077364741164e+00
5.737278690071272891e+00
5.753476693586988766e+00
5.769726145328158751e+00
5.786027100374758980e+00
5.802379611420969141e+00
5.818783728725546389e+00
5.835239500060443341e+00
5.851746970659508662e+00
5.868306183165739043e+00
5.884917177578741665e+00
5.901579991200017972e+00
5.918294658578918899e+00
5.935061211456662100e+00
5.951879678710333188e+00
5.968750086295522728e+00
5.985672457188481843e+00
6.002646811327332799e+00
6.019673165552442029e+00
6.036751533545985815e+00
6.053881925770566497e+00
6.071064349407066629e+00
6.088298808291611408e+00
6.105585302851664231e+00
6.122923830041188786e+00
6.140314383274875887e+00
6.157756952361608249e+00
6.175251523436958045e+00
6.192798078894668379e+00
6.210396597317278555e+00
6.228047053405904698e+00
6.245749417908848855e+00
6.263503657549493120e+00
6.281309734953117285e+00
6.299167608572693311e+00
6.317077232613832471e+00
6.335038556958659584e+00
6.353051527088735995e+00
6.371116084006923863e+00
6.389232164158319627e+00
6.407399699350123434e+00
6.425618616670490724e+00
6.443888838406349073e+00
6.462210281960210523e+00
6.480582859765882553e+00
6.499006479203183417e+00
6.517481042511549916e+00
6.536006446702602446e+00
6.554582583471644242e+00
6.573209339108055715e+00
6.591886594404613220e+00
6.610614224565724228e+00
6.629392099114538972e+00
6.648220081798993597e+00
6.667098030496683592e+00
6.686025797118695380e+00
6.705003227512219333e+00
6.724030161362135161e+00
6.743106432091379610e+00
6.762231866760219035e+00
6.781406285964364677e+00
6.800629503731935088e+00
6.819901327419264803e+00
6.839221557605550394e+00
6.858589987986352554e+00
6.878006405265893797e+00
6.897470589048219303e+00
6.916982311727159605e+00
6.936541338375126209e+00
6.956147426630725938e+00
6.975800326585102518e+00
6.995499780666413869e+00
7.015245523528657934e+00
7.035037281929794162e+00
7.054874774597242215e+00
7.074757712154439382e+00
7.094685796954195212e+00
7.114658722972827753e+00
7.134676175692491462e+00
7.154737831969504747e+00
7.174843359911839080e+00
7.194992418752262253e+00
7.215184658720454891e+00
7.235419720912347863e+00
7.255697237161379931e+00
7.276016829906287953e+00
7.296378112058414800e+00
7.316780686867990546e+00
7.337224147788934836e+00
7.357708078342008129e+00
7.378232051977589023e+00
7.398795631937580275e+00
7.419398371114419355e+00
7.440039811910766687e+00
7.460719486096759390e+00
7.481436914667464855e+00
7.502191607695554154e+00
7.522983064189773472e+00
7.543810771943024740e+00
7.564674207391738570e+00
7.585572835458290086e+00
7.606506109403653682e+00
7.627473470677529122e+00
7.648474348762230868e+00
7.669508161025595072e+00
7.690574312557969527e+00
7.711672196021797099e+00
7.732801191489641290e+00
7.753960666287707859e+00
7.775149974839415279e+00
7.796368458502604959e+00
7.817615445410202035e+00
7.838890250303201412e+00
7.860192174370160600e+00
7.881520505079401495e+00
7.902874516017362794e+00
7.924253466717980032e+00
7.945656602496106835e+00
7.967083154282611268e+00
7.988532338447255299e+00
8.010003356635104765e+00
8.031495395587306518e+00
8.053007626972204847e+00
8.074539207210735370e+00
8.096089277302436216e+00
8.117656962649965280e+00
8.139241372877886960e+00
8.160841601661225297e+00
8.182456726539909297e+00
8.204085808746567565e+00
8.225727893019589843e+00
8.247382007425485995e+00
8.269047163175555326e+00
8.290722354439107988e+00
8.312406558167683812e+00
8.334098733898835931e+00
8.355797823575196404e+00
8.377502751359306998e+00
8.399212423456958732e+00
8.420925727899273738e+00
8.442641534373843015e+00
8.464358694029941788e+00
8.486076039298030338e+00
8.507792383680060411e+00
8.529506521560911381e+00
1.077098543397297803e+01
1.077098833040338022e+01
1.077098799779471783e+01
1.077098443239386150e+01
1.077097763044624301e+01
1.077096758819581623e+01
1.077095430188513348e+01
1.077093776775530465e+01
1.077091798204599016e+01
1.077089494099546130e+01
1.077086864084054874e+01
1.077083907781668337e+01
1.077080624815788923e+01
1.077077014809679945e+01
1.077073077386464384e+01
1.077068812169126666e+01
1.077064218780513905e+01
1.077059296843335723e+01
1.077054045980162833e+01
1.077048465813432365e+01
1.077042555965443960e+01
1.077036316058363496e+01
1.077029745714221143e+01
1.077022844554912773e+01
1.077015612202202810e+01
1.077008048277720675e+01
1.077000152402965938e+01
1.076991924199304229e+01
1.076983363287972750e+01
1.076974469290077252e+01
1.076965241826592390e+01
1.076955680518367231e+01
1.076945784986118859e+01
1.076935554850439125e+01
1.076924989731791094e+01
1.076914089250513129e+01
1.076902853026816231e+01
1.076891280680785457e+01
1.076879371832383647e+01
1.076867126101446459e+01
1.076854543107688045e+01
1.076841622470699456e+01
1.076828363809949352e+01
1.076814766744785246e+01
1.076800830894433325e+01
1.076786555878000762e+01
1.076771941314473047e+01
1.076756986822718964e+01
1.076741692021488461e+01
1.076726056529413000e+01
1.076710079965007694e+01
1.076693761946671479e+01
1.076677102092688010e+01
1.076660100021225652e+01
1.076642755350338199e+01
1.076625067697966465e+01
1.076607036681937934e+01
1.076588661919967471e+01
1.076569943029658738e+01
1.076550879628505086e+01
1.076531471333888668e+01
1.076511717763082743e+01
1.076491618533251327e+01
1.076471173261449898e+01
1.076450381564627712e+01
1.076429243059625307e+01
1.076407757363179485e+01
1.076385924091918511e+01
1.076363742862370110e+01
1.076341213290953824e+01
1.076318334993988124e+01
1.076295107587688449e+01
1.076271530688167921e+01
1.076247603911439121e+01
1.076223326873413910e+01
1.076198699189903607e+01
1.076173720476621121e+01
1.076148390349181838e+01
1.076122708423101137e+01
1.076096674313799362e+01
1.076070287636601108e+01
1.076043548006732919e+01
1.076016455039329855e+01
1.075989008349429632e+01
1.075961207551980614e+01
1.075933052261834355e+01
1.075904542093752880e+01
1.075875676662407621e+01
1.075846455582378702e+01
1.075816878468155480e+01
1.075786944934141687e+01
1.075756654594649575e+01
1.075726007063906486e+01
1.075695001956051655e+01
1.075663638885138518e+01
1.075631917465153542e+01
1.075599837309949436e+01
1.075567398033341782e+01
1.075534599249050061e+01
1.075501440570708667e+01
1.075467921611873301e+01
1.075434041986017419e+01
1.075399801306535608e+01
1.075365199186743936e+01
1.075330235239879073e+01
1.075294909079099881e+01
1.075259220317491682e+01
1.075223168568060572e+01
1.075186753443738930e+01
1.075149974557384525e+01
1.075112831521782475e+01
1.075075323949644890e+01
1.075037451453610871e+01
1.074999213646249530e+01
1.074960610140060169e+01
1.074921640547471036e+01
1.074882304480843231e+01
1.074842601552468935e+01
1.074802531374573711e+01
1.074762093559316334e+01
1.074721287718791451e+01
1.074680113465028342e+01
1.074638570409991090e+01
1.074596658165583740e+01
1.074554376343644968e+01
1.074511724555954650e+01
1.074468702414230670e+01
1.074425309530132466e+01
1.074381545515259084e+01
1.074337409981153080e+01
1.074292902539299277e+01
1.074248022801125302e+01
1.074202770378004423e+01
1.074157144881255554e+01
1.074111145922142541e+01
1.074064773111877713e+01
1.074018026061618869e+01
1.073970904382476910e+01
1.073923407685507847e+01
1.073875535581720442e+01
1.073827287682074605e+01
1.073778663597482463e+01
1.073729662938809604e+01
1.073680285316874006e+01
1.073630530342449951e+01
1.073580397626267668e+01
1.073529886779012799e+01
1.073478997411329594e+01
1.073427729133818431e+01
1.073376081557041850e+01
1.073324054291521712e+01
1.073271646947739022e+01
1.073218859136139258e+01
1.073165690467128286e+01
1.073112140551077864e+01
1.073058208998323160e+01
1.073003895419164699e+01
1.072949199423870859e+01
1.072894120622676084e+01
1.072838658625782315e+01
1.072782813043363603e+01
1.072726583485559715e+01
1.072669969562483949e+01
1.072612970884221895e+01
1.072555587060831428e+01
1.072497817702342360e+01
1.072439662418763184e+01
1.072381120820072731e+01
1.072322192516230288e+01
1.072262877117171875e+01
1.072203174232811129e+01
1.072143083473041081e+01
1.072082604447736287e+01
1.072021736766749989e+01
1.071960480039921215e+01
1.071898833877067503e+01
1.071836797887995729e+01
1.071774371682493587e+01
1.071711554870337046e+01
1.071648347061287687e+01
1.071584747865096254e+01
1.071520756891501591e+01
1.071456373750232061e+01
1.071391598051008209e+01
1.071326429403540814e+01
1.071260867417534968e+01
1.071194911702686703e+01
1.071128561868691698e+01
1.071061817525236215e+01
1.070994678282005452e+01
1.070927143748683896e+01
1.070859213534952126e+01
1.070790887250491252e+01
1.070722164504983276e+01
1.070653044908111617e+01
1.070583528069563606e+01
1.070513613599027458e+01
1.070443301106199918e+01
1.070372590200780216e+01
1.070301480492474866e+01
1.070229971591000151e+01
1.070158063106078394e+01
1.070085754647443999e+01
1.070013045824841136e+01
1.069939936248024637e+01
1.069866425526763543e+01
1.069792513270842171e+01
1.069718199090057098e+01
1.069643482594221950e+01
1.069568363393167232e+01
1.069492841096741920e+01
1.069416915314813821e+01
1.069340585657270637e+01
1.069263851734022097e+01
1.069186713154998181e+01
1.069109169530154624e+01
1.069031220469469723e+01
1.068952865582949130e+01
1.068874104480622478e+01
1.068794936772549597e+01
1.068715362068818742e+01
1.068635379979543920e+01
1.068554990114874137e+01
1.068474192084988950e+01
1.068392985500099890e+01
1.068311369970454194e+01
1.068229345106331607e+01
1.068146910518049886e+01
1.068064065815965868e+01
1.067980810610470321e+01
1.067897144511996110e+01
1.067813067131016957e+01
1.067728578078048152e+01
1.067643676963646371e+01
1.067558363398413412e+01
1.067472636992996904e+01
1.067386497358087105e+01
1.067299944104425080e+01
1.067212976842800032e+01
1.067125595184047171e+01
1.067037798739056598e+01
1.066949587118767617e+01
1.066860959934172826e+01
1.066771916796319175e+01
1.066682457316308508e+01
1.066592581105298443e+01
1.066502287774504332e+01
1.066411576935201566e+01
1.066320448198722559e+01
1.066228901176462607e+01
1.066136935479877224e+01
1.066044550720487116e+01
1.065951746509875342e+01
1.065858522459691748e+01
1.065764878181652797e+01
1.065670813287541918e+01
1.065576327389211109e+01
1.065481420098585019e+01
1.065386091027657045e+01
1.065290339788493412e+01
1.065194165993234598e+01
1.065097569254097110e+01
1.065000549183370993e+01
1.064903105393424987e+01
1.064805237496705814e+01
1.064706945105740665e+01
1.064608227833136667e+01
1.064509085291583190e+01
1.064409517093851498e+01
1.064309522852800782e+01
1.064209102181372657e+01
1.064108254692596844e+01
1.064006979999590286e+01
1.063905277715560160e+01
1.063803147453803710e+01
1.063700588827710369e+01
1.063597601450762120e+01
1.063494184936534737e+01
1.063390338898699916e+01
1.063286062951026345e+01
1.063181356707385028e+01
1.063076219781739518e+01
1.062970651788156395e+01
1.062864652340802074e+01
1.062758221053947238e+01
1.062651357541964714e+01
1.062544061419333730e+01
1.062436332300642228e+01
1.062328169800582423e+01
1.062219573533957728e+01
1.062110543115681516e+01
1.062001078160779599e+01
1.061891178284388104e+01
1.061780843101762883e+01
1.061670072228269390e+01
1.061558865279393160e+01
1.061447221870736612e+01
1.061335141618022959e+01
1.061222624137095316e+01
1.061109669043917236e+01
1.060996275954577328e+01
1.060882444485289255e+01
1.060768174252391027e+01
1.060653464872348373e+01
1.060538315961756517e+01
1.060422727137338228e+01
1.060306698015949856e+01
1.060190228214578312e+01
1.060073317350345157e+01
1.059955965040507131e+01
1.059838170902457222e+01
1.059719934553725373e+01
1.059601255611981685e+01
1.059482133695036588e+01
1.059362568420841733e+01
1.059242559407491768e+01
1.059122106273225938e+01
1.059001208636429503e+01
1.058879866115634627e+01
1.058758078329522156e+01
1.058635844896922329e+01
1.058513165436817260e+01
1.058390039568340946e+01
1.058266466910781567e+01
1.058142447083582383e+01
1.058017979706343503e+01
1.057893064398823135e+01
1.057767700780939002e+01
1.057641888472769942e+01
1.057515627094555377e+01
1.057388916266700107e+01
1.057261755609773246e+01
1.057134144744509996e+01
1.057006083291812715e+01
1.056877570872754646e+01
1.056748607108578142e+01
1.056619191620698572e+01
1.056489324030702370e+01
1.056359003960353959e+01
1.056228231031591669e+01
1.056097004866532174e+01
1.055965325087471385e+01
1.055833191316885866e+01
1.055700603177432306e+01
1.055567560291953022e+01
1.055434062283473651e+01
1.055300108775206347e+01
1.055165699390549960e+01
1.055030833753094655e+01
1.054895511486617821e+01
1.054759732215092072e+01
1.054623495562680624e+01
1.054486801153743691e+01
1.054349648612837242e+01
1.054212037564713711e+01
1.054073967634325903e+01
1.053935438446827355e+01
1.053796449627572684e+01
1.053657000802122212e+01
1.053517091596238764e+01
1.053376721635894775e+01
1.053235890547266074e+01
1.053094597956744316e+01
1.052952843490926682e+01
1.052810626776625647e+01
1.052667947440867557e+01
1.052524805110892814e+01
1.052381199414160484e+01
1.052237129978346886e+01
1.052092596431350024e+01
1.051947598401287287e+01
1.051802135516500769e+01
1.051656207405555499e+01
1.051509813697244766e+01
1.051362954020587992e+01
1.051215628004834635e+01
1.051067835279462237e+01
1.050919575474184775e+01
1.050770848218946085e+01
1.050621653143927503e+01
1.050471989879547330e+01
1.050321858056459057e+01
1.050171257305560246e+01
1.050020187257987203e+01
1.049868647545121014e+01
1.049716637798585417e+01
1.049564157650251595e+01
1.049411206732237289e+01
1.049257784676910887e+01
1.049103891116890708e+01
1.048949525685048023e+01
1.048794688014507059e+01
1.048639377738647482e+01
1.048483594491108484e+01
1.048327337905784873e+01
1.048170607616833294e+01
1.048013403258672405e+01
1.047855724465983940e+01
1.047697570873714668e+01
1.047538942117077454e+01
1.047379837831554639e+01
1.047220257652897679e+01
1.047060201217128217e+01
1.046899668160540919e+01
1.046738658119706145e+01
1.046577170731471895e+01
1.046415205632964174e+01
1.046252762461586805e+01
1.046089840855026765e+01
1.045926440451253470e+01
1.045762560888519666e+01
1.045598201805365868e+01
1.045433362840618052e+01
1.045268043633394051e+01
1.045102243823101595e+01
1.044935963049442229e+01
1.044769200952408283e+01
1.044601957172293005e+01
1.044434231349684694e+01
1.044266023125469722e+01
1.044097332140838752e+01
1.043928158037282650e+01
1.043758500456597282e+01
1.043588359040884583e+01
1.043417733432554861e+01
1.043246623274326446e+01
1.043075028209229593e+01
1.042902947880607378e+01
1.042730381932117645e+01
1.042557330007733185e+01
1.042383791751744759e+01
1.042209766808765181e+01
1.042035254823724522e+01
1.041860255441879346e+01
1.041684768308808984e+01
1.041508793070419792e+01
1.041332329372945864e+01
1.041155376862951698e+01
1.040977935187332193e+01
1.040800003993317624e+01
1.040621582928470978e+01
1.040442671640693462e+01
1.040263269778224142e+01
1.040083376989642616e+01
1.039902992924046110e+01
1.039722117230364873e+01
1.039540749558368304e+01
1.039358889558013743e+01
1.039176536879608648e+01
1.038993691173810952e+01
1.038810352091631195e+01
1.038626519284434124e+01
1.038442192403940290e+01
1.038257371102228355e+01
1.038072055031737229e+01
1.037886243845265888e+01
1.037699937195977107e+01
1.037513134737398879e+01
1.037325836123425127e+01
1.037138041008319256e+01
1.036949749046713798e+01
1.036760959893615386e+01
1.036571673204402089e+01
1.036381888634828741e+01
1.036191605841029073e+01
1.036000824479513938e+01
1.035809544207177524e+01
1.035617764681294162e+01
1.035425485559526315e+01
1.035232706499919608e+01
1.035039427160911352e+01
1.034845647201327345e+01
1.034651366280385965e+01
1.034456584057698336e+01
1.034261300193273314e+01
1.034065514347516768e+01
1.033869226181233181e+01
1.033672435355628849e+01
1.033475141532315256e+01
1.033277344373303919e+01
1.033079043541019004e+01
1.032880238698289332e+01
1.032680929508356904e+01
1.032481115634874058e+01
1.032280796741909512e+01
1.032079972493946940e+01
1.031878642555888526e+01
1.031676806593053008e+01
1.031474464271184566e+01
1.031271615256451746e+01
1.031068259215447469e+01
1.030864395815193824e+01
1.030660024723141177e+01
1.030455145607172618e+01
1.030249758135601823e+01
1.030043861977181585e+01
1.029837456801097417e+01
1.029630542276978389e+01
1.029423118074889842e+01
1.029215183865344407e+01
1.029006739319295605e+01
1.028797784108146374e+01
1.028588317903746763e+01
1.028378340378397837e+01
1.028167851204853989e+01
1.027956850056322402e+01
1.027745336606468207e+01
1.027533310529413768e+01
1.027320771499742236e+01
1.027107719192498614e+01
1.026894153283192423e+01
1.026680073447799302e+01
1.026465479362763134e+01
1.026250370704997295e+01
1.026034747151888027e+01
1.025818608381294439e+01
1.025601954071552768e+01
1.025384783901477093e+01
1.025167097550360928e+01
1.024948894697979185e+01
1.024730175024592782e+01
1.024510938210945632e+01
1.024291183938272276e+01
1.024070911888295043e+01
1.023850121743229735e+01
1.023628813185785980e+01
1.023406985899167765e+01
1.023184639567078413e+01
1.022961773873720759e+01
1.022738388503797147e+01
1.022514483142515296e+01
1.022290057475590430e+01
1.022065111189245279e+01
1.021839643970212563e+01
1.021613655505738727e+01
1.021387145483581982e+01
1.021160113592017993e+01
1.020932559519841476e+01
1.020704482956365311e+01
1.020475883591426580e+01
1.020246761115384970e+01
1.020017115219128812e+01
1.019786945594072058e+01
1.019556251932161750e+01
1.019325033925876234e+01
1.019093291268228185e+01
1.018861023652767805e+01
1.018628230773584242e+01
1.018394912325307367e+01
1.018161068003108305e+01
1.017926697502706723e+01
1.017691800520365852e+01
1.017456376752899594e+01
1.017220425897674119e+01
1.016983947652608222e+01
1.016746941716174923e+01
1.016509407787406438e+01
1.016271345565895068e+01
1.016032754751793021e+01
1.015793635045818277e+01
1.015553986149253340e+01
1.015313807763950571e+01
1.015073099592331474e+01
1.014831861337390073e+01
1.014590092702694335e+01
1.014347793392390606e+01
1.014104963111203084e+01
1.013861601564436121e+01
1.013617708457978317e+01
1.013373283498302868e+01
1.013128326392470946e+01
1.012882836848131696e+01
1.012636814573524369e+01
1.012390259277485605e+01
1.012143170669447478e+01
1.011895548459439276e+01
1.011647392358091935e+01
1.011398702076638934e+01
1.011149477326916291e+01
1.010899717821370025e+01
1.010649423273052250e+01
1.010398593395628453e+01
1.010147227903375367e+01
1.009895326511187186e+01
1.009642888934574856e+01
1.009389914889669448e+01
1.009136404093224471e+01
1.008882356262617108e+01
1.008627771115851424e+01
1.008372648371559954e+01
1.008116987749006732e+01
1.007860788968089061e+01
1.007604051749337692e+01
1.007346775813923934e+01
1.007088960883656270e+01
1.006830606680987472e+01
1.006571712929012108e+01
1.006312279351472228e+01
1.006052305672760383e+01
1.005791791617918207e+01
1.005530736912639611e+01
1.005269141283275758e+01
1.005007004456835418e+01
1.004744326160986212e+01
1.004481106124057810e+01
1.004217344075046370e+01
1.003953039743612052e+01
1.003688192860085771e+01
1.003422803155468834e+01
1.003156870361435971e+01
1.002890394210338165e+01
1.002623374435204262e+01
1.002355810769742561e+01
1.002087702948344194e+01
1.001819050706082237e+01
1.001549853778718457e+01
1.001280111902707048e+01
1.001009824815191962e+01
1.000738992254013482e+01
1.000467613957704849e+01
1.000195689665501497e+01
9.999232191173366147e+00
9.996502020538493127e+00
9.993766382163817852e+00
9.991025273469848145e+00
9.988278691884213245e+00
9.985526634841628280e+00
9.982769099783991962e+00
9.980006084160340407e+00
9.977237585426928845e+00
9.974463601047220962e+00
9.971684128491924426e+00
9.968899165239003324e+00
9.966108708773710134e+00
9.963312756588621255e+00
9.960511306183621016e+00
9.957704355065972734e+00
9.954891900750315159e+00
9.952073940758685566e+00
9.949250472620558838e+00
9.946421493872852793e+00
9.943587002059963709e+00
9.940746994733787645e+00
9.937901469453738201e+00
9.935050423786780271e+00
9.932193855307442476e+00
9.929331761597850914e+00
9.926464140247752255e+00
9.923590988854529726e+00
9.920712305023226207e+00
9.917828086366576201e+00
9.914938330505043140e+00
9.912043035066801622e+00
9.909142197687796028e+00
9.906235816011761841e+00
9.903323887690234528e+00
9.900406410382579736e+00
9.897483381756037701e+00
9.894554799485707264e+00
9.891620661254595603e+00
9.888680964753648439e+00
9.885735707681755358e+00
9.882784887745794222e+00
9.879828502660627620e+00
9.876866550149149049e+00
9.873899027942249162e+00
9.870925933778941896e+00
9.867947265406366242e+00
9.864963020579747166e+00
9.861973197062484431e+00
9.858977792626138381e+00
9.855976805050467249e+00
9.852970232123448469e+00
9.849958071641299995e+00
9.846940321408522934e+00
9.843916979237903320e+00
9.840888042950528103e+00
9.837853510375866861e+00
9.834813379351718510e+00
9.831767647724287684e+00
9.828716313348207834e+00
9.825659374086532338e+00
9.822596827810798459e+00
9.819528672401023783e+00
9.816454905745741755e+00
9.813375525742038974e+00
9.810290530295546318e+00
9.807199917320501115e+00
9.804103684739756019e+00
9.801001830484793231e+00
9.797894352495770676e+00
9.794781248721516675e+00
9.791662517119592124e+00
9.788538155656310025e+00
9.785408162306714175e+00
9.782272535054659102e+00
9.779131271892810062e+00
9.775984370822680347e+00
9.772831829854640162e+00
9.769673647007941497e+00
9.766509820310771417e+00
9.763340347800241403e+00
9.760165227522444198e+00
9.756984457532441368e+00
9.753798035894330809e+00
9.750605960681248519e+00
9.747408229975389915e+00
9.744204841868059574e+00
9.740995794459646362e+00
9.737781085859731789e+00
9.734560714187020736e+00
9.731334677569430269e+00
9.728102974144112736e+00
9.724865602057427338e+00
9.721622559465041391e+00
9.718373844531894790e+00
9.715119455432212447e+00
9.711859390349610877e+00
9.708593647477080424e+00
9.705322225017024351e+00
9.702045121181253506e+00
9.698762334191036061e+00
9.695473862277108168e+00
9.692179703679730807e+00
9.688879856648657807e+00
9.685574319443229996e+00
9.682263090332334343e+00
9.678946167594494554e+00
9.675623549517837318e+00
9.672295234400166919e+00
9.668961220548958124e+00
9.665621506281393494e+00
9.662276089924397127e+00
9.658924969814643546e+00
9.655568144298605660e+00
9.652205611732558310e+00
9.648837370482617359e+00
9.645463418924771659e+00
9.642083755444881277e+00
9.638698378438736114e+00
9.635307286312070119e+00
9.631910477480582600e+00
9.628507950369966650e+00
9.625099703415934016e+00
9.621685735064243516e+00
9.618266043770747231e+00
9.614840628001370959e+00
9.611409486232171062e+00
9.607972616949375322e+00
9.604530018649363399e+00
9.601081689838739663e+00
9.597627629034334973e+00
9.594167834763231539e+00
9.590702305562810892e+00
9.587231039980748548e+00
9.583754036575058421e+00
9.580271293914139008e+00
9.576782810576748517e+00
9.573288585152081254e+00
9.569788616239776502e+00
9.566282902449923853e+00
9.562771442403139588e+00
9.559254234730531152e+00
9.555731278073775314e+00
9.552202571085112837e+00
9.548668112427407095e+00
9.545127900774115659e+00
9.541581934809361343e+00
9.538030213227939313e+00
9.534472734735400579e+00
9.530909498047998696e+00
9.527340501892766156e+00
9.523765745007521488e+00
9.520185226140904788e+00
9.516598944052393705e+00
9.513006897512330085e+00
9.509409085301973263e+00
9.505805506213485856e+00
9.502196159049988822e+00
9.498581042625584558e+00
9.494960155765376442e+00
9.491333497305499023e+00
9.487701066093153557e+00
9.484062860986611554e+00
9.480418880855271624e+00
9.476769124579659476e+00
9.473113591051481208e+00
9.469452279173626863e+00
9.465785187860214833e+00
9.462112316036602522e+00
9.458433662639428974e+00
9.454749226616625535e+00
9.451059006927478023e+00
9.447363002542598309e+00
9.443661212443998920e+00
9.439953635625098372e+00
9.436240271090754916e+00
9.432521117857300297e+00
9.428796174952532638e+00
9.425065441415807044e+00
9.421328916297989409e+00
9.417586598661554120e+00
9.413838487580541425e+00
9.410084582140660459e+00
9.406324881439228847e+00
9.402559384585304159e+00
9.398788090699600417e+00
9.395010998914610667e+00
9.391228108374575001e+00
9.387439418235530297e+00
9.383644927665338642e+00
9.379844635843694434e+00
9.376038541962191886e+00
9.372226645224307262e+00
9.368408944845457498e+00
9.364585440053023291e+00
9.360756130086350879e+00
9.356921014196821318e+00
9.353080091647836269e+00
9.349233361714878399e+00
9.345380823685523808e+00
9.341522476859470459e+00
9.337658320548575475e+00
9.333788354076869354e+00
9.329912576780591493e+00
9.326030988008202627e+00
9.322143587120443442e+00
9.318250373490334582e+00
9.314351346503215723e+00
9.310446505556768670e+00
9.306535850061051107e+00
9.302619379438510805e+00
9.298697093124037139e+00
9.294768990564969968e+00
9.290835071221119179e+00
9.286895334564835736e+00
9.282949780080977931e+00
9.278998407266985993e+00
9.275041215632894520e+00
9.271078204701357350e+00
9.267109374007679534e+00
9.263134723099840429e+00
9.259154251538520342e+00
9.255167958897153824e+00
9.251175844761917233e+00
9.247177908731774920e+00
9.243174150418532520e+00
9.239164569446804975e+00
9.235149165454116016e+00
9.231127938090860852e+00
9.227100887020377229e+00
9.223068011918963194e+00
9.219029312475891302e+00
9.214984788393449477e+00
9.210934439386974759e+00
9.206878265184855081e+00
9.202816265528593220e+00
9.198748440172812124e+00
9.194674788885276229e+00
9.190595311446934090e+00
9.186510007651945031e+00
9.182418877307716443e+00
9.178321920234905562e+00
9.174219136267458552e+00
9.170110525252656686e+00
9.165996087051112795e+00
9.161875821536838771e+00
9.157749728597224248e+00
9.153617808133118317e+00
9.149480060058809983e+00
9.145336484302079683e+00
9.141187080804240139e+00
9.137031849520143467e+00
9.132870790418188278e+00
9.128703903480420934e+00
9.124531188702482254e+00
9.120352646093678572e+00
9.116168275677008381e+00
9.111978077489174765e+00
9.107782051580635141e+00
9.103580198015604807e+00
9.099372516872101357e+00
9.095159008241971321e+00
9.090939672230909707e+00
9.086714508958502634e+00
9.082483518558237989e+00
9.078246701177555167e+00
9.074004056977811317e+00
9.069755586134418124e+00
9.065501288836786742e+00
9.061241165288388189e+00
9.056975215706781768e+00
9.052703440323613293e+00
9.048425839384693248e+00
9.044142413149963033e+00
9.039853161893590894e+00
9.035558085903939940e+00
9.031257185483630323e+00
9.026950460949564103e+00
9.022637912632943014e+00
9.018319540879305762e+00
9.013995346048545798e+00
9.009665328514955718e+00
9.005329488667237925e+00
9.000987826908556144e+00
8.996640343656519434e+00
8.992287039343269228e+00
8.987927914415470454e+00
8.983562969334329296e+00
8.979192204575658920e+00
8.974815620629879476e+00
8.970433218002046516e+00
8.966044997211906065e+00
8.961650958793901722e+00
8.957251103297194206e+00
8.952845431285712863e+00
8.948433943338166330e+00
8.944016640048081612e+00
8.939593522023821848e+00
8.935164589888621833e+00
8.930729844280611118e+00
8.926289285852851307e+00
8.921842915273348495e+00
8.917390733225101229e+00
8.912932740406111165e+00
8.908468937529425702e+00
8.903999325323148639e+00
8.899523904530495244e+00
8.895042675909781593e+00
8.890555640234497403e+00
8.886062798293304255e+00
8.881564150890056908e+00
8.877059698843872582e+00
8.872549442989148716e+00
8.868033384175557643e+00
8.863511523268073233e+00
8.858983861147018857e+00
8.854450398708094028e+00
8.849911136862402827e+00
8.845366076536484101e+00
8.840815218672338105e+00
8.836258564227460255e+00
8.831696114175350942e+00
8.827127869503835100e+00
8.822553831217375020e+00
8.817974000335707885e+00
8.813388377894192161e+00
8.808796964943853780e+00
8.804199762551402131e+00
8.799596771799267358e+00
8.794987993785611025e+00
8.790373429624390056e+00
8.785753080445344310e+00
8.781126947394065851e+00
8.776495031631991850e+00
8.771857334336408130e+00
8.767213856700530883e+00
8.762564599933510223e+00
8.757909565260469265e+00
8.753248753922521885e+00
8.748582167176818913e+00
8.743909806296544573e+00
8.739231672571449394e+00
8.734547767307235588e+00
8.729858091825212441e+00
8.725162647462857635e+00
8.720461435573836795e+00
8.715754457528030130e+00
8.711041714711582173e+00
8.706323208526896451e+00
8.701598940392694104e+00
8.696868911743978359e+00
8.692133124031553137e+00
8.687391578723126173e+00
8.682644277303110059e+00
8.677891221272350464e+00
8.673132412167262828e+00
8.668367851493330889e+00
8.663597540811251108e+00
8.658821481688722344e+00
8.654039675710023971e+00
8.649252124475539816e+00
8.644458829599932059e+00
8.639659792716917863e+00
8.634855015477398865e+00
8.630044499548949588e+00
8.625228246615080252e+00
8.620406258373805031e+00
8.615578536542781052e+00
8.610745082856761101e+00
8.605905899067360920e+00
8.601060986943084075e+00
8.582920512540715308e+00
8.572239460403041633e+00
8.566213795763019334e+00
8.562429808212291604e+00
8.562091207671741699e+00
8.562086293961089112e+00
8.562081380244679352e+00
8.562076466522514195e+00
8.562071552794584761e+00
8.562066639060901707e+00
8.562061725321459704e+00
8.562056811576258752e+00
8.562051897825297075e+00
8.562046984068583555e+00
8.562042070306105757e+00
8.562037156537876115e+00
8.562032242763885748e+00
8.562027328984136432e+00
8.562022415198629943e+00
8.562017501407366282e+00
8.562012587610343672e+00
8.562007673807563890e+00
8.562002759999025159e+00
8.561997846184725702e+00
8.561992932364674402e+00
8.561988018538860601e+00
8.561983104707291403e+00
8.561978190869961480e+00
8.561973277026877938e+00
8.561968363178031893e+00
8.561963449323428677e+00
8.561958535463070064e+00
8.561953621596952502e+00
8.561948707725077767e+00
8.561943793847442308e+00
8.561938879964051452e+00
8.561933966074899871e+00
8.561929052179994670e+00
8.561924138279328744e+00
8.561919224372903869e+00
8.561914310460723598e+00
8.561909396542780826e+00
8.561904482619089762e+00
8.561899568689629092e+00
8.561894654754416578e+00
8.561889740813446892e+00
8.561884826866718257e+00
8.561879912914230673e+00
8.561874998955987692e+00
8.561870084991980434e+00
8.561865171022219556e+00
8.561860257046703282e+00
8.561855343065426283e+00
8.561850429078390334e+00
8.561845515085600766e+00
8.561840601087046920e+00
8.561835687082743007e+00
8.561830773072676593e+00
8.561825859056853005e+00
8.561820945035265140e+00
8.561816031007928984e+00
8.561811116974833880e+00
8.561806202935976273e+00
8.561801288891365047e+00
8.561796374840993096e+00
8.561791460784863972e+00
8.561786546722977675e+00
8.561781632655330654e+00
8.561776718581930012e+00
8.561771804502768646e+00
8.561766890417848330e+00
8.561761976327172619e+00
8.561757062230741511e+00
8.561752148128544349e+00
8.561747234020597119e+00
8.561742319906885612e+00
8.561737405787424038e+00
8.561732491662198186e+00
8.561727577531218714e+00
8.561722663394480293e+00
8.561717749251981147e+00
8.561712835103723052e+00
8.561707920949713113e+00
8.561703006789940673e+00
8.561698092624416390e+00
8.561693178453129605e+00
8.561688264276087423e+00
8.561683350093280964e+00
8.561678435904720885e+00
8.561673521710401857e+00
8.561668607510327433e+00
8.561663693304492284e+00
8.561658779092901739e+00
8.561653864875555797e+00
8.561648950652449130e+00
8.561644036423583515e+00
8.561639122188964279e+00
8.561634207948578990e+00
8.561629293702441856e+00
8.561624379450543998e+00
8.561619465192892520e+00
8.561614550929480316e+00
8.561609636660309164e+00
8.561604722385382615e+00
8.561599808104698894e+00
8.561594893818252672e+00
8.561589979526056382e+00
8.561585065228095814e+00
8.561580150924383403e+00
8.561575236614906714e+00
8.561570322299672853e+00
8.561565407978685371e+00
8.561560493651938941e+00
8.561555579319431786e+00
8.561550664981167458e+00
8.561545750637145957e+00
8.561540836287369061e+00
8.561535921931831439e+00
8.561531007570538421e+00
8.561526093203484677e+00
8.561521178830677314e+00
8.561516264452112779e+00
8.561511350067782189e+00
8.561506435677699756e+00
8.561501521281860150e+00
8.561496606880259819e+00
8.561491692472905868e+00
8.561486778059792968e+00
8.561481863640922896e+00
8.561476949216290322e+00
8.561472034785902352e+00
8.561467120349755433e+00
8.561462205907854894e+00
8.561457291460193630e+00
8.561452377006775194e+00
8.561447462547599585e+00
8.561442548082663251e+00
8.561437633611973297e+00
8.561432719135522618e+00
8.561427804653316542e+00
8.561422890165353294e+00
8.561417975671629321e+00
8.561413061172151728e+00
8.561408146666911634e+00
8.561403232155917919e+00
8.561398317639161704e+00
8.561393403116650092e+00
8.561388488588381307e+00
8.561383574054355350e+00
8.561378659514570444e+00
8.561373744969026589e+00
8.561368830417727338e+00
8.561363915860667362e+00
8.561359001297859095e+00
8.561354086729282997e+00
8.561349172154953280e+00
8.561344257574861061e+00
8.561339342989016998e+00
8.561334428397412211e+00
8.561329513800055580e+00
8.561324599196931118e+00
8.561319684588054812e+00
8.561314769973419558e+00
8.561309855353028908e+00
8.561304940726877533e+00
8.561300026094972537e+00
8.561295111457305040e+00
8.561290196813885700e+00
8.561285282164703858e+00
8.561280367509761291e+00
8.561275452849070433e+00
8.561270538182613521e+00
8.561265623510404765e+00
8.561260708832435284e+00
8.561255794148703302e+00
8.561250879459223029e+00
8.561245964763980254e+00
8.561241050062982083e+00
8.561236135356221411e+00
8.561231220643707118e+00
8.561226305925435653e+00
8.561221391201405240e+00
8.561216476471615877e+00
8.561211561736072895e+00
8.561206646994767411e+00
8.561201732247708307e+00
8.561196817494886702e+00
8.561191902736311476e+00
8.561186987971975526e+00
8.561182073201885956e+00
8.561177158426039213e+00
8.561172243644429969e+00
8.561167328857067105e+00
8.561162414063943515e+00
8.561157499265062754e+00
8.561152584460426596e+00
8.561147669650031489e+00
8.561142754833880986e+00
8.561137840011969757e+00
8.561132925184303133e+00
8.561128010350874007e+00
8.561123095511691261e+00
8.561118180666747790e+00
8.561113265816056028e+00
8.561108350959598212e+00
8.561103436097385000e+00
8.561098521229414615e+00
8.561093606355683505e+00
8.561088691476198775e+00
8.561083776590953320e+00
8.561078861699954246e+00
8.561073946803194445e+00
8.561069031900677473e+00
8.561064116992401551e+00
8.561059202078370234e+00
8.561054287158581744e+00
8.561049372233032528e+00
8.561044457301727917e+00
8.561039542364667909e+00
8.561034627421843624e+00
8.561029712473267494e+00
8.561024797518934193e+00
8.561019882558838390e+00
8.561014967592988967e+00
8.561010052621380595e+00
8.561005137644016827e+00
8.561000222660892334e+00
8.560995307672015997e+00
8.560990392677377159e+00
8.560985477676981148e+00
8.560980562670824412e+00
8.560975647658915832e+00
8.560970732641248304e+00
8.560965817617823603e+00
8.560960902588639954e+00
8.560955987553699131e+00
8.560951072512997584e+00
8.560946157466544193e+00
8.560941242414328300e+00
8.560936327356358788e+00
8.560931412292628551e+00
8.560926497223148246e+00
8.560921582147898334e+00
8.560916667066900132e+00
8.560911751980137652e+00
8.560906836887625104e+00
8.560901921789348279e+00
8.560897006685321386e+00
8.560892091575530216e+00
8.560887176459983650e+00
8.560882261338678134e+00
8.560877346211618999e+00
8.560872431078797362e+00
8.560867515940216776e+00
8.560862600795887900e+00
8.560857685645792969e+00
8.560852770489947972e+00
8.560847855328338696e+00
8.560842940160977577e+00
8.560838024987852179e+00
8.560833109808974939e+00
8.560828194624338749e+00
8.560823279433945387e+00
8.560818364237793077e+00
8.560813449035883593e+00
8.560808533828215161e+00
8.560803618614794885e+00
8.560798703395613884e+00
8.560793788170675711e+00
8.560788872939975036e+00
8.560783957703522518e+00
8.560779042461311050e+00
8.560774127213340634e+00
8.560769211959614822e+00
8.560764296700131837e+00
8.560759381434888127e+00
8.560754466163890797e+00
8.560749550887134518e+00
8.560744635604619290e+00
8.560739720316346890e+00
8.560734805022320870e+00
8.560729889722534125e+00
8.560724974416993760e+00
8.560720059105685564e+00
8.560715143788632631e+00
8.560710228465813643e+00
8.560705313137241035e+00
8.560700397802911255e+00
8.560695482462822525e+00
8.560690567116973071e+00
8.560685651765375326e+00
8.560680736408013303e+00
8.560675821044897660e+00
8.560670905676017739e+00
8.560665990301387751e+00
8.560661074920997038e+00
8.560656159534847376e+00
8.560651244142944094e+00
8.560646328745281863e+00
8.560641413341860684e+00
8.560636497932682332e+00
8.560631582517746807e+00
8.560626667097054110e+00
8.560621751670604240e+00
8.560616836238397198e+00
8.560611920800434760e+00
8.560607005356711596e+00
8.560602089907231260e+00
8.560597174451999081e+00
8.560592258990999071e+00
8.560587343524250770e+00
8.560582428051738191e+00
8.560577512573471992e+00
8.560572597089450397e+00
8.560567681599668077e+00
8.560562766104128585e+00
8.560557850602833696e+00
8.560552935095778082e+00
8.560548019582968848e+00
8.560543104064397113e+00
8.560538188540073534e+00
8.560533273009992783e+00
8.560528357474153083e+00
8.560523441932556210e+00
8.560518526385200389e+00
8.560513610832082065e+00
8.560508695273213675e+00
8.560503779708586336e+00
8.560498864138207153e+00
8.560493948562060140e+00
8.560489032980166613e+00
8.560484117392507031e+00
8.560479201799093829e+00
8.560474286199919902e+00
8.560469370594990579e+00
8.560464454984304083e+00
8.560459539367863968e+00
8.560454623745659575e+00
8.560449708117701562e+00
8.560444792483988152e+00
8.560439876844514018e+00
8.560434961199288040e+00
8.560430045548296007e+00
8.560425129891552132e+00
8.560420214229049307e+00
8.560415298560787534e+00
8.560410382886770364e+00
8.560405467206997798e+00
8.560400551521468060e+00
8.560395635830175820e+00
8.560390720133133513e+00
8.560385804430328704e+00
8.560380888721768500e+00
8.560375973007449346e+00
8.560371057287374796e+00
8.560366141561539521e+00
8.560361225829947074e+00
8.560356310092602783e+00
8.560351394349497767e+00
8.560346478600633802e+00
8.560341562846014440e+00
8.560336647085636130e+00
8.560331731319502424e+00
8.560326815547611545e+00
8.560321899769967047e+00
8.560316983986560047e+00
8.560312068197394098e+00
8.560307152402478081e+00
8.560302236601799564e+00
8.560297320795365650e+00
8.560292404983169234e+00
8.560287489165219199e+00
8.560282573341515544e+00
8.560277657512047611e+00
8.560272741676826058e+00
8.560267825835850886e+00
8.560262909989113211e+00
8.560257994136623694e+00
8.560253078278366345e+00
8.560248162414360706e+00
8.560243246544594342e+00
8.560238330669072582e+00
8.560233414787793649e+00
8.560228498900757543e+00
8.560223583007962489e+00
8.560218667109412038e+00
8.560213751205102639e+00
8.560208835295034291e+00
8.560203919379210546e+00
8.560199003457631406e+00
8.560194087530295093e+00
8.560189171597201607e+00
8.560184255658347396e+00
8.560179339713737789e+00
8.560174423763372786e+00
8.560169507807250611e+00
8.560164591845367710e+00
8.560159675877727636e+00
8.560154759904330390e+00
8.560149843925179525e+00
8.560144927940269710e+00
8.560140011949600947e+00
8.560135095953178563e+00
8.560130179950997231e+00
8.560125263943056950e+00
8.560120347929363049e+00
8.560115431909910200e+00
8.560110515884696625e+00
8.560105599853731206e+00
8.560100683817005063e+00
8.560095767774519970e+00
8.560090851726281258e+00
8.560085935672285373e+00
8.560081019612534092e+00
8.560076103547022086e+00
8.560071187475756460e+00
8.560066271398726556e+00
8.560061355315946585e+00
8.560056439227407665e+00
8.560051523133106244e+00
8.560046607033052979e+00
8.560041690927246094e+00
8.560036774815674931e+00
8.560031858698350149e+00
8.560026942575264641e+00
8.560022026446425514e+00
8.560017110311829214e+00
8.560012194171473965e+00
8.560007278025361543e+00
8.560002361873491949e+00
8.559997445715866959e+00
8.559992529552483020e+00
8.559987613383343685e+00
8.559982697208447178e+00
8.559977781027788168e+00
8.559972864841380868e+00
8.559967948649207514e+00
8.559963032451285869e+00
8.559958116247599946e+00
8.559953200038160404e+00
8.559948283822965465e+00
8.559943367602006248e+00
8.559938451375295188e+00
8.559933535142826955e+00
8.559928618904601549e+00
8.559923702660618972e+00
8.559918786410880998e+00
8.559913870155378746e+00
8.559908953894122874e+00
8.559904037627113382e+00
8.559899121354343166e+00
8.559894205075819329e+00
8.559889288791534767e+00
8.559884372501493033e+00
8.559879456205695902e+00
8.559874539904143376e+00
8.559869623596830124e+00
8.559864707283765028e+00
8.559859790964937432e+00
8.559854874640350886e+00
8.559849958310014273e+00
8.559845041973915158e+00
8.559840125632060648e+00
8.559835209284447188e+00
8.559830292931078333e+00
8.559825376571957634e+00
8.559820460207070880e+00
8.559815543836430507e+00
8.559810627460038290e+00
8.559805711077881796e+00
8.559800794689969905e+00
8.559795878296302618e+00
8.559790961896874606e+00
8.559786045491692974e+00
8.559781129080755946e+00
8.559776212664056416e+00
8.559771296241603267e+00
8.559766379813391168e+00
8.559761463379425450e+00
8.559756546939700783e+00
8.559751630494218944e+00
8.559746714042978155e+00
8.559741797585981971e+00
8.559736881123228613e+00
8.559731964654719860e+00
8.559727048180450382e+00
8.559722131700429060e+00
8.559717215214647013e+00
8.559712298723107793e+00
8.559707382225814953e+00
8.559702465722759612e+00
8.559697549213950651e+00
8.559692632699384518e+00
8.559687716179057659e+00
8.559682799652982510e+00
8.559677883121141306e+00
8.559672966583546483e+00
8.559668050040194487e+00
8.559663133491087095e+00
8.559658216936218977e+00
8.559653300375599017e+00
8.559648383809216554e+00
8.559643467237078696e+00
8.559638550659187217e+00
8.559633634075535014e+00
8.559628717486127414e+00
8.559623800890959089e+00
8.559618884290038920e+00
8.559613967683361579e+00
8.559609051070923513e+00
8.559604134452730051e+00
8.559599217828782969e+00
8.559594301199073385e+00
8.559589384563608405e+00
8.559584467922389805e+00
8.559579551275412257e+00
8.559574634622672207e+00
8.559569717964182090e+00
8.559564801299931247e+00
8.559559884629928561e+00
8.559554967954166926e+00
8.559550051272644566e+00
8.559545134585368586e+00
8.559540217892331881e+00
8.559535301193539780e+00
8.559530384488994059e+00
8.559525467778689389e+00
8.559520551062623994e+00
8.559515634340806756e+00
8.559510717613228792e+00
8.559505800879898985e+00
8.559500884140806676e+00
8.559495967395962523e+00
8.559491050645355870e+00
8.559486133888997372e+00
8.559481217126878150e+00
8.559476300359001755e+00
8.559471383585375293e+00
8.559466466805986329e+00
8.559461550020836640e+00
8.559456633229933331e+00
8.559451716433276403e+00
8.559446799630856972e+00
8.559441882822685699e+00
8.559436966008757253e+00
8.559432049189071634e+00
8.559427132363623514e+00
8.559422215532423550e+00
8.559417298695462861e+00
8.559412381852748553e+00
8.559407465004277071e+00
8.559402548150046641e+00
8.559397631290062591e+00
8.559392714424316040e+00
8.559387797552819421e+00
8.559382880675562077e+00
8.559377963792551114e+00
8.559373046903777649e+00
8.559368130009250564e+00
8.559363213108966306e+00
8.559358296202930205e+00
8.559353379291126274e+00
8.559348462373572275e+00
8.559343545450261104e+00
8.559338628521192760e+00
8.559333711586361915e+00
8.559328794645784555e+00
8.559323877699446470e+00
8.559318960747347660e+00
8.559314043789493454e+00
8.559309126825883851e+00
8.559304209856515300e+00
8.559299292881391352e+00
8.559294375900510232e+00
8.559289458913870163e+00
8.559284541921476475e+00
8.559279624923325613e+00
8.559274707919415803e+00
8.559269790909752373e+00
8.559264873894329995e+00
8.559259956873150443e+00
8.559255039846217272e+00
8.559250122813521600e+00
8.559245205775070531e+00
8.559240288730864066e+00
8.559235371680900428e+00
8.559230454625181395e+00
8.559225537563703412e+00
8.559220620496470033e+00
8.559215703423479482e+00
8.559210786344728206e+00
8.559205869260228638e+00
8.559200952169964793e+00
8.559196035073947328e+00
8.559191117972170915e+00
8.559186200864640881e+00
8.559181283751350122e+00
8.559176366632303967e+00
8.559171449507504192e+00
8.559166532376943692e+00
8.559161615240626020e+00
8.559156698098552951e+00
8.559151780950724486e+00
8.559146863797137073e+00
8.559141946637792486e+00
8.559137029472692504e+00
8.559132112301835349e+00
8.559127195125221021e+00
8.559122277942853074e+00
8.559117360754724402e+00
8.559112443560838557e+00
8.559107526361195539e+00
8.559102609155798902e+00
8.559097691944646868e+00
8.559092774727732333e+00
8.559087857505065955e+00
8.559082940276637075e+00
8.559078023042454575e+00
8.559073105802518455e+00
8.559068188556823387e+00
8.559063271305367593e+00
8.559058354048161732e+00
8.559053436785191593e+00
8.559048519516469611e+00
8.559043602241990456e+00
8.559038684961757681e+00
8.559033767675762405e+00
8.559028850384011733e+00
8.559023933086503888e+00
8.559019015783244200e+00
8.559014098474222010e+00
8.559009181159444424e+00
8.559004263838907889e+00
8.558999346512617734e+00
8.558994429180570407e+00
8.558989511842765907e+00
8.558984594499207788e+00
8.558979677149887166e+00
8.558974759794814702e+00
8.558969842433983288e+00
8.558964925067394702e+00
8.558960007695052497e+00
8.558955090316947789e+00
8.558950172933087686e+00
8.558945255543475739e+00
8.558940338148101290e+00
8.558935420746973222e+00
8.558930503340089757e+00
8.558925585927445567e+00
8.558920668509045981e+00
8.558915751084892776e+00
8.558910833654980621e+00
8.558905916219313070e+00
8.558900998777886571e+00
8.558896081330701122e+00
8.558891163877767383e+00
8.558886246419069366e+00
8.558881328954615952e+00
8.558876411484405367e+00
8.558871494008441161e+00
8.558866576526716230e+00
8.558861659039235903e+00
8.558856741546000180e+00
8.558851824047010837e+00
8.558846906542258992e+00
8.558841989031753528e+00
8.558837071515490891e+00
8.558832153993471081e+00
8.558827236465694099e+00
8.558822318932159945e+00
8.558817401392870394e+00
8.558812483847829000e+00
8.558807566297023328e+00
8.558802648740462260e+00
8.558797731178142243e+00
8.558792813610068606e+00
8.558787896036241349e+00
8.558782978456655144e+00
8.558778060871308213e+00
8.558773143280212992e+00
8.558768225683349939e+00
8.558763308080738597e+00
8.558758390472368305e+00
8.558753472858240841e+00
8.558748555238361533e+00
8.558743637612719724e+00
8.558738719981324294e+00
8.558733802344168140e+00
8.558728884701260142e+00
8.558723967052593196e+00
8.558719049398170853e+00
8.558714131737987785e+00
8.558709214072052873e+00
8.558704296400359013e+00
8.558699378722911533e+00
8.558694461039703327e+00
8.558689543350741502e+00
8.558684625656018952e+00
8.558679707955544558e+00
8.558674790249309439e+00
8.558669872537320700e+00
8.558664954819574788e+00
8.558660037096068152e+00
8.558655119366809672e+00
8.558650201631794019e+00
8.558645283891022970e+00
8.558640366144489420e+00
8.558635448392205802e+00
8.558630530634163236e+00
8.558625612870361721e+00
8.558620695100810138e+00
8.558615777325490726e+00
8.558610859544424798e+00
8.558605941757594593e+00
8.558601023965014321e+00
8.558596106166676876e+00
8.558591188362582258e+00
8.558586270552730468e+00
8.558581352737121506e+00
8.558576434915750042e+00
8.558571517088630287e+00
8.558566599255751584e+00
8.558561681417117484e+00
8.558556763572724435e+00
8.558551845722574214e+00
8.558546927866672149e+00
8.558542010005007583e+00
8.558537092137589397e+00
8.558532174264415815e+00
8.558527256385485060e+00
8.558522338500795357e+00
8.558517420610352033e+00
8.558512502714151537e+00
8.558507584812193869e+00
8.558502666904477252e+00
8.558497748991007015e+00
8.558492831071781382e+00
8.558487913146793247e+00
8.558482995216056821e+00
8.558478077279557894e+00
8.558473159337303571e+00
8.558468241389288522e+00
8.558463323435526959e+00
8.558458405475999342e+00
8.558453487510725211e+00
8.558448569539686801e+00
8.558443651562892995e+00
8.558438733580342017e+00
8.558433815592035643e+00
8.558428897597972096e+00
8.558423979598156706e+00
8.558419061592577037e+00
8.558414143581247302e+00
8.558409225564155065e+00
8.558404307541312761e+00
8.558399389512707955e+00
8.558394471478349530e+00
8.558389553438235708e+00
8.558384635392364714e+00
8.558379717340736548e+00
8.558374799283352985e+00
8.558369881220208697e+00
8.558364963151314342e+00
8.558360045076662814e+00
8.558355126996247009e+00
8.558350208910082912e+00
8.558345290818159867e+00
8.558340372720477873e+00
8.558335454617044036e+00
8.558330536507847697e+00
8.558325618392897738e+00
8.558320700272194159e+00
8.558315782145729855e+00
8.558310864013508379e+00
8.558305945875535059e+00
8.558301027731802790e+00
8.558296109582313349e+00
8.558291191427068512e+00
8.558286273266066502e+00
8.558281355099309096e+00
8.558276436926794517e+00
8.558271518748517437e+00
8.558266600564497395e+00
8.558261682374709522e+00
8.558256764179169807e+00
8.558251845977872918e+00
8.558246927770818857e+00
8.558242009558009400e+00
8.558237091339439218e+00
8.558232173115117192e+00
8.558227254885037993e+00
8.558222336649203399e+00
8.558217418407609856e+00
8.558212500160266245e+00
8.558207581907160133e+00
8.558202663648295072e+00
8.558197745383678168e+00
8.558192827113304091e+00
8.558187908837172841e+00
8.558182990555287972e+00
8.558178072267637049e+00
8.558173153974243164e+00
8.558168235675085000e+00
8.558163317370173218e+00
8.558158399059502486e+00
8.558153480743072805e+00
8.558148562420891281e+00
8.558143644092954361e+00
8.558138725759256715e+00
8.558133807419810779e+00
8.558128889074598789e+00
8.558123970723634955e+00
8.558119052366915724e+00
8.558114134004441098e+00
8.558109215636205747e+00
8.558104297262213223e+00
8.558099378882461750e+00
8.558094460496963762e+00
8.558089542105701497e+00
8.558084623708687388e+00
8.558079705305914331e+00
8.558074786897387654e+00
8.558069868483102027e+00
8.558064950063059229e+00
8.558060031637259257e+00
8.558055113205709219e+00
8.558050194768396679e+00
8.558045276325330519e+00
8.558040357876505411e+00
8.558035439421923130e+00
8.558030520961590781e+00
8.558025602495494155e+00
8.558020684023651015e+00
8.558015765546047149e+00
8.558010847062679005e+00
8.558005928573562571e+00
8.558001010078690740e+00
8.557996091578059961e+00
8.557991173071672009e+00
8.557986254559528660e+00
8.557981336041628140e+00
8.557976417517972223e+00
8.557971498988559134e+00
8.557966580453388872e+00
8.557961661912461437e+00
8.557956743365785712e+00
8.557951824813342157e+00
8.557946906255148534e+00
8.557941987691197738e+00
8.557937069121491547e+00
8.557932150546029959e+00
8.557927231964809422e+00
8.557922313377835266e+00
8.557917394785100385e+00
8.557912476186611883e+00
8.557907557582366209e+00
8.557902638972365139e+00
8.557897720356606897e+00
8.557892801735091481e+00
8.557887883107820670e+00
8.557882964474798015e+00
8.557878045836012859e+00
8.557873127191470530e+00
8.557868208541179911e+00
8.557863289885125013e+00
8.557858371223316496e+00
8.557853452555749030e+00
8.557848533882429720e+00
8.557843615203355014e+00
8.557838696518521360e+00
8.557833777827932309e+00
8.557828859131584309e+00
8.557823940429480913e+00
8.557819021721620345e+00
8.557814103008007933e+00
8.557809184288638349e+00
8.557804265563508039e+00
8.557799346832622334e+00
8.557794428095984784e+00
8.557789509353588286e+00
8.557784590605432840e+00
8.557779671851525549e+00
8.557774753091859310e+00
8.557769834326437675e+00
8.557764915555260643e+00
8.557759996778322886e+00
8.557755077995635062e+00
8.557750159207188290e+00
8.557745240412984344e+00
8.557740321613023227e+00
8.557735402807306713e+00
8.557730483995840132e+00
8.557725565178611049e+00
8.557720646355623018e+00
8.557715727526884919e+00
8.557710808692387872e+00
8.557705889852135428e+00
8.557700971006125812e+00
8.557696052154360800e+00
8.557691133296835062e+00
8.557686214433562810e+00
8.557681295564524504e+00
8.557676376689734354e+00
8.557671457809190585e+00
8.557666538922886090e+00
8.557661620030824423e+00
8.557656701133012689e+00
8.557651782229438453e+00
8.557646863320112374e+00
8.557641944405023793e+00
8.557637025484183368e+00
8.557632106557587548e+00
8.557627187625232779e+00
8.557622268687124389e+00
8.557617349743260604e+00
8.557612430793637870e+00
8.557607511838259740e+00
8.557602592877126213e+00
8.557597673910237290e+00
8.557592754937589419e+00
8.557587835959187927e+00
8.557582916975031040e+00
8.557577997985113427e+00
8.557573078989442195e+00
8.557568159988015566e+00
8.557563240980829988e+00
8.557558321967890791e+00
8.557553402949194421e+00
8.557548483924744431e+00
8.557543564894533716e+00
8.557538645858571158e+00
8.557533726816847874e+00
8.557528807769374524e+00
8.557523888716140448e+00
8.557518969657149199e+00
8.557514050592402555e+00
8.557509131521902290e+00
8.557504212445643077e+00
8.557499293363633797e+00
8.557494374275858462e+00
8.557489455182334837e+00
8.557484536083054039e+00
8.557479616978016068e+00
8.557474697867217373e+00
8.557469778750668610e+00
8.557464859628359122e+00
8.557459940500294238e+00
8.557455021366479286e+00
8.557450102226900057e+00
8.557445183081568985e+00
8.557440263930482516e+00
8.557435344773638874e+00
8.557430425611038061e+00
8.557425506442680074e+00
8.557420587268570245e+00
8.557415668088697913e+00
8.557410748903075515e+00
8.557405829711694167e+00
8.557400910514555648e+00
8.557395991311665284e+00
8.557391072103014196e+00
8.557386152888609487e+00
8.557381233668447607e+00
8.557376314442528553e+00
8.557371395210855880e+00
8.557366475973426034e+00
8.557361556730239016e+00
8.557356637481298378e+00
8.557351718226602344e+00
8.557346798966145585e+00
8.557341879699935205e+00
8.557336960427965877e+00
8.557332041150244706e+00
8.557327121866768138e+00
8.557322202577532622e+00
8.557317283282539933e+00
8.557312363981793624e+00
8.557307444675291919e+00
8.557302525363031265e+00
8.557297606045015215e+00
8.557292686721241992e+00
8.557287767391716926e+00
8.557282848056434688e+00
8.557277928715395277e+00
8.557273009368600469e+00
8.557268090016044937e+00
8.557263170657737561e+00
8.557258251293674789e+00
8.557253331923856621e+00
8.557248412548277727e+00
8.557243493166946990e+00
8.557238573779855528e+00
8.557233654387012223e+00
8.557228734988413521e+00
8.557223815584055870e+00
8.557218896173944600e+00
8.557213976758076157e+00
8.557209057336450542e+00
8.557204137909069530e+00
8.557199218475934899e+00
