1.199999999999999734e+00
1.199999916072721273e+00
1.199999832145424605e+00
1.199999748218109730e+00
1.199999664290776646e+00
1.199999580363425578e+00
1.199999496436056079e+00
1.199999412508668595e+00
1.199999328581262681e+00
1.199999244653839003e+00
1.199999160726396896e+00
1.199999076798936581e+00
1.199998992871457837e+00
1.199998908943961107e+00
1.199998825016446169e+00
1.199998741088913246e+00
1.199998657161361892e+00
1.199998573233792554e+00
1.199998489306205007e+00
1.199998405378599253e+00
1.199998321450975070e+00
1.199998237523332900e+00
1.199998153595672745e+00
1.199998069667993938e+00
1.199997985740297146e+00
1.199997901812582146e+00
1.199997817884849161e+00
1.199997733957097745e+00
1.199997650029328122e+00
1.199997566101540514e+00
1.199997482173734697e+00
1.199997398245910674e+00
1.199997314318068220e+00
1.199997230390207559e+00
1.199997146462329134e+00
1.199997062534432279e+00
1.199996978606517217e+00
1.199996894678583947e+00
1.199996810750632692e+00
1.199996726822663007e+00
1.199996642894675114e+00
1.199996558966669236e+00
1.199996475038644927e+00
1.199996391110603078e+00
1.199996307182542132e+00
1.199996223254463423e+00
1.199996139326366507e+00
1.199996055398252048e+00
1.199995971470118716e+00
1.199995887541966733e+00
1.199995803613797207e+00
1.199995719685609696e+00
1.199995635757403534e+00
1.199995551829179163e+00
1.199995467900936585e+00
1.199995383972676244e+00
1.199995300044397473e+00
1.199995216116100494e+00
1.199995132187785307e+00
1.199995048259451913e+00
1.199994964331100311e+00
1.199994880402730724e+00
1.199994796474342929e+00
1.199994712545936926e+00
1.199994628617512493e+00
1.199994544689069853e+00
1.199994460760609227e+00
1.199994376832130394e+00
1.199994292903633575e+00
1.199994208975118326e+00
1.199994125046584870e+00
1.199994041118032984e+00
1.199993957189463112e+00
1.199993873260875255e+00
1.199993789332269190e+00
1.199993705403644917e+00
1.199993621475002437e+00
1.199993537546341971e+00
1.199993453617663075e+00
1.199993369688965750e+00
1.199993285760250661e+00
1.199993201831516920e+00
1.199993117902765638e+00
1.199993033973995482e+00
1.199992950045207341e+00
1.199992866116400991e+00
1.199992782187576879e+00
1.199992698258734114e+00
1.199992614329873364e+00
1.199992530400994184e+00
1.199992446472097241e+00
1.199992362543181867e+00
1.199992278614248065e+00
1.199992194685296498e+00
1.199992110756326724e+00
1.199992026827338520e+00
1.199991942898332109e+00
1.199991858969307712e+00
1.199991775040265329e+00
1.199991691111204295e+00
1.199991607182125275e+00
1.199991523253027825e+00
1.199991439323912390e+00
1.199991355394778747e+00
1.199991271465626896e+00
1.199991187536456838e+00
1.199991103607269016e+00
1.199991019678062321e+00
1.199990935748838083e+00
1.199990851819595639e+00
1.199990767890334542e+00
1.199990683961055238e+00
1.199990600031758170e+00
1.199990516102442450e+00
1.199990432173108967e+00
1.199990348243757277e+00
1.199990264314386712e+00
1.199990180384998606e+00
1.199990096455592292e+00
1.199990012526167549e+00
1.199989928596724820e+00
1.199989844667263661e+00
1.199989760737784739e+00
1.199989676808287387e+00
1.199989592878771827e+00
1.199989508949237837e+00
1.199989425019685862e+00
1.199989341090115680e+00
1.199989257160527512e+00
1.199989173230920914e+00
1.199989089301296330e+00
1.199989005371653317e+00
1.199988921441992318e+00
1.199988837512312889e+00
1.199988753582615697e+00
1.199988669652900297e+00
1.199988585723166246e+00
1.199988501793414208e+00
1.199988417863643964e+00
1.199988333933855511e+00
1.199988250004049073e+00
1.199988166074224427e+00
1.199988082144381574e+00
1.199987998214520291e+00
1.199987914284640800e+00
1.199987830354743323e+00
1.199987746424827861e+00
1.199987662494893970e+00
1.199987578564941648e+00
1.199987494634971563e+00
1.199987410704983049e+00
1.199987326774976326e+00
1.199987242844951396e+00
1.199987158914908481e+00
1.199987074984847135e+00
1.199986991054768026e+00
1.199986907124670266e+00
1.199986823194554519e+00
1.199986739264420788e+00
1.199986655334268182e+00
1.199986571404098257e+00
1.199986487473909458e+00
1.199986403543702895e+00
1.199986319613477903e+00
1.199986235683234481e+00
1.199986151752973518e+00
1.199986067822694347e+00
1.199985983892396302e+00
1.199985899962080493e+00
1.199985816031746477e+00
1.199985732101394476e+00
1.199985648171024266e+00
1.199985564240635405e+00
1.199985480310228336e+00
1.199985396379803726e+00
1.199985312449360464e+00
1.199985228518898994e+00
1.199985144588419539e+00
1.199985060657921654e+00
1.199984976727405783e+00
1.199984892796871705e+00
1.199984808866319419e+00
1.199984724935748925e+00
1.199984641005160224e+00
1.199984557074553537e+00
1.199984473143928421e+00
1.199984389213285318e+00
1.199984305282623787e+00
1.199984221351944269e+00
1.199984137421246100e+00
1.199984053490530389e+00
1.199983969559796249e+00
1.199983885629043678e+00
1.199983801698273123e+00
1.199983717767484359e+00
1.199983633836677388e+00
1.199983549905852209e+00
1.199983465975008823e+00
1.199983382044147451e+00
1.199983298113267871e+00
1.199983214182370306e+00
1.199983130251454311e+00
1.199983046320520108e+00
1.199982962389567254e+00
1.199982878458596636e+00
1.199982794527608032e+00
1.199982710596600999e+00
1.199982626665575758e+00
1.199982542734532309e+00
1.199982458803470875e+00
1.199982374872391011e+00
1.199982290941292939e+00
1.199982207010176882e+00
1.199982123079042617e+00
1.199982039147890145e+00
1.199981955216719243e+00
1.199981871285530355e+00
1.199981787354323481e+00
1.199981703423098178e+00
1.199981619491854667e+00
1.199981535560592949e+00
1.199981451629313023e+00
1.199981367698014889e+00
1.199981283766698992e+00
1.199981199835364221e+00
1.199981115904012130e+00
1.199981031972641166e+00
1.199980948041252216e+00
1.199980864109845280e+00
1.199980780178419693e+00
1.199980696246976120e+00
1.199980612315514339e+00
1.199980528384034573e+00
1.199980444452536599e+00
1.199980360521020417e+00
1.199980276589485806e+00
1.199980192657932987e+00
1.199980108726362404e+00
1.199980024794773392e+00
1.199979940863165950e+00
1.199979856931540523e+00
1.199979772999897110e+00
1.199979689068235045e+00
1.199979605136554994e+00
1.199979521204857180e+00
1.199979437273140936e+00
1.199979353341406041e+00
1.199979269409653382e+00
1.199979185477882293e+00
1.199979101546093219e+00
1.199979017614285937e+00
1.199978933682460447e+00
1.199978849750616750e+00
1.199978765818755067e+00
1.199978681886874732e+00
1.199978597954976633e+00
1.199978514023060105e+00
1.199978430091125592e+00
1.199978346159172649e+00
1.199978262227201720e+00
1.199978178295212583e+00
1.199978094363205239e+00
1.199978010431179909e+00
1.199977926499136149e+00
1.199977842567073960e+00
1.199977758634994007e+00
1.199977674702895625e+00
1.199977590770779257e+00
1.199977506838644459e+00
1.199977422906491675e+00
1.199977338974320462e+00
1.199977255042131263e+00
1.199977171109923635e+00
1.199977087177698243e+00
1.199977003245454199e+00
1.199976919313192170e+00
1.199976835380911933e+00
1.199976751448613488e+00
1.199976667516297058e+00
1.199976583583962197e+00
1.199976499651609130e+00
1.199976415719238076e+00
1.199976331786848593e+00
1.199976247854441125e+00
1.199976163922015227e+00
1.199976079989571787e+00
1.199975996057109251e+00
1.199975912124628952e+00
1.199975828192130445e+00
1.199975744259613952e+00
1.199975660327079030e+00
1.199975576394526122e+00
1.199975492461955007e+00
1.199975408529365462e+00
1.199975324596757931e+00
1.199975240664131970e+00
1.199975156731488246e+00
1.199975072798826092e+00
1.199974988866145731e+00
1.199974904933446940e+00
1.199974821000730163e+00
1.199974737067995623e+00
1.199974653135242209e+00
1.199974569202471031e+00
1.199974485269681423e+00
1.199974401336873830e+00
1.199974317404047808e+00
1.199974233471203799e+00
1.199974149538341361e+00
1.199974065605461160e+00
1.199973981672562529e+00
1.199973897739645690e+00
1.199973813806710643e+00
1.199973729873757611e+00
1.199973645940785927e+00
1.199973562007796479e+00
1.199973478074788824e+00
1.199973394141762739e+00
1.199973310208718669e+00
1.199973226275656168e+00
1.199973142342575683e+00
1.199973058409476989e+00
1.199972974476360310e+00
1.199972890543225201e+00
1.199972806610071885e+00
1.199972722676900583e+00
1.199972638743710629e+00
1.199972554810502912e+00
1.199972470877276765e+00
1.199972386944032410e+00
1.199972303010770291e+00
1.199972219077489743e+00
1.199972135144190766e+00
1.199972051210873580e+00
1.199971967277538631e+00
1.199971883344185253e+00
1.199971799410813889e+00
1.199971715477423873e+00
1.199971631544016093e+00
1.199971547610590106e+00
1.199971463677145689e+00
1.199971379743683286e+00
1.199971295810202454e+00
1.199971211876703636e+00
1.199971127943186611e+00
1.199971044009651377e+00
1.199970960076097937e+00
1.199970876142526066e+00
1.199970792208936432e+00
1.199970708275328368e+00
1.199970624341702097e+00
1.199970540408057840e+00
1.199970456474395153e+00
1.199970372540714703e+00
1.199970288607015823e+00
1.199970204673298513e+00
1.199970120739563217e+00
1.199970036805809714e+00
1.199969952872038226e+00
1.199969868938248085e+00
1.199969785004439959e+00
1.199969701070613848e+00
1.199969617136769529e+00
1.199969533202906558e+00
1.199969449269025601e+00
1.199969365335126881e+00
1.199969281401209731e+00
1.199969197467273929e+00
1.199969113533320586e+00
1.199969029599348813e+00
1.199968945665358833e+00
1.199968861731350422e+00
1.199968777797324249e+00
1.199968693863279867e+00
1.199968609929216834e+00
1.199968525995136037e+00
1.199968442061036811e+00
1.199968358126919599e+00
1.199968274192783957e+00
1.199968190258630329e+00
1.199968106324458494e+00
1.199968022390268452e+00
1.199967938456060201e+00
1.199967854521833743e+00
1.199967770587589522e+00
1.199967686653326648e+00
1.199967602719045567e+00
1.199967518784746501e+00
1.199967434850428782e+00
1.199967350916093300e+00
1.199967266981739611e+00
1.199967183047367714e+00
1.199967099112977609e+00
1.199967015178569296e+00
1.199966931244142776e+00
1.199966847309698048e+00
1.199966763375235113e+00
1.199966679440753747e+00
1.199966595506254619e+00
1.199966511571737282e+00
1.199966427637201516e+00
1.199966343702647764e+00
1.199966259768075805e+00
1.199966175833485194e+00
1.199966091898877263e+00
1.199966007964250458e+00
1.199965924029605668e+00
1.199965840094942671e+00
1.199965756160261465e+00
1.199965672225562274e+00
1.199965588290844432e+00
1.199965504356108825e+00
1.199965420421355011e+00
1.199965336486582768e+00
1.199965252551792538e+00
1.199965168616984101e+00
1.199965084682157457e+00
1.199965000747312827e+00
1.199964916812449545e+00
1.199964832877568277e+00
1.199964748942669024e+00
1.199964665007751341e+00
1.199964581072815228e+00
1.199964497137861574e+00
1.199964413202889268e+00
1.199964329267898977e+00
1.199964245332890256e+00
1.199964161397863549e+00
1.199964077462818635e+00
1.199963993527755513e+00
1.199963909592673961e+00
1.199963825657574645e+00
1.199963741722456678e+00
1.199963657787321170e+00
1.199963573852166787e+00
1.199963489916994419e+00
1.199963405981804065e+00
1.199963322046595504e+00
1.199963238111368513e+00
1.199963154176123536e+00
1.199963070240860352e+00
1.199962986305578960e+00
1.199962902370279361e+00
1.199962818434961331e+00
1.199962734499625538e+00
1.199962650564271316e+00
1.199962566628899108e+00
1.199962482693508470e+00
1.199962398758099846e+00
1.199962314822673015e+00
1.199962230887227532e+00
1.199962146951764508e+00
1.199962063016283054e+00
1.199961979080783392e+00
1.199961895145265300e+00
1.199961811209729001e+00
1.199961727274174939e+00
1.199961643338602668e+00
1.199961559403011746e+00
1.199961475467403282e+00
1.199961391531776167e+00
1.199961307596130622e+00
1.199961223660467535e+00
1.199961139724785797e+00
1.199961055789086073e+00
1.199960971853368141e+00
1.199960887917632002e+00
1.199960803981877877e+00
1.199960720046104878e+00
1.199960636110314338e+00
1.199960552174505368e+00
1.199960468238678191e+00
1.199960384302833249e+00
1.199960300366969435e+00
1.199960216431087634e+00
1.199960132495187848e+00
1.199960048559270076e+00
1.199959964623333875e+00
1.199959880687379465e+00
1.199959796751406849e+00
1.199959712815416024e+00
1.199959628879406992e+00
1.199959544943379752e+00
1.199959461007334527e+00
1.199959377071270650e+00
1.199959293135189009e+00
1.199959209199088939e+00
1.199959125262970883e+00
1.199959041326834841e+00
1.199958957390680148e+00
1.199958873454507247e+00
1.199958789518316582e+00
1.199958705582107488e+00
1.199958621645880186e+00
1.199958537709634676e+00
1.199958453773370959e+00
1.199958369837089256e+00
1.199958285900789123e+00
1.199958201964470783e+00
1.199958118028134457e+00
1.199958034091779924e+00
1.199957950155407183e+00
1.199957866219016012e+00
1.199957782282606633e+00
1.199957698346179491e+00
1.199957614409733919e+00
1.199957530473270140e+00
1.199957446536788597e+00
1.199957362600288402e+00
1.199957278663769999e+00
1.199957194727233389e+00
1.199957110790678794e+00
1.199957026854105990e+00
1.199956942917514979e+00
1.199956858980905539e+00
1.199956775044278112e+00
1.199956691107632700e+00
1.199956607170968637e+00
1.199956523234286809e+00
1.199956439297586552e+00
1.199956355360868088e+00
1.199956271424131415e+00
1.199956187487376535e+00
1.199956103550603670e+00
1.199956019613812819e+00
1.199955935677003316e+00
1.199955851740175605e+00
1.199955767803329909e+00
1.199955683866466227e+00
1.199955599929584116e+00
1.199955515992683575e+00
1.199955432055765048e+00
1.199955348118828535e+00
1.199955264181873593e+00
1.199955180244900665e+00
1.199955096307909308e+00
1.199955012370899965e+00
1.199954928433872192e+00
1.199954844496826434e+00
1.199954760559762468e+00
1.199954676622680294e+00
1.199954592685580135e+00
1.199954508748461546e+00
1.199954424811324527e+00
1.199954340874169745e+00
1.199954256936996311e+00
1.199954172999804891e+00
1.199954089062595708e+00
1.199954005125367873e+00
1.199953921188121830e+00
1.199953837250857802e+00
1.199953753313575566e+00
1.199953669376275123e+00
1.199953585438956249e+00
1.199953501501619613e+00
1.199953417564264546e+00
1.199953333626891494e+00
1.199953249689499790e+00
1.199953165752090545e+00
1.199953081814662426e+00
1.199952997877216321e+00
1.199952913939752230e+00
1.199952830002269932e+00
1.199952746064769205e+00
1.199952662127250713e+00
1.199952578189713570e+00
1.199952494252158441e+00
1.199952410314585105e+00
1.199952326376994005e+00
1.199952242439384031e+00
1.199952158501756072e+00
1.199952074564110127e+00
1.199951990626445975e+00
1.199951906688763392e+00
1.199951822751062824e+00
1.199951738813343605e+00
1.199951654875607066e+00
1.199951570937851653e+00
1.199951487000078254e+00
1.199951403062286648e+00
1.199951319124477056e+00
1.199951235186649035e+00
1.199951151248802583e+00
1.199951067310938146e+00
1.199950983373055946e+00
1.199950899435154872e+00
1.199950815497236256e+00
1.199950731559298767e+00
1.199950647621343514e+00
1.199950563683370275e+00
1.199950479745378384e+00
1.199950395807368508e+00
1.199950311869340647e+00
1.199950227931294133e+00
1.199950143993229634e+00
1.199950060055147150e+00
1.199949976117046457e+00
1.199949892178927113e+00
1.199949808240790006e+00
1.199949724302634912e+00
1.199949640364461168e+00
1.199949556426269659e+00
1.199949472488059499e+00
1.199949388549831131e+00
1.199949304611584999e+00
1.199949220673320660e+00
1.199949136735037669e+00
1.199949052796736915e+00
1.199948968858417508e+00
1.199948884920080339e+00
1.199948800981724739e+00
1.199948717043351154e+00
1.199948633104959139e+00
1.199948549166549139e+00
1.199948465228120931e+00
1.199948381289674515e+00
1.199948297351209892e+00
1.199948213412726838e+00
1.199948129474226022e+00
1.199948045535706553e+00
1.199947961597169321e+00
1.199947877658613882e+00
1.199947793720039790e+00
1.199947709781448157e+00
1.199947625842837873e+00
1.199947541904209602e+00
1.199947457965562903e+00
1.199947374026898217e+00
1.199947290088215324e+00
1.199947206149514223e+00
1.199947122210795136e+00
1.199947038272057398e+00
1.199946954333301674e+00
1.199946870394527965e+00
1.199946786455735825e+00
1.199946702516925923e+00
1.199946618578097146e+00
1.199946534639250384e+00
1.199946450700385636e+00
1.199946366761502903e+00
1.199946282822601518e+00
1.199946198883682147e+00
1.199946114944744568e+00
1.199946031005788782e+00
1.199945947066814789e+00
1.199945863127822809e+00
1.199945779188812400e+00
1.199945695249784006e+00
1.199945611310737181e+00
1.199945527371672149e+00
1.199945443432588688e+00
1.199945359493487906e+00
1.199945275554368251e+00
1.199945191615230389e+00
1.199945107676074763e+00
1.199945023736900485e+00
1.199944939797708443e+00
1.199944855858497972e+00
1.199944771919269071e+00
1.199944687980022406e+00
1.199944604040757534e+00
1.199944520101474232e+00
1.199944436162172945e+00
1.199944352222853672e+00
1.199944268283515525e+00
1.199944184344159614e+00
1.199944100404785496e+00
1.199944016465393171e+00
1.199943932525982637e+00
1.199943848586553896e+00
1.199943764647106725e+00
1.199943680707642013e+00
1.199943596768158427e+00
1.199943512828657077e+00
1.199943428889137520e+00
1.199943344949599755e+00
1.199943261010043338e+00
1.199943177070469158e+00
1.199943093130876770e+00
1.199943009191266174e+00
1.199942925251637371e+00
1.199942841311990360e+00
1.199942757372324920e+00
1.199942673432641715e+00
1.199942589492940082e+00
1.199942505553220240e+00
1.199942421613482191e+00
1.199942337673726378e+00
1.199942253733951913e+00
1.199942169794159241e+00
1.199942085854348583e+00
1.199942001914519940e+00
1.199941917974672645e+00
1.199941834034807586e+00
1.199941750094923876e+00
1.199941666155022402e+00
1.199941582215102498e+00
1.199941498275164387e+00
1.199941414335208067e+00
1.199941330395233763e+00
1.199941246455241251e+00
1.199941162515230308e+00
1.199941078575201159e+00
1.199940994635154246e+00
1.199940910695088458e+00
1.199940826755005352e+00
1.199940742814903150e+00
1.199940658874783628e+00
1.199940574934645232e+00
1.199940490994488851e+00
1.199940407054314484e+00
1.199940323114121687e+00
1.199940239173910683e+00
1.199940155233681471e+00
1.199940071293434052e+00
1.199939987353168869e+00
1.199939903412885034e+00
1.199939819472582991e+00
1.199939735532262963e+00
1.199939651591924950e+00
1.199939567651568506e+00
1.199939483711193855e+00
1.199939399770801218e+00
1.199939315830390152e+00
1.199939231889961100e+00
1.199939147949513618e+00
1.199939064009047929e+00
1.199938980068564254e+00
1.199938896128062149e+00
1.199938812187542059e+00
1.199938728247003761e+00
1.199938644306447255e+00
1.199938560365872542e+00
1.199938476425279621e+00
1.199938392484668492e+00
1.199938308544038934e+00
1.199938224603391612e+00
1.199938140662725861e+00
1.199938056722041901e+00
1.199937972781340179e+00
1.199937888840620026e+00
1.199937804899881222e+00
1.199937720959124654e+00
1.199937637018349879e+00
1.199937553077556895e+00
1.199937469136745483e+00
1.199937385195916306e+00
1.199937301255068478e+00
1.199937217314202886e+00
1.199937133373319087e+00
1.199937049432416414e+00
1.199936965491496199e+00
1.199936881550557777e+00
1.199936797609601147e+00
1.199936713668626309e+00
1.199936629727633264e+00
1.199936545786621789e+00
1.199936461845592328e+00
1.199936377904544882e+00
1.199936293963478784e+00
1.199936210022394478e+00
1.199936126081292409e+00
1.199936042140171910e+00
1.199935958199033648e+00
1.199935874257876289e+00
1.199935790316701612e+00
1.199935706375508060e+00
1.199935622434296967e+00
1.199935538493067222e+00
1.199935454551819269e+00
1.199935370610553553e+00
1.199935286669269408e+00
1.199935202727966832e+00
1.199935118786646493e+00
1.199935034845307502e+00
1.199934950903950748e+00
1.199934866962575564e+00
1.199934783021182394e+00
1.199934699079770573e+00
1.199934615138341210e+00
1.199934531196893417e+00
1.199934447255427195e+00
1.199934363313942987e+00
1.199934279372440571e+00
1.199934195430919948e+00
1.199934111489381339e+00
1.199934027547823856e+00
1.199933943606249054e+00
1.199933859664655600e+00
1.199933775723043938e+00
1.199933691781413847e+00
1.199933607839766214e+00
1.199933523898099930e+00
1.199933439956415437e+00
1.199933356014712960e+00
1.199933272072992274e+00
1.199933188131253159e+00
1.199933104189496058e+00
1.199933020247720750e+00
1.199932936305927011e+00
1.199932852364115732e+00
1.199932768422285578e+00
1.199932684480437439e+00
1.199932600538571315e+00
1.199932516596686760e+00
1.199932432654783998e+00
1.199932348712863250e+00
1.199932264770924295e+00
1.199932180828967132e+00
1.199932096886991539e+00
1.199932012944997961e+00
1.199931929002986397e+00
1.199931845060956181e+00
1.199931761118907758e+00
1.199931677176841793e+00
1.199931593234757621e+00
1.199931509292654574e+00
1.199931425350533543e+00
1.199931341408394525e+00
1.199931257466237078e+00
1.199931173524061423e+00
1.199931089581868005e+00
1.199931005639655934e+00
1.199930921697426101e+00
1.199930837755177615e+00
1.199930753812911144e+00
1.199930669870626465e+00
1.199930585928323579e+00
1.199930501986002485e+00
1.199930418043663183e+00
1.199930334101305895e+00
1.199930250158930178e+00
1.199930166216536254e+00
1.199930082274124121e+00
1.199929998331694003e+00
1.199929914389245678e+00
1.199929830446779144e+00
1.199929746504294403e+00
1.199929662561791455e+00
1.199929578619270298e+00
1.199929494676730934e+00
1.199929410734173363e+00
1.199929326791597806e+00
1.199929242849003819e+00
1.199929158906391624e+00
1.199929074963761444e+00
1.199928991021113278e+00
1.199928907078446461e+00
1.199928823135761435e+00
1.199928739193058203e+00
1.199928655250336984e+00
1.199928571307597780e+00
1.199928487364839924e+00
1.199928403422064083e+00
1.199928319479270256e+00
1.199928235536457999e+00
1.199928151593627756e+00
1.199928067650779084e+00
1.199927983707912205e+00
1.199927899765027117e+00
1.199927815822124044e+00
1.199927731879202764e+00
1.199926686227914763e+00
1.199925032635054345e+00
1.199923379035135129e+00
1.199921725428156893e+00
1.199920071814119416e+00
1.199918418193022251e+00
1.199916764564866511e+00
1.199915110929651085e+00
1.199913457287376195e+00
1.199911803638042285e+00
1.199910149981649132e+00
1.199908496318196516e+00
1.199906842647684657e+00
1.199905188970112668e+00
1.199903535285481881e+00
1.199901881593791408e+00
1.199900227895041027e+00
1.199898574189231626e+00
1.199896920476362316e+00
1.199895266756433321e+00
1.199893613029444417e+00
1.199891959295396493e+00
1.199890305554288439e+00
1.199888651806120698e+00
1.199886998050893050e+00
1.199885344288605715e+00
1.199883690519258472e+00
1.199882036742851321e+00
1.199880382959384040e+00
1.199878729168857072e+00
1.199877075371269974e+00
1.199875421566623190e+00
1.199873767754915832e+00
1.199872113936148788e+00
1.199870460110321835e+00
1.199868806277434530e+00
1.199867152437486872e+00
1.199865498590478863e+00
1.199863844736410501e+00
1.199862190875282231e+00
1.199860537007093608e+00
1.199858883131844633e+00
1.199857229249535528e+00
1.199855575360165627e+00
1.199852883013894145e+00
1.199850055771782609e+00
1.199847228509039132e+00
1.199844401225663271e+00
1.199841573921655691e+00
1.199838746597015504e+00
1.199835919251742933e+00
1.199833091885837311e+00
1.199830264499299304e+00
1.199827437092127802e+00
1.199824609664323471e+00
1.199821782215885202e+00
1.199818954746813882e+00
1.199816127257108844e+00
1.199813299746769868e+00
1.199810472215797175e+00
1.199807644664190320e+00
1.199804817091949083e+00
1.199801989499073240e+00
1.199799161885562793e+00
1.199796334251418184e+00
1.199793506596638082e+00
1.199790678921222709e+00
1.199787851225172508e+00
1.199785023508486814e+00
1.199781842886624705e+00
1.199777857291201677e+00
1.199773871654784330e+00
1.199769885977372441e+00
1.199765900258965123e+00
1.199761914499561710e+00
1.199757928699162424e+00
1.199753942857766376e+00
1.199749956975373344e+00
1.199745971051983107e+00
1.199741985087594554e+00
1.199737999082207685e+00
1.199734013035822278e+00
1.199730026948437223e+00
1.199726040820052742e+00
1.199722054650667946e+00
1.199718068440282615e+00
1.199714082188896302e+00
1.199709916383377317e+00
1.199704776959841457e+00
1.199699637468151447e+00
1.199694497908306623e+00
1.199689358280306095e+00
1.199684218584148754e+00
1.199679078819833933e+00
1.199673938987360744e+00
1.199668799086727411e+00
1.199663659117934156e+00
1.199658519080979424e+00
1.199653378975862550e+00
1.199648238802581757e+00
1.199643098561137267e+00
1.199637867868139640e+00
1.199631576371424257e+00
1.199625284772593448e+00
1.199618993071645434e+00
1.199612701268577775e+00
1.199606409363389137e+00
1.199600117356077744e+00
1.199593825246642043e+00
1.199587533035080034e+00
1.199581240721390163e+00
1.199574948305570876e+00
1.199568655787619953e+00
1.199561699558354455e+00
1.199554256610107839e+00
1.199546813518973076e+00
1.199539370284948614e+00
1.199531926908030899e+00
1.199524483388217266e+00
1.199517039725504830e+00
1.199509595919890481e+00
1.199502151971371777e+00
1.199494707879945166e+00
1.199486283132779274e+00
1.199477688953423327e+00
1.199469094583593964e+00
1.199460500023288523e+00
1.199451905272501229e+00
1.199443310331227863e+00
1.199434715199464874e+00
1.199426119877206709e+00
1.199417030524613015e+00
1.199407285223495157e+00
1.199397539677504509e+00
1.199387793886634856e+00
1.199378047850879536e+00
1.199368301570232553e+00
1.199358555044686803e+00
1.199348808274236067e+00
1.199276386092270608e+00
1.199203950391459106e+00
1.199131501169156122e+00
1.199059038422720436e+00
1.198986562149504165e+00
1.198914072346864090e+00
1.198841569012155661e+00
1.198769052142733216e+00
1.198696521735950871e+00
1.198623977789161854e+00
1.198551420299720061e+00
1.198478849264978052e+00
1.198406264682289057e+00
1.198333666549005194e+00
1.198261054862479247e+00
1.198188429620062667e+00
1.198115790819106463e+00
1.198043138456962753e+00
1.197970472530981434e+00
1.197897793038514180e+00
1.197825099976910002e+00
1.197752393343519683e+00
1.197679673135692013e+00
1.197606939350776889e+00
1.197534191986122876e+00
1.197461431039078539e+00
1.197388656506992222e+00
1.197315868387212046e+00
1.197243066677085466e+00
1.197170251373959937e+00
1.197097422475181583e+00
1.197024579978098080e+00
1.196951723880055551e+00
1.196878854178399454e+00
1.196805970870476354e+00
1.196733073953630599e+00
1.196660163425208312e+00
1.196587239282552950e+00
1.196514301523009971e+00
1.196441350143923055e+00
1.196368385142636104e+00
1.196295406516492132e+00
1.196222414262834599e+00
1.196149408379006296e+00
1.196076388862349793e+00
1.196003355710206772e+00
1.195930308919919804e+00
1.195857248488829683e+00
1.195784174414277867e+00
1.195711086693605596e+00
1.195637985324152774e+00
1.195564870303259752e+00
1.195491741628267546e+00
1.195418599296514506e+00
1.195345443305340094e+00
1.195272273652083772e+00
1.195199090334083669e+00
1.195125893348678137e+00
1.195052682693205748e+00
1.194979458365003744e+00
1.194906220361409588e+00
1.194832968679760077e+00
1.194759703317392674e+00
1.194686424271643066e+00
1.194613131539847828e+00
1.194539825119342424e+00
1.194466505007462986e+00
1.194393171201543646e+00
1.194319823698920091e+00
1.194246462496926231e+00
1.194173087592897087e+00
1.194099698984165903e+00
1.194026296668065923e+00
1.193952880641931280e+00
1.193879450903094108e+00
1.193806007448887874e+00
1.193732550276643822e+00
1.193659079383694976e+00
1.193585594767373026e+00
1.193512096425008551e+00
1.193438584353933463e+00
1.193365058551478119e+00
1.193291519014972879e+00
1.193217965741748099e+00
1.193144398729133471e+00
1.193070817974458020e+00
1.192997223475051882e+00
1.192923615228242973e+00
1.192849993231360539e+00
1.192776357481732274e+00
1.192702707976686316e+00
1.192629044713550801e+00
1.192555367689652757e+00
1.192481676902318988e+00
1.192407972348876077e+00
1.192334254026650830e+00
1.192260521932968942e+00
1.192186776065156550e+00
1.192113016420538907e+00
1.192039242996441040e+00
1.191965455790187312e+00
1.191891654799103195e+00
1.191817840020515051e+00
1.191744011451740803e+00
1.191670169090107034e+00
1.191596312932937884e+00
1.191522442977555718e+00
1.191448559221283787e+00
1.191374661661444234e+00
1.191300750295358313e+00
1.191226825120348831e+00
1.191152886133736377e+00
1.191078933332842649e+00
1.191004966714987567e+00
1.190930986277492387e+00
1.190856992017676808e+00
1.190782983932860972e+00
1.190708962020364359e+00
1.190634926277506889e+00
1.190560876701606485e+00
1.190486813289982404e+00
1.190412736039952790e+00
1.190338644948835789e+00
1.190264540013949324e+00
1.190190421232610207e+00
1.190116288602135919e+00
1.190042142119843493e+00
1.189967981783049744e+00
1.189893807589069707e+00
1.189819619535220419e+00
1.189745417618816914e+00
1.189671201837174674e+00
1.189596972187608070e+00
1.189522728667433249e+00
1.189448471273963248e+00
1.189374200004512439e+00
1.189299914856394969e+00
1.189225615826924320e+00
1.189151302913412867e+00
1.189076976113174089e+00
1.189002635423520582e+00
1.188928280841764051e+00
1.188853912365217091e+00
1.188779529991191408e+00
1.188705133716997597e+00
1.188630723539947365e+00
1.188556299457351306e+00
1.188481861466519574e+00
1.188407409564762984e+00
1.188332943749390580e+00
1.188258464017712068e+00
1.188183970367037379e+00
1.188109462794674664e+00
1.188034941297932967e+00
1.187960405874120440e+00
1.187885856520545014e+00
1.187811293234514842e+00
1.187736716013336746e+00
1.187662124854318435e+00
1.187587519754766285e+00
1.187512900711986896e+00
1.187438267723286645e+00
1.187363620785971463e+00
1.187288959897347285e+00
1.187214285054718932e+00
1.187139596255391449e+00
1.187064893496669882e+00
1.186990176775858608e+00
1.186915446090261783e+00
1.186840701437182899e+00
1.186765942813925889e+00
1.186691170217793800e+00
1.186616383646090123e+00
1.186541583096116570e+00
1.186466768565176189e+00
1.186391940050570915e+00
1.186317097549602462e+00
1.186242241059572322e+00
1.186167370577781544e+00
1.186092486101531396e+00
1.186017587628122039e+00
1.185942675154854076e+00
1.185867748679027445e+00
1.185792808197941417e+00
1.185717853708896374e+00
1.185642885209190478e+00
1.185567902696122333e+00
1.185492906166991434e+00
1.185417895619095718e+00
1.185342871049732905e+00
1.185267832456200710e+00
1.185192779835796184e+00
1.185117713185817045e+00
1.185042632503559679e+00
1.184967537786320468e+00
1.184892429031395578e+00
1.184817306236081391e+00
1.184742169397672740e+00
1.184667018513465786e+00
1.184591853580754695e+00
1.184516674596834740e+00
1.184441481559000087e+00
1.184366274464544899e+00
1.184291053310763342e+00
1.184215818094948691e+00
1.184140568814393779e+00
1.184065305466392326e+00
1.183990028048236720e+00
1.183914736557219793e+00
1.183839430990632824e+00
1.183764111345767756e+00
1.183688777619916754e+00
1.183613429810370654e+00
1.183538067914420289e+00
1.183462691929356714e+00
1.183387301852469875e+00
1.183311897681050162e+00
1.183236479412387077e+00
1.183161047043770786e+00
1.183085600572489238e+00
1.183010139995833043e+00
1.182934665311089262e+00
1.182859176515547173e+00
1.182783673606494723e+00
1.182708156581219638e+00
1.182632625437009199e+00
1.182557080171151132e+00
1.182481520780931383e+00
1.182405947263637902e+00
1.182330359616555970e+00
1.182254757836972203e+00
1.182179141922172549e+00
1.182103511869441848e+00
1.182027867676065380e+00
1.181952209339328874e+00
1.181876536856516502e+00
1.181800850224912436e+00
1.181725149441800848e+00
1.181649434504465468e+00
1.181573705410190245e+00
1.181497962156258019e+00
1.181422204739951409e+00
1.181346433158553921e+00
1.181270647409347285e+00
1.181194847489613897e+00
1.181119033396635709e+00
1.181043205127694007e+00
1.180967362680069632e+00
1.180891506051044315e+00
1.180815635237898675e+00
1.180739750237912666e+00
1.180663851048366908e+00
1.180587937666540466e+00
1.180512010089713959e+00
1.180436068315165565e+00
1.180360112340175238e+00
1.180284142162020933e+00
1.180208157777982603e+00
1.180132159185336427e+00
1.180056146381361248e+00
1.179980119363334579e+00
1.179904078128533929e+00
1.179828022674235921e+00
1.179751952997717845e+00
1.179675869096255880e+00
1.179599770967126204e+00
1.179523658607605219e+00
1.179447532014967992e+00
1.179371391186490037e+00
1.179295236119446644e+00
1.179219066811112882e+00
1.179142883258762264e+00
1.179066685459670083e+00
1.178990473411110518e+00
1.178914247110356417e+00
1.178838006554681961e+00
1.178761751741359554e+00
1.178685482667662932e+00
1.178609199330864055e+00
1.178532901728236215e+00
1.178456589857050485e+00
1.178380263714578824e+00
1.178303923298093192e+00
1.178227568604865105e+00
1.178151199632164525e+00
1.178074816377262746e+00
1.177998418837430616e+00
1.177922007009937655e+00
1.177845580892053601e+00
1.177769140481048860e+00
1.177692685774192061e+00
1.177616216768752722e+00
1.177539733461999472e+00
1.177463235851200940e+00
1.177386723933624646e+00
1.177310197706539885e+00
1.177233657167213510e+00
1.177157102312913040e+00
1.177080533140906216e+00
1.177003949648459002e+00
1.176927351832838697e+00
1.176850739691311265e+00
1.176774113221143114e+00
1.176697472419599988e+00
1.176620817283947185e+00
1.176544147811450669e+00
1.176467463999374630e+00
1.176390765844984365e+00
1.176314053345544064e+00
1.176237326498318359e+00
1.176160585300570771e+00
1.176083829749565046e+00
1.176007059842565150e+00
1.175930275576833273e+00
1.175853476949632936e+00
1.175776663958226553e+00
1.175699836599876535e+00
1.175622994871845295e+00
1.175546138771393911e+00
1.175469268295784131e+00
1.175392383442277922e+00
1.175315484208135475e+00
1.175238570590617870e+00
1.175161642586985522e+00
1.175084700194499066e+00
1.175007743410417804e+00
1.174930772232001930e+00
1.174853786656510524e+00
1.174776786681202889e+00
1.174699772303337664e+00
1.174622743520174373e+00
1.174545700328970099e+00
1.174468642726983703e+00
1.174391570711473154e+00
1.174314484279695980e+00
1.174237383428909265e+00
1.174160268156370091e+00
1.174083138459335762e+00
1.174005994335060699e+00
1.173928835780804425e+00
1.173851662793821360e+00
1.173774475371367476e+00
1.173697273510698080e+00
1.173620057209068701e+00
1.173542826463733979e+00
1.173465581271948777e+00
1.173388321630967290e+00
1.173311047538043717e+00
1.173233758990433140e+00
1.173156455985387758e+00
1.173079138520161990e+00
1.173001806592008478e+00
1.172924460198180530e+00
1.172847099335929677e+00
1.172769724002510117e+00
1.172692334195172714e+00
1.172614929911169668e+00
1.172537511147752953e+00
1.172460077902173436e+00
1.172382630171681983e+00
1.172305167953530569e+00
1.172227691244968950e+00
1.172150200043247548e+00
1.172072694345616339e+00
1.171995174149325303e+00
1.171917639451624416e+00
1.171840090249762545e+00
1.171762526540988558e+00
1.171684948322551767e+00
1.171607355591700816e+00
1.171529748345683464e+00
1.171452126581748132e+00
1.171374490297142801e+00
1.171296839489114339e+00
1.171219174154910947e+00
1.171141494291779495e+00
1.171063799896965962e+00
1.170986090967717441e+00
1.170908367501280578e+00
1.170830629494901132e+00
1.170752876945824417e+00
1.170675109851297080e+00
1.170597328208563326e+00
1.170519532014868469e+00
1.170441721267457824e+00
1.170363895963574929e+00
1.170286056100465322e+00
1.170208201675372095e+00
1.170130332685539454e+00
1.170052449128210936e+00
1.169974551000629637e+00
1.169896638300038871e+00
1.169818711023680846e+00
1.169740769168798877e+00
1.169662812732634505e+00
1.169584841712431045e+00
1.169506856105428927e+00
1.169428855908870357e+00
1.169350841119996653e+00
1.169272811736048689e+00
1.169194767754267339e+00
1.169116709171893254e+00
1.169038635986167085e+00
1.168960548194327487e+00
1.168882445793616665e+00
1.168804328781272384e+00
1.168726197154534630e+00
1.168648050910642500e+00
1.168569890046835091e+00
1.168491714560350614e+00
1.168413524448427054e+00
1.168335319708303510e+00
1.168257100337217302e+00
1.168178866332406418e+00
1.168100617691107956e+00
1.168022354410559238e+00
1.167944076487997140e+00
1.167865783920658540e+00
1.167787476705779204e+00
1.167709154840596231e+00
1.167630818322345165e+00
1.167552467148261552e+00
1.167474101315581159e+00
1.167395720821539085e+00
1.167317325663370209e+00
1.167238915838309854e+00
1.167160491343592232e+00
1.167082052176451112e+00
1.167003598334121151e+00
1.166925129813835893e+00
1.166846646612829330e+00
1.166768148728334120e+00
1.166689636157583587e+00
1.166611108897811055e+00
1.166532566946248517e+00
1.166454010300128852e+00
1.166375438956683830e+00
1.166296852913145443e+00
1.166218252166745462e+00
1.166139636714715433e+00
1.166061006554286017e+00
1.165982361682688762e+00
1.165903702097154770e+00
1.165825027794913371e+00
1.165746338773195667e+00
1.165667635029231430e+00
1.165588916560250432e+00
1.165510183363482444e+00
1.165431435436156571e+00
1.165352672775502141e+00
1.165273895378747371e+00
1.165195103243121588e+00
1.165116296365853232e+00
1.165037474744170076e+00
1.164958638375300337e+00
1.164879787256471122e+00
1.164800921384911092e+00
1.164722040757846022e+00
1.164643145372503685e+00
1.164564235226110966e+00
1.164485310315894528e+00
1.164406370639079924e+00
1.164327416192894038e+00
1.164248446974562423e+00
1.164169462981310632e+00
1.164090464210363995e+00
1.164011450658948066e+00
1.163932422324287508e+00
1.163853379203607208e+00
1.163774321294131608e+00
1.163695248593084264e+00
1.163616161097690727e+00
1.163537058805173663e+00
1.163457941712756849e+00
1.163378809817663617e+00
1.163299663117117300e+00
1.163220501608340784e+00
1.163141325288556294e+00
1.163062134154987159e+00
1.162982928204854938e+00
1.162903707435381628e+00
1.162824471843789675e+00
1.162745221427299969e+00
1.162665956183133620e+00
1.162586676108512407e+00
1.162507381200656997e+00
1.162428071456788059e+00
1.162348746874126038e+00
1.162269407449891157e+00
1.162190053181302751e+00
1.162110684065581934e+00
1.162031300099947373e+00
1.161951901281618849e+00
1.161872487607814586e+00
1.161793059075754364e+00
1.161713615682656631e+00
1.161634157425739833e+00
1.161554684302221752e+00
1.161475196309321500e+00
1.161395693444255972e+00
1.161316175704242726e+00
1.161236643086499098e+00
1.161157095588242871e+00
1.161077533206690715e+00
1.160997955939058857e+00
1.160918363782564189e+00
1.160838756734422939e+00
1.160759134791851110e+00
1.160679497952064709e+00
1.160599846212278852e+00
1.160520179569709764e+00
1.160440498021571676e+00
1.160360801565080591e+00
1.160281090197450071e+00
1.160201363915895678e+00
1.160121622717630974e+00
1.160041866599870630e+00
1.159962095559828654e+00
1.159882309594717942e+00
1.159802508701752943e+00
1.159722692878146333e+00
1.159642862121111229e+00
1.159563016427860305e+00
1.159483155795606679e+00
1.159403280221562360e+00
1.159323389702939355e+00
1.159243484236950117e+00
1.159163563820806431e+00
1.159083628451719417e+00
1.159003678126900860e+00
1.158923712843561660e+00
1.158843732598912712e+00
1.158763737390164694e+00
1.158683727214528725e+00
1.158603702069214814e+00
1.158523661951432304e+00
1.158443606858392094e+00
1.158363536787302861e+00
1.158283451735375502e+00
1.158203351699818251e+00
1.158123236677839785e+00
1.158043106666650335e+00
1.157962961663457246e+00
1.157882801665470085e+00
1.157802626669895751e+00
1.157722436673943589e+00
1.157642231674820499e+00
1.157562011669734714e+00
1.157481776655892913e+00
1.157401526630503108e+00
1.157321261590771755e+00
1.157240981533906421e+00
1.157160686457112231e+00
1.157080376357596974e+00
1.157000051232566662e+00
1.156919711079226198e+00
1.156839355894782706e+00
1.156758985676441309e+00
1.156678600421407133e+00
1.156598200126885079e+00
1.156517784790081160e+00
1.156437354408198948e+00
1.156356908978444231e+00
1.156276448498020581e+00
1.156195972964132457e+00
1.156115482373983649e+00
1.156034976724777730e+00
1.155954456013718934e+00
1.155873920238010610e+00
1.155793369394855219e+00
1.155712803481456330e+00
1.155632222495016403e+00
1.155551626432738344e+00
1.155471015291824388e+00
1.155390389069476775e+00
1.155309747762897521e+00
1.155229091369287975e+00
1.155148419885850597e+00
1.155067733309786293e+00
1.154987031638295969e+00
1.154906314868581640e+00
1.154825582997843325e+00
1.154744836023281929e+00
1.154664073942097469e+00
1.154583296751490629e+00
1.154502504448661870e+00
1.154421697030810101e+00
1.154340874495135560e+00
1.154260036838837600e+00
1.154179184059115348e+00
1.154098316153168602e+00
1.154017433118195157e+00
1.153936534951394588e+00
1.153855621649965135e+00
1.153774693211104818e+00
1.153693749632012544e+00
1.153612790909885222e+00
1.153531817041921981e+00
1.153450828025318620e+00
1.153369823857274268e+00
1.153288804534984946e+00
1.153207770055647785e+00
1.153126720416460138e+00
1.153045655614618692e+00
1.152964575647319023e+00
1.152883480511757819e+00
1.152802370205131322e+00
1.152721244724635552e+00
1.152640104067465643e+00
1.152558948230817615e+00
1.152477777211886600e+00
1.152396591007867732e+00
1.152315389615956143e+00
1.152234173033346076e+00
1.152152941257232666e+00
1.152071694284810155e+00
1.151990432113273011e+00
1.151909154739814811e+00
1.151827862161629357e+00
1.151746554375910447e+00
1.151665231379852106e+00
1.151583893170646800e+00
1.151502539745488329e+00
1.151421171101569385e+00
1.151339787236082435e+00
1.151258388146220835e+00
1.151176973829176164e+00
1.151095544282141558e+00
1.151014099502307486e+00
1.150932639486867526e+00
1.150851164233012369e+00
1.150769673737934040e+00
1.150688167998823230e+00
1.150606647012871964e+00
1.150525110777270266e+00
1.150443559289209494e+00
1.150361992545880563e+00
1.150280410544473275e+00
1.150198813282178101e+00
1.150117200756185065e+00
1.150035572963684638e+00
1.149953929901865513e+00
1.149872271567918380e+00
1.149790597959031713e+00
1.149708909072395313e+00
1.149627204905198319e+00
1.149545485454628979e+00
1.149463750717876431e+00
1.149382000692129147e+00
1.149300235374575152e+00
1.149218454762403141e+00
1.149136658852801141e+00
1.149054847642956290e+00
1.148973021130056615e+00
1.148891179311289923e+00
1.148809322183843351e+00
1.148727449744904261e+00
1.148645561991658681e+00
1.148563658921294195e+00
1.148481740530997941e+00
1.148399806817955504e+00
1.148317857779353579e+00
1.148235893412377973e+00
1.148153913714215379e+00
1.148071918682050718e+00
1.147989908313070462e+00
1.147907882604459529e+00
1.147825841553403281e+00
1.147743785157087304e+00
1.147661713412696072e+00
1.147579626317414503e+00
1.147497523868427072e+00
1.147415406062918919e+00
1.147333272898073853e+00
1.147251124371075681e+00
1.147168960479109323e+00
1.147086781219357476e+00
1.147004586589004838e+00
1.146922376585234327e+00
1.146840151205229752e+00
1.146757910446173589e+00
1.146675654305249648e+00
1.146593382779640180e+00
1.146511095866527885e+00
1.146428793563095683e+00
1.146346475866525605e+00
1.146264142774000128e+00
1.146181794282701061e+00
1.146099430389810436e+00
1.146017051092509842e+00
1.145934656387981310e+00
1.145852246273405539e+00
1.145769820745964562e+00
1.145687379802838413e+00
1.145604923441209566e+00
1.145522451658257612e+00
1.145439964451163473e+00
1.145357461817108069e+00
1.145274943753270991e+00
1.145192410256833160e+00
1.145109861324973721e+00
1.145027296954873153e+00
1.144944717143711266e+00
1.144862121888667428e+00
1.144779511186920562e+00
1.144696885035650480e+00
1.144614243432036327e+00
1.144531586373256582e+00
1.144448913856490391e+00
1.144366225878916454e+00
1.144283522437713030e+00
1.144200803530058597e+00
1.144118069153131190e+00
1.144035319304108844e+00
1.143952553980169595e+00
1.143869773178491256e+00
1.143786976896251195e+00
1.143704165130626560e+00
1.143621337878795829e+00
1.143538495137934374e+00
1.143455636905221118e+00
1.143372763177831208e+00
1.143289873952942237e+00
1.143206969227730463e+00
1.143124048999372810e+00
1.143041113265045094e+00
1.142958162021923130e+00
1.142875195267183175e+00
1.142792212998001933e+00
1.142709215211553886e+00
1.142626201905014627e+00
1.142543173075560192e+00
1.142460128720365509e+00
1.142377068836606169e+00
1.142293993421455989e+00
1.142210902472091005e+00
1.142127795985685257e+00
1.142044673959413448e+00
1.141961536390450282e+00
1.141878383275969355e+00
1.141795214613145149e+00
1.141712030399151701e+00
1.141628830631163272e+00
1.141545615306352568e+00
1.141462384421893628e+00
1.141379137974960267e+00
1.141295875962725415e+00
1.141212598382362220e+00
1.141129305231043611e+00
1.141045996505942961e+00
1.140962672204232531e+00
1.140879332323084805e+00
1.140795976859672933e+00
1.140712605811168512e+00
1.140629219174744025e+00
1.140545816947571733e+00
1.140462399126823234e+00
1.140378965709670345e+00
1.140295516693285549e+00
1.140212052074839555e+00
1.140128571851503514e+00
1.140045076020449022e+00
1.139961564578847897e+00
1.139878037523870180e+00
1.139794494852687468e+00
1.139710936562469801e+00
1.139627362650388331e+00
1.139543773113613323e+00
1.139460167949315261e+00
1.139376547154664410e+00
1.139292910726830144e+00
1.139209258662983837e+00
1.139125590960294421e+00
1.139041907615931049e+00
1.138958208627064428e+00
1.138874493990863490e+00
1.138790763704497833e+00
1.138707017765136609e+00
1.138623256169948306e+00
1.138539478916102743e+00
1.138455686000767964e+00
1.138371877421113565e+00
1.138288053174307146e+00
1.138204213257517861e+00
1.138120357667914195e+00
1.138036486402663305e+00
1.137952599458934566e+00
1.137868696833894910e+00
1.137784778524713047e+00
1.137700844528556576e+00
1.137616894842592208e+00
1.137532929463988207e+00
1.137448948389911951e+00
1.137364951617530373e+00
1.137280939144011072e+00
1.137196910966520536e+00
1.137112867082225698e+00
1.137028807488293713e+00
1.136944732181890849e+00
1.136860641160184038e+00
1.136776534420339324e+00
1.136692411959522753e+00
1.136608273774901701e+00
1.136524119863640880e+00
1.136439950222907003e+00
1.136355764849865668e+00
1.136271563741682700e+00
1.136187346895523920e+00
1.136103114308554263e+00
1.136018865977939551e+00
1.135934601900844942e+00
1.135850322074436036e+00
1.135766026495876879e+00
1.135681715162333072e+00
1.135597388070969549e+00
1.135513045218950801e+00
1.135428686603441539e+00
1.135344312221606256e+00
1.135259922070609218e+00
1.135175516147614250e+00
1.135091094449786731e+00
1.135006656974289596e+00
1.134922203718287559e+00
1.134837734678943999e+00
1.134753249853422963e+00
1.134668749238887386e+00
1.134584232832501760e+00
1.134499700631429020e+00
1.134415152632832324e+00
1.134330588833875275e+00
1.134246009231721031e+00
1.134161413823531639e+00
1.134076802606470924e+00
1.133992175577701822e+00
1.133907532734386603e+00
1.133822874073687537e+00
1.133738199592767781e+00
1.133653509288789607e+00
1.133568803158914617e+00
1.133484081200305749e+00
1.133399343410124605e+00
1.133314589785533677e+00
1.133229820323694348e+00
1.133145035021768887e+00
1.133060233876918232e+00
1.132975416886304654e+00
1.132890584047089533e+00
1.132805735356433807e+00
1.132720870811499525e+00
1.132635990409447180e+00
1.132551094147438375e+00
1.132466182022633605e+00
1.132381254032194251e+00
1.132296310173280585e+00
1.132211350443053988e+00
1.132126374838675176e+00
1.132041383357303976e+00
1.131956375996100661e+00
1.131871352752227056e+00
1.131786313622841655e+00
1.131701258605105842e+00
1.131616187696178999e+00
1.131531100893221398e+00
1.131445998193392866e+00
1.131360879593853674e+00
1.131275745091762319e+00
1.131190594684279516e+00
1.131105428368564869e+00
1.131020246141776875e+00
1.130935048001075360e+00
1.130849833943619931e+00
1.130764603966569526e+00
1.130679358067082640e+00
1.130594096242319546e+00
1.130508818489438516e+00
1.130423524805597379e+00
1.130338215187956630e+00
1.130252889633674096e+00
1.130167548139908273e+00
1.130082190703817657e+00
1.129996817322560965e+00
1.129911427993296247e+00
1.129826022713181999e+00
1.129740601479376050e+00
1.129655164289037117e+00
1.129569711139322363e+00
1.129484242027390284e+00
1.129398756950398486e+00
1.129313255905504576e+00
1.129227738889867050e+00
1.129142205900642404e+00
1.129056656934989133e+00
1.128971091990063735e+00
1.128885511063024705e+00
1.128799914151028760e+00
1.128714301251232621e+00
1.128628672360794116e+00
1.128543027476869742e+00
1.128457366596617550e+00
1.128371689717193149e+00
1.128285996835754146e+00
1.128200287949457481e+00
1.128114563055459652e+00
1.128028822150916710e+00
1.127943065232985820e+00
1.127857292298823255e+00
1.127771503345585735e+00
1.127685698370429090e+00
1.127599877370510040e+00
1.127514040342984636e+00
1.127428187285008931e+00
1.127342318193739201e+00
1.127256433066330610e+00
1.127170531899940320e+00
1.127084614691723274e+00
1.126998681438835748e+00
1.126912732138433348e+00
1.126826766787671463e+00
1.126740785383705701e+00
1.126654787923691892e+00
1.126568774404785422e+00
1.126482744824141680e+00
1.126396699178916050e+00
1.126310637466263254e+00
1.126224559683339344e+00
1.126138465827298374e+00
1.126052355895296841e+00
1.125966229884487912e+00
1.125880087792028528e+00
1.125793929615072075e+00
1.125707755350774164e+00
1.125621564996289514e+00
1.125535358548772846e+00
1.125449136005377992e+00
1.125362897363260339e+00
1.125276642619574385e+00
1.125190371771474407e+00
1.125104084816115124e+00
1.125017781750650370e+00
1.124931462572234642e+00
1.124845127278022217e+00
1.124758775865168037e+00
1.124672408330824602e+00
1.124586024672147966e+00
1.124499624886290183e+00
1.124413208970407085e+00
1.124326776921650950e+00
1.124240328737176275e+00
1.124153864414138004e+00
1.124067383949688415e+00
1.123980887340981560e+00
1.123894374585171718e+00
1.123807845679411610e+00
1.123721300620855512e+00
1.123634739406657035e+00
1.123548162033968900e+00
1.123461568499944940e+00
1.123374958801738766e+00
1.123288332936503542e+00
1.123201690901392658e+00
1.123115032693558613e+00
1.123028358310155683e+00
1.122941667748336592e+00
1.122854961005254060e+00
1.122768238078061254e+00
1.122681498963911340e+00
1.122594743659957928e+00
1.122507972163352852e+00
1.122421184471249722e+00
1.122334380580800595e+00
1.122247560489159524e+00
1.122160724193478343e+00
1.122073871690909552e+00
1.121987002978606984e+00
1.121900118053722029e+00
1.121813216913408073e+00
1.121726299554817619e+00
1.121639365975102498e+00
1.121552416171415878e+00
1.121465450140910036e+00
1.121378467880737695e+00
1.121291469388050466e+00
1.121204454660001293e+00
1.121117423693742232e+00
1.121030376486426006e+00
1.120943313035204225e+00
1.120856233337229613e+00
1.120769137389653558e+00
1.120682025189629671e+00
1.120594896734308676e+00
1.120507752020842629e+00
1.004337617986943876e+00
1.004262998529827033e+00
1.004188369835602668e+00
1.004113731903481188e+00
1.004039084732673226e+00
1.003964428322388969e+00
1.003889762671839048e+00
1.003815087780234983e+00
1.003740403646786961e+00
1.003665710270706946e+00
1.003591007651206235e+00
1.003516295787496793e+00
1.003441574678789694e+00
1.003366844324298013e+00
1.003292104723233269e+00
1.003217355874809202e+00
1.003142597778236889e+00
1.003067830432730290e+00
1.002993053837502258e+00
1.002918267991766088e+00
1.002843472894735299e+00
1.002768668545623187e+00
1.002693854943644602e+00
1.002619032088012618e+00
1.002544199977942307e+00
1.002469358612647632e+00
1.002394507991343886e+00
1.002319648113245254e+00
1.002244778977567474e+00
1.002169900583525841e+00
1.002095012930335205e+00
1.002020116017211748e+00
1.001945209843372098e+00
1.001870294408031103e+00
1.001795369710405614e+00
1.001720435749712479e+00
1.001645492525168102e+00
1.001570540035989332e+00
1.001495578281393684e+00
1.001420607260598450e+00
1.001345626972820924e+00
1.001270637417278841e+00
1.001195638593190385e+00
1.001120630499774178e+00
1.001045613136247736e+00
1.000970586501829906e+00
1.000895550595739536e+00
1.000820505417196138e+00
1.000745450965418115e+00
1.000670387239625203e+00
1.000595314239037137e+00
1.000520231962873430e+00
1.000445140410354483e+00
1.000370039580700476e+00
1.000294929473131145e+00
1.000219810086868444e+00
1.000144681421132553e+00
1.000069543475143874e+00
9.999943962481244730e-01
9.999192397392959730e-01
9.998440739478794415e-01
9.997688988730971671e-01
9.996937145141715497e-01
9.996185208703242120e-01
9.995433179407781088e-01
9.994681057247560840e-01
9.993928842214807595e-01
9.993176534301754232e-01
9.992424133500636962e-01
9.991671639803685334e-01
9.990919053203145550e-01
9.990166373691252710e-01
9.989413601260246356e-01
9.988660735902374910e-01
9.987907777609884574e-01
9.987154726375022662e-01
9.986401582190038706e-01
9.985648345047188901e-01
9.984895014938722779e-01
9.984141591856899867e-01
9.983388075793980798e-01
9.982634466742222878e-01
9.981880764693892294e-01
9.981126969641258562e-01
9.980373081576582317e-01
9.979619100492137518e-01
9.978865026380190351e-01
9.978110859233020324e-01
9.977356599042899177e-01
9.976602245802111968e-01
9.975847799502931545e-01
9.975093260137647411e-01
9.974338627698537962e-01
9.973583902177892702e-01
9.972829083568003350e-01
9.972074171861156078e-01
9.971319167049649268e-01
9.970564069125771312e-01
9.969808878081827253e-01
9.969053593910112143e-01
9.968298216602931028e-01
9.967542746152584510e-01
9.966787182551383184e-01
9.966031525791634316e-01
9.965275775865645169e-01
9.964519932765730781e-01
9.963763996484208407e-01
9.963007967013393085e-01
9.962251844345600960e-01
9.961495628473162611e-01
9.960739319388390856e-01
9.959982917083617382e-01
9.959226421551172770e-01
9.958469832783379827e-01
9.957713150772579125e-01
9.956956375511100132e-01
9.956199506991282311e-01
9.955442545205464011e-01
9.954685490145983584e-01
9.953928341805188262e-01
9.953171100175425279e-01
9.952413765249037425e-01
9.951656337018373044e-01
9.950898815475794912e-01
9.950141200613650261e-01
9.949383492424296316e-01
9.948625690900089191e-01
9.947867796033394994e-01
9.947109807816577609e-01
9.946351726241997593e-01
9.945593551302027713e-01
9.944835282989032965e-01
9.944076921295389448e-01
9.943318466213469931e-01
9.942559917735652730e-01
9.941801275854317277e-01
9.941042540561844110e-01
9.940283711850613768e-01
9.939524789713016784e-01
9.938765774141438136e-01
9.938006665128265027e-01
9.937247462665897979e-01
9.936488166746724193e-01
9.935728777363144193e-01
9.934969294507555171e-01
9.934209718172360981e-01
9.933450048349964367e-01
9.932690285032771405e-01
9.931930428213190387e-01
9.931170477883634051e-01
9.930410434036506251e-01
9.929650296664230824e-01
9.928890065759223837e-01
9.928129741313903578e-01
9.927369323320690553e-01
9.926608811772010821e-01
9.925848206660287110e-01
9.925087507977956580e-01
9.924326715717438629e-01
9.923565829871178190e-01
9.922804850431603541e-01
9.922043777391152952e-01
9.921282610742270247e-01
9.920521350477389255e-01
9.919759996588968232e-01
9.918998549069439896e-01
9.918237007911266945e-01
9.917475373106886538e-01
9.916713644648766923e-01
9.915951822529354143e-01
9.915189906741109782e-01
9.914427897276497648e-01
9.913665794127977104e-01
9.912903597288010848e-01
9.912141306749073788e-01
9.911378922503633060e-01
9.910616444544158021e-01
9.909853872863128021e-01
9.909091207453017969e-01
9.908328448306304992e-01
9.907565595415473991e-01
9.906802648773008757e-01
9.906039608371393079e-01
9.905276474203116299e-01
9.904513246260671089e-01
9.903749924536549010e-01
9.902986509023247175e-01
9.902222999713268248e-01
9.901459396599098239e-01
9.900695699673252026e-01
9.899931908928233382e-01
9.899168024356548301e-01
9.898404045950703889e-01
9.897639973703213911e-01
9.896875807606593245e-01
9.896111547653361207e-01
9.895347193836031563e-01
9.894582746147130292e-01
9.893818204579181153e-01
9.893053569124706792e-01
9.892288839776238740e-01
9.891524016526307417e-01
9.890759099367444351e-01
9.889994088292186625e-01
9.889228983293075759e-01
9.888463784362644393e-01
9.887698491493444042e-01
9.886933104678016226e-01
9.886167623908905799e-01
9.885402049178668715e-01
9.884636380479848716e-01
9.883870617805009529e-01
9.883104761146702666e-01
9.882338810497494075e-01
9.881572765849939710e-01
9.880806627196602188e-01
9.880040394530056336e-01
9.879274067842863660e-01
9.878507647127600100e-01
9.877741132376839372e-01
9.876974523583152976e-01
9.876207820739129062e-01
9.875441023837339127e-01
9.874674132870372434e-01
9.873907147830812692e-01
9.873140068711251383e-01
9.872372895504278878e-01
9.871605628202483329e-01
9.870838266798468430e-01
9.870070811284824552e-01
9.869303261654158721e-01
9.868535617899067969e-01
9.867767880012160431e-01
9.867000047986050904e-01
9.866232121813339750e-01
9.865464101486642878e-01
9.864695986998576194e-01
9.863927778341756714e-01
9.863159475508804785e-01
9.862391078492346308e-01
9.861622587284998298e-01
9.860854001879396646e-01
9.860085322268166141e-01
9.859316548443942674e-01
9.858547680399356583e-01
9.857778718127050421e-01
9.857009661619661189e-01
9.856240510869830329e-01
9.855471265870204833e-01
9.854701926613430585e-01
9.853932493092160128e-01
9.853162965299034903e-01
9.852393343226726330e-01
9.851623626867875849e-01
9.850853816215151548e-01
9.850083911261212632e-01
9.849313911998727189e-01
9.848543818420359974e-01
9.847773630518779076e-01
9.847003348286655910e-01
9.846232971716671889e-01
9.845462500801495098e-01
9.844691935533809168e-01
9.843921275906296620e-01
9.843150521911643303e-01
9.842379673542527296e-01
9.841608730791649995e-01
9.840837693651698359e-01
9.840066562115362681e-01
9.839295336175348794e-01
9.838524015824345881e-01
9.837752601055064217e-01
9.836981091860207416e-01
9.836209488232482423e-01
9.835437790164591743e-01
9.834665997649255642e-01
9.833894110679188838e-01
9.833122129247103826e-01
9.832350053345723095e-01
9.831577882967765802e-01
9.830805618105962207e-01
9.830033258753033687e-01
9.829260804901714943e-01
9.828488256544739565e-01
9.827715613674832262e-01
9.826942876284741057e-01
9.826170044367203982e-01
9.825397117914962397e-01
9.824624096920758776e-01
9.823850981377350022e-01
9.823077771277475279e-01
9.822304466613893670e-01
9.821531067379357660e-01
9.820757573566626375e-01
9.819983985168460050e-01
9.819210302177625582e-01
9.818436524586878766e-01
9.817662652389000932e-01
9.816888685576753426e-01
9.816114624142913136e-01
9.815340468080256953e-01
9.814566217381559543e-01
9.813791872039605568e-01
9.813017432047178579e-01
9.812242897397062125e-01
9.811468268082047528e-01
9.810693544094928331e-01
9.809918725428492525e-01
9.809143812075538094e-01
9.808368804028870791e-01
9.807593701281286380e-01
9.806818503825591726e-01
9.806043211654592584e-01
9.805267824761100259e-01
9.804492343137920507e-01
9.803716766777880176e-01
9.802941095673789462e-01
9.802165329818468553e-01
9.801389469204740967e-01
9.800613513825432443e-01
9.799837463673370941e-01
9.799061318741388860e-01
9.798285079022316379e-01
9.797508744508988121e-01
9.796732315194249807e-01
9.795955791070937169e-01
9.795179172131890377e-01
9.794402458369966258e-01
9.793625649778001652e-01
9.792848746348856714e-01
9.792071748075383830e-01
9.791294654950442045e-01
9.790517466966885962e-01
9.789740184117579069e-01
9.788962806395390404e-01
9.788185333793184562e-01
9.787407766303830581e-01
9.786630103920209711e-01
9.785852346635178778e-01
9.785074494441637905e-01
9.784296547332452798e-01
9.783518505300514700e-01
9.782740368338709303e-01
9.781962136439920075e-01
9.781183809597043810e-01
9.780405387802973971e-01
9.779626871050606240e-01
9.778848259332838522e-01
9.778069552642578710e-01
9.777290750972725819e-01
9.776511854316192185e-01
9.775732862665884593e-01
9.774953776014716489e-01
9.774174594355607981e-01
9.773395317681473626e-01
9.772615945985235753e-01
9.771836479259814467e-01
9.771056917498142091e-01
9.770277260693147614e-01
9.769497508837754474e-01
9.768717661924909423e-01
9.767937719947542563e-01
9.767157682898592874e-01
9.766377550771006000e-01
9.765597323557732024e-01
9.764817001251709927e-01
9.764036583845896455e-01
9.763256071333243913e-01
9.762475463706710155e-01
9.761694760959251926e-01
9.760913963083833744e-01
9.760133070073415684e-01
9.759352081920972255e-01
9.758570998619463532e-01
9.757789820161871797e-01
9.757008546541172667e-01
9.756227177750340651e-01
9.755445713782352479e-01
9.754664154630195982e-01
9.753882500286861212e-01
9.753100750745333780e-01
9.752318905998608178e-01
9.751536966039675569e-01
9.750754930861535996e-01
9.749972800457191724e-01
9.749190574819640576e-01
9.748408253941895918e-01
9.747625837816961125e-01
9.746843326437845123e-01
9.746060719797569050e-01
9.745278017889144051e-01
9.744495220705593486e-01
9.743712328239938492e-01
9.742929340485204648e-01
9.742146257434423084e-01
9.741363079080617160e-01
9.740579805416826886e-01
9.739796436436086724e-01
9.739012972131437795e-01
9.738229412495920112e-01
9.737445757522577017e-01
9.736662007204461844e-01
9.735878161534619046e-01
9.735094220506105289e-01
9.734310184111975017e-01
9.733526052345288226e-01
9.732741825199109353e-01
9.731957502666496174e-01
9.731173084740523116e-01
9.730388571414254617e-01
9.729603962680771767e-01
9.728819258533140113e-01
9.728034458964442965e-01
9.727249563967763635e-01
9.726464573536184322e-01
9.725679487662789446e-01
9.724894306340676753e-01
9.724109029562930662e-01
9.723323657322654467e-01
9.722538189612939252e-01
9.721752626426892752e-01
9.720966967757613819e-01
9.720181213598211301e-01
9.719395363941795152e-01
9.718609418781478659e-01
9.717823378110379551e-01
9.717037241921613333e-01
9.716251010208298844e-01
9.715464682963568244e-01
9.714678260180541480e-01
9.713891741852347383e-01
9.713105127972124775e-01
9.712318418533006925e-01
9.711531613528132656e-01
9.710744712950640789e-01
9.709957716793679028e-01
9.709170625050390635e-01
9.708383437713929975e-01
9.707596154777445863e-01
9.706808776234097103e-01
9.706021302077040280e-01
9.705233732299444194e-01
9.704446066894458767e-01
9.703658305855265009e-01
9.702870449175025058e-01
9.702082496846899939e-01
9.701294448864098419e-01
9.700506305219775971e-01
9.699718065907124709e-01
9.698929730919325642e-01
9.698141300249566443e-01
9.697352773891034783e-01
9.696564151836929435e-01
9.695775434080445843e-01
9.694986620614776118e-01
9.694197711433132358e-01
9.693408706528714447e-01
9.692619605894730039e-01
9.691830409524394563e-01
9.691041117410916783e-01
9.690251729547519899e-01
9.689462245927418227e-01
9.688672666543834966e-01
9.687882991389997756e-01
9.687093220459135345e-01
9.686303353744477596e-01
9.685513391239263248e-01
9.684723332936725493e-01
9.683933178830107513e-01
9.683142928912652492e-01
9.682352583177604721e-01
9.681562141618212936e-01
9.680771604227733640e-01
9.679980970999420009e-01
9.679190241926528548e-01
9.678399417002325755e-01
9.677608496220070355e-01
9.676817479573029956e-01
9.676026367054478827e-01
9.675235158657689016e-01
9.674443854375934793e-01
9.673652454202491535e-01
9.672860958130650166e-01
9.672069366153690506e-01
9.671277678264902367e-01
9.670485894457573339e-01
9.669694014724999898e-01
9.668902039060482956e-01
9.668109967457317877e-01
9.667317799908807796e-01
9.666525536408259178e-01
9.665733176948986261e-01
9.664940721524294398e-01
9.664148170127500048e-01
9.663355522751922999e-01
9.662562779390886369e-01
9.661769940037711057e-01
9.660977004685722402e-01
9.660183973328257956e-01
9.659390845958641947e-01
9.658597622570215258e-01
9.657804303156318770e-01
9.657010887710292257e-01
9.656217376225482152e-01
9.655423768695233777e-01
9.654630065112903559e-01
9.653836265471845701e-01
9.653042369765409969e-01
9.652248377986963890e-01
9.651454290129874991e-01
9.650660106187504139e-01
9.649865826153214421e-01
9.649071450020392238e-01
9.648276977782402897e-01
9.647482409432633910e-01
9.646687744964458355e-01
9.645892984371269296e-01
9.645098127646448694e-01
9.644303174783394050e-01
9.643508125775490658e-01
9.642712980616148233e-01
9.641917739298754286e-01
9.641122401816718535e-01
9.640326968163445143e-01
9.639531438332348268e-01
9.638735812316839846e-01
9.637940090110332925e-01
9.637144271706243881e-01
9.636348357098000195e-01
9.635552346279028235e-01
9.634756239242748821e-01
9.633960035982598313e-01
9.633163736492013074e-01
9.632367340764423913e-01
9.631570848793281625e-01
9.630774260572018131e-01
9.629977576094087555e-01
9.629180795352940692e-01
9.628383918342023895e-01
9.627586945054801282e-01
9.626789875484723646e-01
9.625992709625265098e-01
9.625195447469880872e-01
9.624398089012041746e-01
9.623600634245222940e-01
9.622803083162898563e-01
9.622005435758547165e-01
9.621207692025641744e-01
9.620409851957677505e-01
9.619611915548141878e-01
9.618813882790513414e-01
9.618015753678298418e-01
9.617217528204988763e-01
9.616419206364088534e-01
9.615620788149094045e-01
9.614822273553516041e-01
9.614023662570863049e-01
9.613224955194649146e-01
9.612426151418390630e-01
9.611627251235606018e-01
9.610828254639814938e-01
9.610029161624547012e-01
9.609229972183327417e-01
9.608430686309687996e-01
9.607631303997169470e-01
9.606831825239304790e-01
9.606032250029633568e-01
9.605232578361703188e-01
9.604432810229064366e-01
9.603632945625261153e-01
9.602832984543854256e-01
9.602032926978396610e-01
9.601232772922453362e-01
9.600432522369581889e-01
9.599632175313352889e-01
9.598831731747337059e-01
9.598031191665107320e-01
9.597230555060239920e-01
9.596429821926314441e-01
9.595628992256912682e-01
9.594828066045623105e-01
9.594027043286031953e-01
9.593225923971733238e-01
9.592424708096327635e-01
9.591623395653406936e-01
9.590821986636577368e-01
9.590020481039442934e-01
9.589218878855615413e-01
9.588417180078701030e-01
9.587615384702319332e-01
9.586813492720092089e-01
9.586011504125634408e-01
9.585209418912574719e-01
9.584407237074537012e-01
9.583604958605161928e-01
9.582802583498076787e-01
9.582000111746923343e-01
9.581197543345335577e-01
9.580394878286967453e-01
9.579592116565461835e-01
9.578789258174473797e-01
9.577986303107649535e-01
9.577183251358653004e-01
9.576380102921147053e-01
9.575576857788791196e-01
9.574773515955254943e-01
9.573970077414208912e-01
9.573166542159325942e-01
9.572362910184284424e-01
9.571559181482766077e-01
9.570755356048451512e-01
9.569951433875034663e-01
9.569147414956196140e-01
9.568343299285636538e-01
9.567539086857056452e-01
9.566734777664146483e-01
9.565930371700611667e-01
9.565125868960165922e-01
9.564321269436517614e-01
9.563516573123379549e-01
9.562711780014464535e-01
9.561906890103499812e-01
9.561101903384202627e-01
9.560296819850303551e-01
9.559491639495532045e-01
9.558686362313625340e-01
9.557880988298314007e-01
9.557075517443339718e-01
9.556269949742446368e-01
9.555464285189383400e-01
9.554658523777899148e-01
9.553852665501746388e-01
9.553046710354683446e-01
9.552240658330469758e-01
9.551434509422872532e-01
9.550628263625651204e-01
9.549821920932582975e-01
9.549015481337439493e-01
9.548208944833996847e-01
9.547402311416035570e-01
9.546595581077337300e-01
9.545788753811698113e-01
9.544981829612898538e-01
9.544174808474735761e-01
9.543367690391011404e-01
9.542560475355518212e-01
9.541753163362063361e-01
9.540945754404457357e-01
9.540138248476509597e-01
9.539330645572033918e-01
9.538522945684847487e-01
9.537715148808768584e-01
9.536907254937627698e-01
9.536099264065247549e-01
9.535291176185461959e-01
9.534482991292103637e-01
9.533674709379013068e-01
9.532866330440029623e-01
9.532057854468999336e-01
9.531249281459767131e-01
9.530440611406192364e-01
9.529631844302121069e-01
9.528822980141415933e-01
9.528014018917941863e-01
9.527204960625559327e-01
9.526395805258137672e-01
9.525586552809555130e-01
9.524777203273677717e-01
9.523967756644390326e-01
9.523158212915576737e-01
9.522348572081120732e-01
9.521538834134908313e-01
9.520728999070841025e-01
9.519919066882803760e-01
9.519109037564705833e-01
9.518298911110446570e-01
9.517488687513934176e-01
9.516678366769073527e-01
9.515867948869785042e-01
9.515057433809981369e-01
9.514246821583584035e-01
9.513436112184520121e-01
9.512625305606711157e-01
9.511814401844091993e-01
9.511003400890599702e-01
9.510192302740164694e-01
9.509381107386735144e-01
9.508569814824252564e-01
9.507758425046662909e-01
9.506946938047924345e-01
9.506135353821983935e-01
9.505323672362810949e-01
9.504511893664359112e-01
9.503700017720593252e-01
9.502888044525492628e-01
9.502075974073019848e-01
9.501263806357157504e-01
9.500451541371882636e-01
9.499639179111178944e-01
9.498826719569032351e-01
9.498014162739435440e-01
9.497201508616378574e-01
9.496388757193865438e-01
9.495575908465889725e-01
9.494762962426459563e-01
9.493949919069581966e-01
9.493136778389269503e-01
9.492323540379539182e-01
9.491510205034402459e-01
9.490696772347888555e-01
9.489883242314021139e-01
9.489069614926827212e-01
9.488255890180343766e-01
9.487442068068604462e-01
9.486628148585647402e-01
9.485814131725517351e-01
9.485000017482266843e-01
9.484185805849937312e-01
9.483371496822590174e-01
9.482557090394275745e-01
9.481742586559063213e-01
9.480927985311011774e-01
9.480113286644192838e-01
9.479298490552676704e-01
9.478483597030539221e-01
9.477668606071861790e-01
9.476853517670723592e-01
9.476038331821212690e-01
9.475223048517414925e-01
9.474407667753432793e-01
9.473592189523357687e-01
9.472776613821287661e-01
9.471960940641330762e-01
9.471145169977593925e-01
9.470329301824189638e-01
9.469513336175231499e-01
9.468697273024838656e-01
9.467881112367131369e-01
9.467064854196240997e-01
9.466248498506292242e-01
9.465432045291419794e-01
9.464615494545757235e-01
9.463798846263453690e-01
9.462982100438643851e-01
9.462165257065479063e-01
9.461348316138111780e-01
9.460531277650693349e-01
9.459714141597389547e-01
9.458896907972355050e-01
9.458079576769757857e-01
9.457262147983763745e-01
9.456444621608556256e-01
9.455626997638305609e-01
9.454809276067192014e-01
9.453991456889395684e-01
9.453173540099112371e-01
9.452355525690530058e-01
9.451537413657842279e-01
9.450719203995250339e-01
9.449900896696956654e-01
9.449082491757166968e-01
9.448263989170089250e-01
9.447445388929935906e-01
9.446626691030924894e-01
9.445807895467281945e-01
9.444989002233226127e-01
9.444170011322987612e-01
9.443350922730796571e-01
9.442531736450894275e-01
9.441712452477510897e-01
9.440893070804896592e-01
9.440073591427293742e-01
9.439254014338956944e-01
9.438434339534134132e-01
9.437614567007087674e-01
9.436794696752079936e-01
9.435974728763377728e-01
9.435154663035242306e-01
9.434334499561952692e-01
9.433514238337782354e-01
9.432693879357011424e-01
9.431873422613925584e-01
9.431052868102811626e-01
9.430232215817957453e-01
9.429411465753662069e-01
9.428590617904224480e-01
9.427769672263942580e-01
9.426948628827132026e-01
9.426127487588090714e-01
9.425306248541139853e-01
9.424484911680597321e-01
9.423663477000784328e-01
9.422841944496017641e-01
9.422020314160636234e-01
9.421198585988966867e-01
9.420376759975348513e-01
9.419554836114119034e-01
9.418732814399621844e-01
9.417910694826208129e-01
9.417088477388227963e-01
9.416266162080035862e-01
9.415443748895990783e-01
9.414621237830453904e-01
9.413798628877794172e-01
9.412975922032379428e-01
9.412153117288581949e-01
9.411330214640788450e-01
9.410507214083368988e-01
9.409684115610719157e-01
9.408860919217221230e-01
9.408037624897271911e-01
9.407214232645264573e-01
9.406390742455604803e-01
9.405567154322690415e-01
9.404743468240939208e-01
9.403919684204754548e-01
9.403095802208553122e-01
9.402271822246762722e-01
9.401447744313794486e-01
9.400623568404087305e-01
9.399799294512068970e-01
9.398974922632168383e-01
9.398150452758834428e-01
9.397325884886499336e-01
9.396501219009619765e-01
9.395676455122640158e-01
9.394851593220013841e-01
9.394026633296203022e-01
9.393201575345666576e-01
9.392376419362873374e-01
9.391551165342290064e-01
9.390725813278387735e-01
9.389900363165654129e-01
9.389074814998558116e-01
9.388249168771592990e-01
9.387423424479246492e-01
9.386597582116006366e-01
9.385771641676375898e-01
9.384945603154850602e-01
9.384119466545941535e-01
9.383293231844150872e-01
9.382466899043994113e-01
9.381640468139983424e-01
9.380813939126642076e-01
9.379987311998494448e-01
9.379160586750070472e-01
9.378333763375895638e-01
9.377506841870508758e-01
9.376679822228450867e-01
9.375852704444262997e-01
9.375025488512497285e-01
9.374198174427698094e-01
9.373370762184424221e-01
9.372543251777236684e-01
9.371715643200690948e-01
9.370887936449364686e-01
9.370060131517821134e-01
9.369232228400639073e-01
9.368404227092392844e-01
9.367576127587672330e-01
9.366747929881058532e-01
9.365919633967142444e-01
9.365091239840520609e-01
9.364262747495790684e-01
9.363434156927551433e-01
9.362605468130417163e-01
9.361776681098989972e-01
9.360947795827887497e-01
9.360118812311729597e-01
9.359289730545135022e-01
9.358460550522734733e-01
9.357631272239155251e-01
9.356801895689030868e-01
9.355972420866999206e-01
9.355142847767704550e-01
9.354313176385790074e-01
9.353483406715907833e-01
9.352653538752713214e-01
9.351823572490859382e-01
9.350993507925013937e-01
9.350163345049838926e-01
9.349333083860003057e-01
9.348502724350185034e-01
9.347672266515062445e-01
9.346841710349310661e-01
9.346011055847623927e-01
9.345180303004683164e-01
9.344349451815191498e-01
9.343518502273842063e-01
9.342687454375337985e-01
9.341856308114381280e-01
9.341025063485688396e-01
9.340193720483971340e-01
9.339362279103943232e-01
9.338530739340333842e-01
9.337699101187864059e-01
9.336867364641266986e-01
9.336035529695272395e-01
9.335203596344621157e-01
9.334371564584059699e-01
9.333539434408326674e-01
9.332707205812175166e-01
9.331874878790362704e-01
9.331042453337645703e-01
9.330209929448787243e-01
9.329377307118549290e-01
9.328544586341703804e-01
9.327711767113034957e-01
9.326878849427305829e-01
9.326045833279310582e-01
9.325212718663834499e-01
9.324379505575663973e-01
9.323546194009597610e-01
9.322712783960431793e-01
9.321879275422971789e-01
9.321045668392026196e-01
9.320211962862398059e-01
9.319378158828911518e-01
9.318544256286385163e-01
9.317710255229637584e-01
9.316876155653498470e-01
9.316041957552797514e-01
9.315207660922376620e-01
9.314373265757069920e-01
9.313538772051718206e-01
9.312704179801180038e-01
9.311869489000298428e-01
9.311034699643929713e-01
9.310199811726933561e-01
9.309364825244184072e-01
9.308529740190538693e-01
9.307694556560869303e-01
9.306859274350056666e-01
9.306023893552981541e-01
9.305188414164525801e-01
9.304352836179582420e-01
9.303517159593038821e-01
9.302681384399793529e-01
9.301845510594746180e-01
9.301009538172804181e-01
9.300173467128876048e-01
9.299337297457872520e-01
9.298501029154709885e-01
9.297664662214312203e-01
9.296828196631599095e-01
9.295991632401503502e-01
9.295154969518957255e-01
9.294318207978898849e-01
9.293481347776263446e-01
9.292644388905999531e-01
9.291807331363053368e-01
9.290970175142382326e-01
9.290132920238932668e-01
9.289295566647670643e-01
9.288458114363559170e-01
9.287620563381561167e-01
9.286782913696652875e-01
9.285945165303806093e-01
9.285107318197995951e-01
9.284269372374200913e-01
9.283431327827408319e-01
9.282593184552606624e-01
9.281754942544779841e-01
9.280916601798924193e-01
9.280078162310037015e-01
9.279239624073110093e-01
9.278400987083140761e-01
9.277562251335136345e-01
9.276723416824096402e-01
9.275884483545017156e-01
9.275045451492902604e-01
9.274206320662757852e-01
9.273367091049576905e-01
9.272527762648358207e-01
9.271688335454091323e-01
9.270848809461755824e-01
9.270009184666327950e-01
9.269169461062769511e-01
9.268329638646032320e-01
9.267489717411037109e-01
9.266649697352679071e-01
9.265809578465818985e-01
9.264969360745266558e-01
9.264129044185773765e-01
9.263288628781983780e-01
9.262448114528425425e-01
9.261607501419448774e-01
9.260766789449170755e-01
9.259925978611340813e-01
9.259085068899176596e-01
9.258244060305073075e-01
9.257402952820088515e-01
9.257290526988021240e-01
9.257178099390553916e-01
9.257065670027679882e-01
9.256953238899379155e-01
9.256840806005649513e-01
9.256728371346474304e-01
9.256615934921839095e-01
9.256510394984476253e-01
9.256411270932027868e-01
9.256312145507485933e-01
9.256213018710847118e-01
9.256113890542095879e-01
9.256014761001228885e-01
9.255915630088239476e-01
9.255816497803117660e-01
9.255717777694871806e-01
9.255631966575847969e-01
9.255546154428718753e-01
9.255460341253481937e-01
9.255374527050130862e-01
9.255288711818662195e-01
9.255202895559069276e-01
9.255117078271345443e-01
9.255031259955490697e-01
9.254945440611492824e-01
9.254862638438599021e-01
9.254790157534621420e-01
9.254717675897292661e-01
9.254645193526598312e-01
9.254572710422546145e-01
9.254500226585123945e-01
9.254427742014337266e-01
9.254355256710176114e-01
9.254282770672641600e-01
9.254210283901729284e-01
9.254137796397433613e-01
9.254065308159756809e-01
9.254001067788595325e-01
9.253941950544858353e-01
9.253882832813354886e-01
9.253823714594081595e-01
9.253764595887036259e-01
9.253705476692219989e-01
9.253646357009622792e-01
9.253587236839253549e-01
9.253528116181106711e-01
9.253468995035176725e-01
9.253409873401463592e-01
9.253350751279970643e-01
9.253291628670693436e-01
9.253232505573626421e-01
9.253178508339126029e-01
9.253132825513485926e-01
9.253087142396635434e-01
9.253041458988564560e-01
9.252995775289284408e-01
9.252950091298781654e-01
9.252904407017064070e-01
9.252858722444129436e-01
9.252813037579974420e-01
9.252767352424602354e-01
9.252721666978007686e-01
9.252675981240194858e-01
9.252630295211158318e-01
9.252584608890902507e-01
9.252538922279419653e-01
9.252493235376717529e-01
9.252447548182786141e-01
9.252401860697629932e-01
9.252356172921252231e-01
9.252323528899593086e-01
9.252291464117433639e-01
9.252259399191832268e-01
9.252227334122786750e-01
9.252195268910295978e-01
9.252163203554365500e-01
9.252131138054989767e-01
9.252099072412165448e-01
9.252067006625902534e-01
9.252034940696191034e-01
9.252002874623034279e-01
9.251970808406433378e-01
9.251938742046387221e-01
9.251906675542891367e-01
9.251874608895952479e-01
9.251842542105568334e-01
9.251810475171733383e-01
9.251778408094455397e-01
9.251746340873727714e-01
9.251714273509554776e-01
9.251682206001929920e-01
9.251650138350862029e-01
9.251618070556341111e-01
9.251586002618374938e-01
9.251553934536959067e-01
9.251521866312093501e-01
9.251500026177198466e-01
9.251482451547591301e-01
9.251464876874903043e-01
9.251447302159129249e-01
9.251429727400275471e-01
9.251412152598336158e-01
9.251394577753315751e-01
9.251377002865207588e-01
9.251359427934018331e-01
9.251341852959745760e-01
9.251324277942393204e-01
9.251306702881950672e-01
9.251289127778428156e-01
9.251271552631823436e-01
9.251253977442130960e-01
9.251236402209357390e-01
9.251218826933500505e-01
9.251201251614555865e-01
9.251183676252532351e-01
9.251166100847422191e-01
9.251148525399228717e-01
9.251130949907950818e-01
9.251113374373589604e-01
9.251095798796140635e-01
9.251078223175615012e-01
9.251060647511999413e-01
9.251043071805300499e-01
9.251025496055518271e-01
9.251007920262651618e-01
9.250990344426701650e-01
9.250972768547663927e-01
9.250955192625546220e-01
9.250937616660340757e-01
9.250920040652051979e-01
9.250902464600678776e-01
9.250884888506220038e-01
9.250867312368679096e-01
9.250849736188048178e-01
9.250832159964338386e-01
9.250814583697538618e-01
9.250797007387655535e-01
9.250779431034692468e-01
9.250761854638638315e-01
9.250744278199500847e-01
9.250726701717282285e-01
9.250709125191972637e-01
9.250691548623583005e-01
9.250673972012104507e-01
9.250669732576789484e-01
9.250668748779327100e-01
9.250667764981728158e-01
9.250666781183994880e-01
9.250665797386122824e-01
9.250664813588118651e-01
9.250663829789979031e-01
9.250662845991707295e-01
9.250661862193300111e-01
9.250660878394750819e-01
9.250659894596071631e-01
9.250658910797262546e-01
9.250657926998310243e-01
9.250656943199225823e-01
9.250655959400007067e-01
9.250654975600656194e-01
9.250653991801164322e-01
9.250653008001540334e-01
9.250652024201783119e-01
9.250651040401889347e-01
9.250650056601859017e-01
9.250649072801695461e-01
9.250648089001395347e-01
9.250647105200963116e-01
9.250646121400394328e-01
9.250645137599690093e-01
9.250644153798850411e-01
9.250643169997876392e-01
9.250642186196768035e-01
9.250641202395523122e-01
9.250640218594144981e-01
9.250639234792631393e-01
9.250638250990983469e-01
9.250637267189198987e-01
9.250636283387281278e-01
9.250635299585225901e-01
9.250634315783037298e-01
9.250633331980713248e-01
9.250632348178253750e-01
9.250631364375662136e-01
9.250630380572930633e-01
9.250629396770067014e-01
9.250628412967069059e-01
9.250627429163936766e-01
9.250626445360665695e-01
9.250625461557262508e-01
9.250624477753727204e-01
9.250623493950050902e-01
9.250622510146242483e-01
9.250621526342297507e-01
9.250620542538221525e-01
9.250619558734004544e-01
9.250618574929659887e-01
9.250617591125174233e-01
9.250616607320556462e-01
9.250615623515802133e-01
9.250614639710913467e-01
9.250613655905889354e-01
9.250612672100734235e-01
9.250611688295438118e-01
9.250610704490012104e-01
9.250609720684443982e-01
9.250608736878749294e-01
9.250607753072913608e-01
9.250606769266948026e-01
9.250605785460842556e-01
9.250604801654601639e-01
9.250603817848233046e-01
9.250602834041722344e-01
9.250601850235078416e-01
9.250600866428301261e-01
9.250599882621387549e-01
9.250598898814338389e-01
9.250597915007154892e-01
9.250596931199835948e-01
9.250595947392381557e-01
9.250594963584795050e-01
9.250593979777069764e-01
9.250592995969211252e-01
9.250592012161220623e-01
9.250591028353091216e-01
9.250590044544827473e-01
9.250589060736428282e-01
9.250588076927896974e-01
9.250587093119229110e-01
9.250586109310425798e-01
9.250585125501485928e-01
9.250584141692415052e-01
9.250583157883204288e-01
9.250582174073863628e-01
9.250581190264384190e-01
9.250580206454770416e-01
9.250579222645021193e-01
9.250578238835138745e-01
9.250577255025117518e-01
9.250576271214967505e-01
9.250575287404679825e-01
9.250574303594256698e-01
9.250573319783697013e-01
9.250572335973005211e-01
9.250571352162177963e-01
9.250570368351214157e-01
9.250569384540116014e-01
9.250568400728881313e-01
9.250567416917512276e-01
9.250566433106011122e-01
9.250565449294373410e-01
9.250564465482600252e-01
9.250563481670692756e-01
9.250562497858648703e-01
9.250561514046469203e-01
9.250560530234158696e-01
9.250559546421710522e-01
9.250558562609126900e-01
9.250557578796406721e-01
9.250556594983557757e-01
9.250555611170567794e-01
9.250554627357447934e-01
9.250553643544189297e-01
9.250552659730794103e-01
9.250551675917266792e-01
9.250550692103600703e-01
9.250549708289806938e-01
9.250548724475872175e-01
9.250547740661806406e-01
9.250546756847601859e-01
9.250545773033261865e-01
9.250544789218790864e-01
9.250543805404182196e-01
9.250542821589439191e-01
9.250541837774562959e-01
9.250540853959549059e-01
9.250539870144400822e-01
9.250538886329117139e-01
9.250537902513700228e-01
9.250536918698147870e-01
9.250535934882460065e-01
9.250534951066636813e-01
9.250533967250682554e-01
9.250532983434587297e-01
9.250531999618358814e-01
9.250531015801997103e-01
9.250530031985498836e-01
9.250529048168867341e-01
9.250528064352100399e-01
9.250527080535195790e-01
9.250526096718157953e-01
9.250525112900986890e-01
9.250524129083679270e-01
9.250523145266236202e-01
9.250522161448657688e-01
9.250521177630944836e-01
9.250520193813096537e-01
9.250519209995113901e-01
9.250518226176996928e-01
9.250517242358743397e-01
9.250516258540358860e-01
9.250515274721832215e-01
9.250514290903175674e-01
9.250513307084384795e-01
9.250512323265457360e-01
9.250511339446396697e-01
9.250510355627198367e-01
9.250509371807863479e-01
9.250508387988396475e-01
9.250507404168794023e-01
9.250506420349056125e-01
9.250505436529183889e-01
9.250504452709177317e-01
9.250503468889033076e-01
9.250502485068757830e-01
9.250501501248346026e-01
9.250500517427796554e-01
9.250499533607113856e-01
9.250498549786295710e-01
9.250497565965343227e-01
9.250496582144254187e-01
9.250495598323033031e-01
9.250494614501679758e-01
9.250493630680184376e-01
9.250492646858559098e-01
9.250491663036793932e-01
9.250490679214897760e-01
9.250489695392866141e-01
9.250488711570700184e-01
9.250487727748396560e-01
9.250486743925957489e-01
9.250485760103387411e-01
9.250484776280680776e-01
9.250483792457837584e-01
9.250482808634860055e-01
9.250481824811747078e-01
9.250480840988500875e-01
9.250479857165119224e-01
9.250478873341601016e-01
9.250477889517949581e-01
9.250476905694161589e-01
9.250475921870238150e-01
9.250474938046180373e-01
9.250473954221989370e-01
9.250472970397666250e-01
9.250471986573202132e-01
9.250471002748603677e-01
9.250470018923871995e-01
9.250469035099004866e-01
9.250468051274003400e-01
9.250467067448866487e-01
9.250466083623593017e-01
9.250465099798186319e-01
9.250464115972645285e-01
9.250463132146968803e-01
9.250462148321154654e-01
9.250461164495208388e-01
9.250460180669124455e-01
9.250459196842907295e-01
9.250458213016560238e-01
9.250457229190069963e-01
9.250456245363448682e-01
9.250455261536689733e-01
9.250454277709798667e-01
9.250453293882771044e-01
9.250452310055609084e-01
9.250451326228315008e-01
9.250450342400881043e-01
9.250449358573312741e-01
9.250448374745612323e-01
9.250447390917774237e-01
9.250446407089801815e-01
9.250445423261695055e-01
9.250444439433457289e-01
9.250443455605075194e-01
9.250442471776564313e-01
9.250441487947919095e-01
9.250440504119137319e-01
9.250439520290220097e-01
9.250438536461167427e-01
9.250437552631981530e-01
9.250436568802660187e-01
9.250435584973202285e-01
9.250434601143611157e-01
9.250433617313884582e-01
9.250432633484020339e-01
9.250431649654023980e-01
9.250430665823894394e-01
9.250429681993627140e-01
9.250428698163224439e-01
9.250427714332687401e-01
9.250426730502016026e-01
9.250425746671210314e-01
9.250424762840269155e-01
9.250423779009190328e-01
9.250422795177981605e-01
9.250421811346630774e-01
9.250420827515151156e-01
9.250419843683536092e-01
9.250418859851782249e-01
9.250417876019897401e-01
9.250416892187874884e-01
9.250415908355718031e-01
9.250414924523427951e-01
9.250413940691001313e-01
9.250412956858439228e-01
9.250411973025738366e-01
9.250410989192912048e-01
9.250410005359943622e-01
9.250409021526840858e-01
9.250408037693605978e-01
9.250407053860232320e-01
9.250406070026727656e-01
9.250405086193086435e-01
9.250404102359309766e-01
9.250403118525397650e-01
9.250402134691350087e-01
9.250401150857170407e-01
9.250400167022853060e-01
9.250399183188402485e-01
9.250398199353814244e-01
9.250397215519092775e-01
9.250396231684236970e-01
9.250395247849243496e-01
9.250394264014119017e-01
9.250393280178857980e-01
9.250392296343460385e-01
9.250391312507931785e-01
9.250390328672264406e-01
9.250389344836464911e-01
9.250388361000526638e-01
9.250387377164454028e-01
9.250386393328248191e-01
9.250385409491905797e-01
9.250384425655431286e-01
9.250383441818817998e-01
9.250382457982071482e-01
9.250381474145190630e-01
9.250380490308173220e-01
9.250379506471025914e-01
9.250378522633737610e-01
9.250377538796316079e-01
9.250376554958759101e-01
9.250375571121068896e-01
9.250374587283242134e-01
9.250373603445278814e-01
9.250372619607186708e-01
9.250371635768953604e-01
9.250370651930587274e-01
9.250369668092085496e-01
9.250368684253449381e-01
9.250367700414676708e-01
9.250366716575771919e-01
9.250365732736730573e-01
9.250364748897553779e-01
9.250363765058243759e-01
9.250362781218798292e-01
9.250361797379216267e-01
9.250360813539501015e-01
9.250359829699650316e-01
9.250358845859661949e-01
9.250357862019542576e-01
9.250356878179285536e-01
9.250355894338894158e-01
9.250354910498368444e-01
9.250353926657707282e-01
9.250352942816911783e-01
9.250351958975978617e-01
9.250350975134915554e-01
9.250349991293713714e-01
9.250349007452377537e-01
9.250348023610907022e-01
9.250347039769298840e-01
9.250346055927559652e-01
9.250345072085681686e-01
9.250344088243671603e-01
9.250343104401524963e-01
9.250342120559243986e-01
9.250341136716829782e-01
9.250340152874279021e-01
9.250339169031591702e-01
9.250338185188770046e-01
9.250337201345814053e-01
9.250336217502723724e-01
9.250335233659497947e-01
9.250334249816137833e-01
9.250333265972640051e-01
9.250332282129007933e-01
9.250331298285245918e-01
9.250330314441344015e-01
9.250329330597307775e-01
9.250328346753136088e-01
9.250327362908830064e-01
9.250326379064389704e-01
9.250325395219812785e-01
9.250324411375103750e-01
9.250323427530259268e-01
9.250322443685276008e-01
9.250321459840161742e-01
9.250320475994908698e-01
9.250319492149522427e-01
9.250318508304004039e-01
9.250317524458347984e-01
9.250316540612557592e-01
9.250315556766631753e-01
9.250314572920571576e-01
9.250313589074375953e-01
9.250312605228042662e-01
9.250311621381576144e-01
9.250310637534975289e-01
9.250309653688241207e-01
9.250308669841370568e-01
9.250307685994364482e-01
9.250306702147222948e-01
9.250305718299949298e-01
9.250304734452539090e-01
9.250303750604991215e-01
9.250302766757310113e-01
9.250301782909496895e-01
9.250300799061544899e-01
9.250299815213458565e-01
9.250298831365237895e-01
9.250297847516881777e-01
9.250296863668394654e-01
9.250295879819767642e-01
9.250294895971006293e-01
9.250293912122109496e-01
9.250292928273080584e-01
9.250291944423912893e-01
9.250290960574613086e-01
9.250289976725177832e-01
9.250288992875609351e-01
9.250288009025902092e-01
9.250287025176059386e-01
9.250286041326084563e-01
9.250285057475975403e-01
9.250284073625730796e-01
9.250283089775347412e-01
9.250282105924833020e-01
9.250281122074182072e-01
9.250280138223399007e-01
9.250279154372476054e-01
9.250278170521423204e-01
9.250277186670229357e-01
9.250276202818906723e-01
9.250275218967445312e-01
9.250274235115849564e-01
9.250273251264120589e-01
9.250272267412255056e-01
9.250271283560255187e-01
9.250270299708115429e-01
9.250269315855849106e-01
9.250268332003444005e-01
9.250267348150902347e-01
9.250266364298227462e-01
9.250265380445413799e-01
9.250264396592471350e-01
9.250263412739390123e-01
9.250262428886175670e-01
9.250261445032824659e-01
9.250260461179339311e-01
9.250259477325720736e-01
9.250258493471964494e-01
9.250257509618073914e-01
9.250256525764047888e-01
9.250255541909887524e-01
9.250254558055595044e-01
9.250253574201161566e-01
9.250252590346597081e-01
9.250251606491897149e-01
9.250250622637061770e-01
9.250249638782090944e-01
9.250248654926986891e-01
9.250247671071744060e-01
9.250246687216370223e-01
9.250245703360860938e-01
9.250244719505216207e-01
9.250243735649431587e-01
9.250242751793518181e-01
9.250241767937470438e-01
9.250240784081283918e-01
9.250239800224964171e-01
9.250238816368507866e-01
9.250237832511918334e-01
9.250236848655192246e-01
9.250235864798334040e-01
9.250234880941337057e-01
9.250233897084206847e-01
9.250232913226942300e-01
9.250231929369542305e-01
9.250230945512007974e-01
9.250229961654339306e-01
9.250228977796532970e-01
9.250227993938592297e-01
9.250227010080517287e-01
9.250226026222305720e-01
9.250225042363963146e-01
9.250224058505482905e-01
9.250223074646867216e-01
9.250222090788113860e-01
9.250221106929232828e-01
9.250220123070211908e-01
9.250219139211056651e-01
9.250218155351764837e-01
9.250217171492343127e-01
9.250216187632779308e-01
9.250215203773086703e-01
9.250214219913255320e-01
9.250213236053290711e-01
9.250212252193190654e-01
9.250211268332956260e-01
9.250210284472586419e-01
9.250209300612083352e-01
9.250208316751442617e-01
9.250207332890666434e-01
9.250206349029755915e-01
9.250205365168712168e-01
9.250204381307532975e-01
9.250203397446216114e-01
9.250202413584767136e-01
9.250201429723181601e-01
9.250200445861461729e-01
9.250199461999606410e-01
9.250198478137616753e-01
9.250197494275492760e-01
9.250196510413233320e-01
9.250195526550837322e-01
9.250194542688306987e-01
9.250193558825644535e-01
9.250192574962841086e-01
9.250191591099908850e-01
9.250190607236837836e-01
9.250189623373632486e-01
9.250188639510292798e-01
9.250187655646819884e-01
9.250186671783209302e-01
9.250185687919463273e-01
9.250184704055585128e-01
9.250183720191570425e-01
9.250182736327419164e-01
9.250181752463135787e-01
9.250180768598716963e-01
9.250179784734159361e-01
9.250178800869472973e-01
9.250177817004647807e-01
9.250176833139688304e-01
9.250175849274592244e-01
9.250174865409361846e-01
9.250173881543998222e-01
9.250172897678496930e-01
9.250171913812863522e-01
9.250170929947093557e-01
9.250169946081190364e-01
9.250168962215150614e-01
9.250167978348972087e-01
9.250166994482666993e-01
9.250166010616218681e-01
9.250165026749641584e-01
9.250164042882924598e-01
9.250163059016077716e-01
9.250162075149092056e-01
9.250161091281973169e-01
9.250160107414717725e-01
9.250159123547326834e-01
9.250158139679802716e-01
9.250157155812145371e-01
9.250156171944349248e-01
9.250155188076419899e-01
9.250154204208355102e-01
9.250153220340155968e-01
9.250152236471821388e-01
9.250151252603353580e-01
9.250150268734746994e-01
9.250149284866007182e-01
9.250148300997134143e-01
9.250147317128123436e-01
9.250146333258977283e-01
9.250145349389702343e-01
9.250144365520284184e-01
9.250143381650735019e-01
9.250142397781048187e-01
9.250141413911229238e-01
9.250140430041279282e-01
9.250139446171187219e-01
9.250138462300965259e-01
9.250137478430603410e-01
9.250136494560107225e-01
9.250135510689481144e-01
9.250134526818715175e-01
9.250133542947815979e-01
9.250132559076781336e-01
9.250131575205612355e-01
9.250130591334307928e-01
9.250129607462865833e-01
9.250128623591294952e-01
9.250127639719585293e-01
9.250126655847741297e-01
9.250125671975760744e-01
9.250124688103645854e-01
9.250123704231401067e-01
9.250122720359014172e-01
9.250121736486494051e-01
9.250120752613837372e-01
9.250119768741049686e-01
9.250118784868125443e-01
9.250117800995065753e-01
9.250116817121872836e-01
9.250115833248542252e-01
9.250114849375078441e-01
9.250113865501480293e-01
9.250112881627742256e-01
9.250111897753875434e-01
9.250110913879870944e-01
9.250109930005731007e-01
9.250108946131458953e-01
9.250107962257047012e-01
9.250106978382502954e-01
9.250105994507824558e-01
9.250105010633010716e-01
9.250104026758059206e-01
9.250103042882974469e-01
9.250102059007757616e-01
9.250101075132405315e-01
9.250100091256914236e-01
9.250099107381289931e-01
9.250098123505531289e-01
9.250097139629638310e-01
9.250096155753606553e-01
9.250095171877442679e-01
9.250094188001142248e-01
9.250093204124708590e-01
9.250092220248139485e-01
9.250091236371434933e-01
9.250090252494598264e-01
9.250089268617623928e-01
9.250088284740514144e-01
9.250087300863270023e-01
9.250086316985889345e-01
9.250085333108375441e-01
9.250084349230723868e-01
9.250083365352943510e-01
9.250082381475024373e-01
9.250081397596968680e-01
9.250080413718781980e-01
9.250079429840454281e-01
9.250078445961998908e-01
9.250077462083403645e-01
9.250076478204675157e-01
9.250075494325813441e-01
9.250074510446811837e-01
9.250073526567677007e-01
9.250072542688407840e-01
9.250071558809005445e-01
9.250070574929465383e-01
9.250069591049789874e-01
9.250068607169984469e-01
9.250067623290038066e-01
9.250066639409958436e-01
9.250065655529745579e-01
9.250064671649396164e-01
9.250063687768911302e-01
9.250062703888292104e-01
9.250061720007541899e-01
9.250060736126650696e-01
9.250059752245625155e-01
9.250058768364467499e-01
9.250057784483175505e-01
9.250056800601745843e-01
9.250055816720179624e-01
9.250054832838480179e-01
9.250053848956647506e-01
9.250052865074678277e-01
9.250051881192575820e-01
9.250050897310335696e-01
9.250049913427959014e-01
9.250048929545454657e-01
9.250047945662811522e-01
9.250046961780032939e-01
9.250045977897116689e-01
9.250044994014069433e-01
9.250044010130883398e-01
9.250043026247564137e-01
9.250042042364111650e-01
9.250041058480521494e-01
9.250040074596798112e-01
9.250039090712940393e-01
9.250038106828946116e-01
9.250037122944817503e-01
9.250036139060553442e-01
9.250035155176155044e-01
9.250034171291620089e-01
9.250033187406950796e-01
9.250032203522150498e-01
9.250031219637209201e-01
9.250030235752135788e-01
9.250029251866924707e-01
9.250028267981583729e-01
9.250027284096106195e-01
9.250026300210490993e-01
9.250025316324740343e-01
9.250024332438856467e-01
9.250023348552840474e-01
9.250022364666687924e-01
9.250021380780396596e-01
9.250020396893973151e-01
9.250019413007413149e-01
9.250018429120721031e-01
9.250017445233890134e-01
9.250016461346929342e-01
9.250015477459829771e-01
9.250014493572594754e-01
9.250013509685228730e-01
9.250012525797722818e-01
9.250011541910082569e-01
9.250010558022312424e-01
9.250009574134402390e-01
9.250008590246359130e-01
9.250007606358180423e-01
9.250006622469868489e-01
9.250005638581418888e-01
9.250004654692833839e-01
9.250003670804116673e-01
9.250002686915261840e-01
9.250001703026273780e-01
9.250000719137151384e-01
9.249999735247891319e-01
9.249998751358496918e-01
9.249997767468969290e-01
9.249996783579307325e-01
9.249995799689508802e-01
9.249994815799572612e-01
9.249993831909507636e-01
9.249992848019300551e-01
9.249991864128963570e-01
9.249990880238490032e-01
9.249989896347883267e-01
9.249988912457138834e-01
9.249987928566258955e-01
9.249986944675248068e-01
9.249985960784095074e-01
9.249984976892815514e-01
9.249983993001394955e-01
9.249983009109840060e-01
9.249982025218151938e-01
9.249981041326327258e-01
9.249980057434370462e-01
9.249979073542275998e-01
9.249978089650047197e-01
9.249977105757685170e-01
9.249976121865185474e-01
9.249975137972553663e-01
9.249974154079786404e-01
9.249973170186881477e-01
9.249972186293844434e-01
9.249971202400667503e-01
9.249970218507359565e-01
9.249969234613915070e-01
9.249968250720337348e-01
9.249967266826627510e-01
9.249966282932776673e-01
9.249965299038794830e-01
9.249964315144675320e-01
9.249963331250421472e-01
9.249962347356033288e-01
9.249961363461506325e-01
9.249960379566851687e-01
9.249959395672058271e-01
9.249958411777130518e-01
9.249957427882066208e-01
9.249956443986868670e-01
9.249955460091537907e-01
9.249954476196065034e-01
9.249953492300463376e-01
9.249952508404727380e-01
9.249951524508852607e-01
9.249950540612844607e-01
9.249949556716697829e-01
9.249948572820423376e-01
9.249947588924007924e-01
9.249946605027459245e-01
9.249945621130776230e-01
9.249944637233957767e-01
9.249943653337004967e-01
9.249942669439916720e-01
9.249941685542691916e-01
9.249940701645337215e-01
9.249939717747842627e-01
9.249938733850214811e-01
9.249937749952450439e-01
9.249936766054552839e-01
9.249935782156518682e-01
9.249934798258349078e-01
9.249933814360048467e-01
9.249932830461609079e-01
9.249931846563035354e-01
9.249930862664328401e-01
9.249929878765484892e-01
9.249928894866505935e-01
9.249927910967393752e-01
9.249926927068146121e-01
9.249925943168761933e-01
9.249924959269245628e-01
9.249923975369591655e-01
9.249922991469802236e-01
9.249922007569878479e-01
9.249921023669819276e-01
9.249920039769629065e-01
9.249919055869300077e-01
9.249918071968835642e-01
9.249917088068237980e-01
9.249916104167502651e-01
9.249915120266637425e-01
9.249914136365633421e-01
9.249913152464496191e-01
9.249912168563221293e-01
9.249911184661812058e-01
9.249910200760271817e-01
9.249909216858591687e-01
9.249908232956780552e-01
9.249907249054830638e-01
9.249906265152749718e-01
9.249905281250528910e-01
9.249904297348175986e-01
9.249903313445688724e-01
9.249902329543066015e-01
9.249901345640307859e-01
9.249900361737415366e-01
9.249899377834385206e-01
9.249898393931224039e-01
9.249897410027925204e-01
9.249896426124494253e-01
9.249895442220923414e-01
9.249894458317222679e-01
9.249893474413384276e-01
9.249892490509410425e-01
9.249891506605303348e-01
9.249890522701060824e-01
9.249889538796680633e-01
9.249888554892169434e-01
9.249887570987521679e-01
9.249886587082737366e-01
9.249885603177819826e-01
9.249884619272767949e-01
9.249883635367580625e-01
9.249882651462254524e-01
9.249881667556798526e-01
9.249880683651204860e-01
9.249879699745475747e-01
9.249878715839614518e-01
9.249877731933613401e-01
9.249876748027483497e-01
9.249875764121213706e-01
9.249874780214811798e-01
9.249873796308273333e-01
9.249872812401600530e-01
9.249871828494792281e-01
9.249870844587848584e-01
9.249869860680773881e-01
9.249868876773558179e-01
9.249867892866210362e-01
9.249866908958728207e-01
9.249865925051110604e-01
9.249864941143357555e-01
9.249863957235469059e-01
9.249862973327445115e-01
9.249861989419286834e-01
9.249861005510995327e-01
9.249860021602570592e-01
9.249859037694004860e-01
9.249858053785307010e-01
9.249857069876474824e-01
9.249856085967506081e-01
9.249855102058404110e-01
9.249854118149164472e-01
9.249853134239793828e-01
9.249852150330285516e-01
9.249851166420642867e-01
9.249850182510864771e-01
9.249849198600952338e-01
9.249848214690903347e-01
9.249847230780720020e-01
9.249846246870400135e-01
9.249845262959950354e-01
9.249844279049361795e-01
9.249843295138637789e-01
9.249842311227780556e-01
9.249841327316787876e-01
9.249840343405659748e-01
9.249839359494397284e-01
9.249838375583000483e-01
9.249837391671467124e-01
9.249836407759800538e-01
9.249835423847996285e-01
9.249834439936062136e-01
9.249833456023985878e-01
9.249832472111779724e-01
9.249831488199434792e-01
9.249830504286956634e-01
9.249829520374343028e-01
9.249828536461596196e-01
