1.050000000000000044e+00
1.049999959333432820e+00
1.049999918666861820e+00
1.049999878000287490e+00
1.049999837333709607e+00
1.049999796667127949e+00
1.049999756000542961e+00
1.049999715333953976e+00
1.049999674667361882e+00
1.049999634000766235e+00
1.049999593334167036e+00
1.049999552667564062e+00
1.049999512000957758e+00
1.049999471334347678e+00
1.049999430667733824e+00
1.049999390001117305e+00
1.049999349334496568e+00
1.049999308667872278e+00
1.049999268001244657e+00
1.049999227334613261e+00
1.049999186667978313e+00
1.049999146001340034e+00
1.049999105334698424e+00
1.049999064668052595e+00
1.049999024001403436e+00
1.049998983334751168e+00
1.049998942668094681e+00
1.049998902001435086e+00
1.049998861334771938e+00
1.049998820668105237e+00
1.049998780001434540e+00
1.049998739334760733e+00
1.049998698668083152e+00
1.049998658001402241e+00
1.049998617334717554e+00
1.049998576668029759e+00
1.049998536001337968e+00
1.049998495334642845e+00
1.049998454667943948e+00
1.049998414001241276e+00
1.049998373334535717e+00
1.049998332667826162e+00
1.049998292001113276e+00
1.049998251334396615e+00
1.049998210667676402e+00
1.049998170000952857e+00
1.049998129334225538e+00
1.049998088667495111e+00
1.049998048000760686e+00
1.049998007334022487e+00
1.049997966667280958e+00
1.049997926000536319e+00
1.049997885333788128e+00
1.049997844667035718e+00
1.049997804000279977e+00
1.049997763333521128e+00
1.049997722666758060e+00
1.049997681999991883e+00
1.049997641333221932e+00
1.049997600666448427e+00
1.049997559999671592e+00
1.049997519332890983e+00
1.049997478666106820e+00
1.049997437999319105e+00
1.049997397332528282e+00
1.049997356665733683e+00
1.049997315998935310e+00
1.049997275332133828e+00
1.049997234665327905e+00
1.049997193998518874e+00
1.049997153331706956e+00
1.049997112664890819e+00
1.049997071998071130e+00
1.049997031331247888e+00
1.049996990664421315e+00
1.049996949997590967e+00
1.049996909330757289e+00
1.049996868663919836e+00
1.049996827997078830e+00
1.049996787330234271e+00
1.049996746663386382e+00
1.049996705996534940e+00
1.049996665329679724e+00
1.049996624662821176e+00
1.049996583995959076e+00
1.049996543329093202e+00
1.049996502662223996e+00
1.049996461995351016e+00
1.049996421328474705e+00
1.049996380661594841e+00
1.049996339994711203e+00
1.049996299327824012e+00
1.049996258660933268e+00
1.049996217994038972e+00
1.049996177327141567e+00
1.049996136660239943e+00
1.049996095993334988e+00
1.049996055326426925e+00
1.049996014659514643e+00
1.049995973992599030e+00
1.049995933325680308e+00
1.049995892658757812e+00
1.049995851991831541e+00
1.049995811324901718e+00
1.049995770657968341e+00
1.049995729991031412e+00
1.049995689324091597e+00
1.049995648657147340e+00
1.049995607990199975e+00
1.049995567323248835e+00
1.049995526656294365e+00
1.049995485989336119e+00
1.049995445322374987e+00
1.049995404655409192e+00
1.049995363988440289e+00
1.049995323321467611e+00
1.049995282654492046e+00
1.049995241987512706e+00
1.049995201320529592e+00
1.049995160653542925e+00
1.049995119986552927e+00
1.049995079319559155e+00
1.049995038652562052e+00
1.049994997985561174e+00
1.049994957318556965e+00
1.049994916651548982e+00
1.049994875984537446e+00
1.049994835317522579e+00
1.049994794650503938e+00
1.049994753983481743e+00
1.049994713316455996e+00
1.049994672649426919e+00
1.049994631982394289e+00
1.049994591315358106e+00
1.049994550648318148e+00
1.049994509981274637e+00
1.049994469314228018e+00
1.049994428647177180e+00
1.049994387980123234e+00
1.049994347313065512e+00
1.049994306646004461e+00
1.049994265978939412e+00
1.049994225311871254e+00
1.049994184644799322e+00
1.049994143977724059e+00
1.049994103310645244e+00
1.049994062643562431e+00
1.049994021976476510e+00
1.049993981309387037e+00
1.049993940642294010e+00
1.049993899975197209e+00
1.049993859308097299e+00
1.049993818640993171e+00
1.049993777973885489e+00
1.049993737306774921e+00
1.049993696639660357e+00
1.049993655972542239e+00
1.049993615305420791e+00
1.049993574638295568e+00
1.049993533971166793e+00
1.049993493304034686e+00
1.049993452636899027e+00
1.049993411969759594e+00
1.049993371302616829e+00
1.049993330635470068e+00
1.049993289968320198e+00
1.049993249301166998e+00
1.049993208634009578e+00
1.049993167966848828e+00
1.049993127299684748e+00
1.049993086632516670e+00
1.049993045965345484e+00
1.049993005298170745e+00
1.049992964630992454e+00
1.049992923963810387e+00
1.049992883296624546e+00
1.049992842629435597e+00
1.049992801962242872e+00
1.049992761295047039e+00
1.049992720627847431e+00
1.049992679960643827e+00
1.049992639293436891e+00
1.049992598626226403e+00
1.049992557959012585e+00
1.049992517291795213e+00
1.049992476624574067e+00
1.049992435957349368e+00
1.049992395290121339e+00
1.049992354622889534e+00
1.049992313955654177e+00
1.049992273288415934e+00
1.049992232621173027e+00
1.049992191953927012e+00
1.049992151286677666e+00
1.049992110619424546e+00
1.049992069952167872e+00
1.049992029284907868e+00
1.049991988617644312e+00
1.049991947950377202e+00
1.049991907283106096e+00
1.049991866615832103e+00
1.049991825948553448e+00
1.049991785281272572e+00
1.049991744613987477e+00
1.049991703946699051e+00
1.049991663279406628e+00
1.049991622612111097e+00
1.049991581944811569e+00
1.049991541277509377e+00
1.049991500610202744e+00
1.049991459942893002e+00
1.049991419275579485e+00
1.049991378608262416e+00
1.049991337940941794e+00
1.049991297273618063e+00
1.049991256606290335e+00
1.049991215938959055e+00
1.049991175271624222e+00
1.049991134604285836e+00
1.049991093936943898e+00
1.049991053269598629e+00
1.049991012602249807e+00
1.049990971934896988e+00
1.049990931267541283e+00
1.049990890600181581e+00
1.049990849932818104e+00
1.049990809265451741e+00
1.049990768598081603e+00
1.049990727930707468e+00
1.049990687263330225e+00
1.049990646595948984e+00
1.049990605928564191e+00
1.049990565261176734e+00
1.049990524593785279e+00
1.049990483926389828e+00
1.049990443258991046e+00
1.049990402591588712e+00
1.049990361924183269e+00
1.049990321256773829e+00
1.049990280589361058e+00
1.049990239921944735e+00
1.049990199254524192e+00
1.049990158587100764e+00
1.049990117919673782e+00
1.049990077252242804e+00
1.049990036584808939e+00
1.049989995917371077e+00
1.049989955249929441e+00
1.049989914582484474e+00
1.049989873915036176e+00
1.049989833247584325e+00
1.049989792580128922e+00
1.049989751912669744e+00
1.049989711245207014e+00
1.049989670577740730e+00
1.049989629910271116e+00
1.049989589242797949e+00
1.049989548575321008e+00
1.049989507907840292e+00
1.049989467240356467e+00
1.049989426572868645e+00
1.049989385905377715e+00
1.049989345237883454e+00
1.049989304570384974e+00
1.049989263902883385e+00
1.049989223235378244e+00
1.049989182567869328e+00
1.049989141900356637e+00
1.049989101232840838e+00
1.049989060565321264e+00
1.049989019897798581e+00
1.049988979230271680e+00
1.049988938562741447e+00
1.049988897895207662e+00
1.049988857227670547e+00
1.049988816560129656e+00
1.049988775892585213e+00
1.049988735225037439e+00
1.049988694557485891e+00
1.049988653889930790e+00
1.049988613222372358e+00
1.049988572554810373e+00
1.049988531887244392e+00
1.049988491219675080e+00
1.049988450552102437e+00
1.049988409884526019e+00
1.049988369216946271e+00
1.049988328549362970e+00
1.049988287881775673e+00
1.049988247214185044e+00
1.049988206546590641e+00
1.049988165878993351e+00
1.049988125211392287e+00
1.049988084543787448e+00
1.049988043876179056e+00
1.049988003208566889e+00
1.049987962540951836e+00
1.049987921873332786e+00
1.049987881205710405e+00
1.049987840538084249e+00
1.049987799870454541e+00
1.049987759202821280e+00
1.049987718535184467e+00
1.049987677867544100e+00
1.049987637199900625e+00
1.049987596532253153e+00
1.049987555864601907e+00
1.049987515196947774e+00
1.049987474529289422e+00
1.049987433861627517e+00
1.049987393193962504e+00
1.049987352526293938e+00
1.049987311858621597e+00
1.049987271190945926e+00
1.049987230523266701e+00
1.049987189855583480e+00
1.049987149187896929e+00
1.049987108520207046e+00
1.049987067852513389e+00
1.049987027184816180e+00
1.049986986517115639e+00
1.049986945849410880e+00
1.049986905181703456e+00
1.049986864513992479e+00
1.049986823846277284e+00
1.049986783178558758e+00
1.049986742510836901e+00
1.049986701843111048e+00
1.049986661175382086e+00
1.049986620507649127e+00
1.049986579839912837e+00
1.049986539172173439e+00
1.049986498504429822e+00
1.049986457836683096e+00
1.049986417168932595e+00
1.049986376501178542e+00
1.049986335833421158e+00
1.049986295165660000e+00
1.049986254497895288e+00
1.049986213830127246e+00
1.049986173162355430e+00
1.049986132494580282e+00
1.049986091826801138e+00
1.049986051159018885e+00
1.049986010491232857e+00
1.049985969823443277e+00
1.049985929155650366e+00
1.049985888487853680e+00
1.049985847820053442e+00
1.049985807152249873e+00
1.049985766484442529e+00
1.049985725816631632e+00
1.049985685148817183e+00
1.049985644480999403e+00
1.049985603813177848e+00
1.049985563145352740e+00
1.049985522477524080e+00
1.049985481809691645e+00
1.049985441141856102e+00
1.049985400474017005e+00
1.049985359806174356e+00
1.049985319138327489e+00
1.049985278470477956e+00
1.049985237802624427e+00
1.049985197134767567e+00
1.049985156466907155e+00
1.049985115799042745e+00
1.049985075131174783e+00
1.049985034463303935e+00
1.049984993795428867e+00
1.049984953127550691e+00
1.049984912459668740e+00
1.049984871791783458e+00
1.049984831123893958e+00
1.049984790456001571e+00
1.049984749788105631e+00
1.049984709120205917e+00
1.049984668452302650e+00
1.049984627784395830e+00
1.049984587116485457e+00
1.049984546448571754e+00
1.049984505780654498e+00
1.049984465112733467e+00
1.049984424444808662e+00
1.049984383776880525e+00
1.049984343108949059e+00
1.049984302441013817e+00
1.049984261773074801e+00
1.049984221105132676e+00
1.049984180437186998e+00
1.049984139769237323e+00
1.049984099101284540e+00
1.049984058433327982e+00
1.049984017765367872e+00
1.049983977097404653e+00
1.049983936429437215e+00
1.049983895761466224e+00
1.049983855093492124e+00
1.049983814425514250e+00
1.049983773757532823e+00
1.049983733089547844e+00
1.049983692421559756e+00
1.049983651753567671e+00
1.049983611085571589e+00
1.049983570417572620e+00
1.049983529749570099e+00
1.049983489081563581e+00
1.049983448413554177e+00
1.049983407745540553e+00
1.049983367077523599e+00
1.049983326409502871e+00
1.049983285741479477e+00
1.049983245073451643e+00
1.049983204405420256e+00
1.049983163737385983e+00
1.049983123069347712e+00
1.049983082401305889e+00
1.049983041733260292e+00
1.049983001065211807e+00
1.049982960397159104e+00
1.049982919729103292e+00
1.049982879061043706e+00
1.049982838392980344e+00
1.049982797724913652e+00
1.049982757056843630e+00
1.049982716388770054e+00
1.049982675720692482e+00
1.049982635052612023e+00
1.049982594384527124e+00
1.049982553716439115e+00
1.049982513048347998e+00
1.049982472380252885e+00
1.049982431712154440e+00
1.049982391044051999e+00
1.049982350375946227e+00
1.049982309707836681e+00
1.049982269039724248e+00
1.049982228371607818e+00
1.049982187703487835e+00
1.049982147035364077e+00
1.049982106367236989e+00
1.049982065699106570e+00
1.049982025030972377e+00
1.049981984362834853e+00
1.049981943694693554e+00
1.049981903026548480e+00
1.049981862358400297e+00
1.049981821690248118e+00
1.049981781022092830e+00
1.049981740353933990e+00
1.049981699685771153e+00
1.049981659017604763e+00
1.049981618349435042e+00
1.049981577681262213e+00
1.049981537013085608e+00
1.049981496344905008e+00
1.049981455676721298e+00
1.049981415008533592e+00
1.049981374340342555e+00
1.049981333672147965e+00
1.049981293003950045e+00
1.049981252335748350e+00
1.049981211667543102e+00
1.049981170999334301e+00
1.049981130331121948e+00
1.049981089662906042e+00
1.049981048994687027e+00
1.049981008326463572e+00
1.049980967658237230e+00
1.049980926990007113e+00
1.049980886321773443e+00
1.049980845653535999e+00
1.049980804985295446e+00
1.049980764317051340e+00
1.049980723648803238e+00
1.049980682980552027e+00
1.049980642312297041e+00
1.049980601644038281e+00
1.049980560975776189e+00
1.049980520307510767e+00
1.049980479639241571e+00
1.049980438970968599e+00
1.049980398302692519e+00
1.049980357634412664e+00
1.049980316966129479e+00
1.049980276297842297e+00
1.049980235629552006e+00
1.049980194961257718e+00
1.049980154292960099e+00
1.049980113624659150e+00
1.049980072956354871e+00
1.049980032288046150e+00
1.049979991619734765e+00
1.049979950951419161e+00
1.049979910283100004e+00
1.049979869614777517e+00
1.049979828946451477e+00
1.049979788278121884e+00
1.049979747609789182e+00
1.049979706941452040e+00
1.049979666273111789e+00
1.049979625604768430e+00
1.049979584936421073e+00
1.049979544268070164e+00
1.049979503599715480e+00
1.049979462931357688e+00
1.049979422262995898e+00
1.049979381594630778e+00
1.049979340926262328e+00
1.049979300257890102e+00
1.049979259589514324e+00
1.049979218921134771e+00
1.049979178252751888e+00
1.049979137584365674e+00
1.049979096915976129e+00
1.049979056247582587e+00
1.049979015579185049e+00
1.049978974910784624e+00
1.049978934242380202e+00
1.049978893573972227e+00
1.049978852905561588e+00
1.049978812237146286e+00
1.049978771568728098e+00
1.049978730900305912e+00
1.049978690231880396e+00
1.049978649563451549e+00
1.049978608895018928e+00
1.049978568226582754e+00
1.049978527558143249e+00
1.049978486889699747e+00
1.049978446221252915e+00
1.049978405552802752e+00
1.049978364884348814e+00
1.049978324215891323e+00
1.049978283547430280e+00
1.049978242878965462e+00
1.049978202210497535e+00
1.049978161542025612e+00
1.049978120873550580e+00
1.049978080205071773e+00
1.049978039536589414e+00
1.049977998868103501e+00
1.049977958199613814e+00
1.049977917531120575e+00
1.049977876862624449e+00
1.049977836194124547e+00
1.049977795525620650e+00
1.049977754857113199e+00
1.049977714188602640e+00
1.049977673520087862e+00
1.049977632851570641e+00
1.049977592183048980e+00
1.049977551514524210e+00
1.049977510845995443e+00
1.049977470177463124e+00
1.049977429508927473e+00
1.049977388840388715e+00
1.049977348171845959e+00
1.049977307503299429e+00
1.049977266834749567e+00
1.049977226166196376e+00
1.049977185497639187e+00
1.049977144829078668e+00
1.049977104160514596e+00
1.049977063491947415e+00
1.049977022823375572e+00
1.049976982154801064e+00
1.049976941486222781e+00
1.049976900817641168e+00
1.049976860149055780e+00
1.049976819480466617e+00
1.049976778811874345e+00
1.049976738143278077e+00
1.049976697474678478e+00
1.049976656806075326e+00
1.049976616137468843e+00
1.049976575468858364e+00
1.049976534800244776e+00
1.049976494131627192e+00
1.049976453463006498e+00
1.049976412794382030e+00
1.049976372125753787e+00
1.049976331457122214e+00
1.049976290788487088e+00
1.049976250119848409e+00
1.049976209451205955e+00
1.049976168782560615e+00
1.049976128113911056e+00
1.049976087445258388e+00
1.049976046776601502e+00
1.049976006107941728e+00
1.049975965439278180e+00
1.049975924770611302e+00
1.049975884101940427e+00
1.049975843433266443e+00
1.049975802764588462e+00
1.049975762095907150e+00
1.049975721427222064e+00
1.049975680758534091e+00
1.049975640089841900e+00
1.049975599421146155e+00
1.049975558752446858e+00
1.049975518083744674e+00
1.049975477415038494e+00
1.049975436746328761e+00
1.049975396077615253e+00
1.049975355408898858e+00
1.049975314740178245e+00
1.049975274071454301e+00
1.049975233402726582e+00
1.049975192733995755e+00
1.049975152065260930e+00
1.049975111396523220e+00
1.049975070727781068e+00
1.049975030059035808e+00
1.049974989390286773e+00
1.049974948721534407e+00
1.049974908052778710e+00
1.049974867384019461e+00
1.049974826715255993e+00
1.049974786046489417e+00
1.049974745377719509e+00
1.049974704708946049e+00
1.049974664040168593e+00
1.049974623371387361e+00
1.049974582702603243e+00
1.049974542033815350e+00
1.049974501365024127e+00
1.049974460696229128e+00
1.049974420027430577e+00
1.049974379358628251e+00
1.049974338689822373e+00
1.049974298021013386e+00
1.049974257352200624e+00
1.049974216683384309e+00
1.049974176014564664e+00
1.049974135345740800e+00
1.049974094676913827e+00
1.049974054008083302e+00
1.049974013339249002e+00
1.049973972670411815e+00
1.049973932001570409e+00
1.049973891332725895e+00
1.049973850663877384e+00
1.049973809995025320e+00
1.049973769326170148e+00
1.049973728657310978e+00
1.049973687988448923e+00
1.049973647319582426e+00
1.049973606650712821e+00
1.049973565981839885e+00
1.049973525312963174e+00
1.049973484644082689e+00
1.049973443975199094e+00
1.049973403306311504e+00
1.049973362637420804e+00
1.049973321968526108e+00
1.049973281299627859e+00
1.049973240630726501e+00
1.049973199961821146e+00
1.049973159292912683e+00
1.049973118624000223e+00
1.049973077955084433e+00
1.049973037286165090e+00
1.049972996617242416e+00
1.049972955948315745e+00
1.049972915279385743e+00
1.049972874610451967e+00
1.049972833941515082e+00
1.049972793272574423e+00
1.049972752603630211e+00
1.049972711934682224e+00
1.049972671265730906e+00
1.049972630596776035e+00
1.049972589927817390e+00
1.049972549258855192e+00
1.049972508589890108e+00
1.049972467920921027e+00
1.049972427251948170e+00
1.049972386582971762e+00
1.049972345913992244e+00
1.049972305245008730e+00
1.049972264576021885e+00
1.049972223907031488e+00
1.049972183238037760e+00
1.049972142569040034e+00
1.049972101900038979e+00
1.049972061231034148e+00
1.049972020562026209e+00
1.049971979893014273e+00
1.049971939223999007e+00
1.049971898554980188e+00
1.049971857885957816e+00
1.049971817216931669e+00
1.049971776547902413e+00
1.049971735878869383e+00
1.049971695209832800e+00
1.049971654540792443e+00
1.049971613871748310e+00
1.049971573202701514e+00
1.049971532533650720e+00
1.049971491864596151e+00
1.049971451195538474e+00
1.049971410526476578e+00
1.049971369857411796e+00
1.049971329188343017e+00
1.049971288519271129e+00
1.049971247850195466e+00
1.049971207181115807e+00
1.049971166512033260e+00
1.049971125842946718e+00
1.049971085173856844e+00
1.049971044504763862e+00
1.049971003835666439e+00
1.049970963166566129e+00
1.049970922497461601e+00
1.049970881828354186e+00
1.049970841159242774e+00
1.049970800490127809e+00
1.049970759821009958e+00
1.049970719151887666e+00
1.049970678482762487e+00
1.049970637813633534e+00
1.049970597144500806e+00
1.049970556475364969e+00
1.049970515806225135e+00
1.049970475137081749e+00
1.049970434467935032e+00
1.049970393798784540e+00
1.049970353129631162e+00
1.049970312460473565e+00
1.049970271791312637e+00
1.049970231122148157e+00
1.049970190452979901e+00
1.049970149783808093e+00
1.049970109114632955e+00
1.049970068445454485e+00
1.049970027776272019e+00
1.049969987107086222e+00
1.049969946437896651e+00
1.049969905768703526e+00
1.049969865099507293e+00
1.049969824430307508e+00
1.049969783761103947e+00
1.049969743091896390e+00
1.049969702422685724e+00
1.049969661753471284e+00
1.049969621084253291e+00
1.049969580415032411e+00
1.049969539745807312e+00
1.049969499076578661e+00
1.049969458407346901e+00
1.049969417738111366e+00
1.049969377068872056e+00
1.049969336399629638e+00
1.049969295730383223e+00
1.049969255061133477e+00
1.049969214391880179e+00
1.049969173722622884e+00
1.049969133053362702e+00
1.049969092384098746e+00
1.049969051714831236e+00
1.049969011045559952e+00
1.049968970376285116e+00
1.049968929707007392e+00
1.049968889037725228e+00
1.049968848368439955e+00
1.049968807699151352e+00
1.049968767029858530e+00
1.049968726360562821e+00
1.049968685691263115e+00
1.049968645021959857e+00
1.049968604352653490e+00
1.049968563683343126e+00
1.049968523014029431e+00
1.049968482344712184e+00
1.049968441675391162e+00
1.049968401006066809e+00
1.049968360336738904e+00
1.049968319667407224e+00
1.049968278998072435e+00
1.049968238328733650e+00
1.049968197659391311e+00
1.049968156990045642e+00
1.049968116320696421e+00
1.049968075651343424e+00
1.049968034981987097e+00
1.049967994312627440e+00
1.049967953643263785e+00
1.049967912973896578e+00
1.049967872304526484e+00
1.049967831635151949e+00
1.049967790965773862e+00
1.049967750296393110e+00
1.049967709627008139e+00
1.049967668957619615e+00
1.049967628288227983e+00
1.049967587618832354e+00
1.049967546949433617e+00
1.049967506280030438e+00
1.049967465610624595e+00
1.049967424941214977e+00
1.049967384271801585e+00
1.049967343602384862e+00
1.049967302932964586e+00
1.049967262263540757e+00
1.049967221594113154e+00
1.049967180924681998e+00
1.049967140255247955e+00
1.049967099585809915e+00
1.049967058916367879e+00
1.049967018246922734e+00
1.049966977577473815e+00
1.049966936908021342e+00
1.049966896238565761e+00
1.049966855569105961e+00
1.049966814899643275e+00
1.049966774230176592e+00
1.049966733560706578e+00
1.049966692891233011e+00
1.049966652221755892e+00
1.049966611552274998e+00
1.049966570882790773e+00
1.049966530213302995e+00
1.049966489543811221e+00
1.049966448874316338e+00
1.049966408204817903e+00
1.049966367535315914e+00
1.049966326865810151e+00
1.049966286196301279e+00
1.049966245526788189e+00
1.049966204857271768e+00
1.049966164187752238e+00
1.049966123518229155e+00
1.049966082848701854e+00
1.049966042179171222e+00
1.049966001509637481e+00
1.049965960840099743e+00
1.049965920170558897e+00
1.049965879501014276e+00
1.049965838831465659e+00
1.049965798161913710e+00
1.049965757492358653e+00
1.049965716822799378e+00
1.049965676153237215e+00
1.049965635483671056e+00
1.049965594814101566e+00
1.049965554144528523e+00
1.049965513474951928e+00
1.049965472805371114e+00
1.049965432135787635e+00
1.049965391466200382e+00
1.049965350796609798e+00
1.049965310127014773e+00
1.049965269457416861e+00
1.049965228787815397e+00
1.049965188118210602e+00
1.049965147448601588e+00
1.049965106778989687e+00
1.049965066109373568e+00
1.049965025439754340e+00
1.049964984770131560e+00
1.049964944100505226e+00
1.049964903430874896e+00
1.049964862761241680e+00
1.049964822091604466e+00
1.049964637279305224e+00
1.049963804979433757e+00
1.049962972678073703e+00
1.049962140375226172e+00
1.049961308070890498e+00
1.049960475765066459e+00
1.049959643457754499e+00
1.049958811148954174e+00
1.049957978838666595e+00
1.049957146526890206e+00
1.049956314213625896e+00
1.049955481898873444e+00
1.049954649582633071e+00
1.049953817264904554e+00
1.049952984945687673e+00
1.049952152624982649e+00
1.049951320302789703e+00
1.049950487979109059e+00
1.049949655653939828e+00
1.049948823327282676e+00
1.049947990999137160e+00
1.049947158669503722e+00
1.049946326338382141e+00
1.049945494005772639e+00
1.049944661671674551e+00
1.049943829336088985e+00
1.049942996999014611e+00
1.049942164660452537e+00
1.049941332320402099e+00
1.049940499978863739e+00
1.049939667635837237e+00
1.049938835291322370e+00
1.049938002945319360e+00
1.049937170597828429e+00
1.049936338248849355e+00
1.049935505898381916e+00
1.049934673546426556e+00
1.049933841192982831e+00
1.049933008838050963e+00
1.049932176481630730e+00
1.049931344123723242e+00
1.049930511764326502e+00
1.049929679403442284e+00
1.049928331191025022e+00
1.049926908985541640e+00
1.049925486775714401e+00
1.049924064561541970e+00
1.049922642343024792e+00
1.049921220120163534e+00
1.049919797892957085e+00
1.049918375661406111e+00
1.049916953425510391e+00
1.049915531185270146e+00
1.049914108940685153e+00
1.049912686691755415e+00
1.049911264438480707e+00
1.049909842180861252e+00
1.049908419918897717e+00
1.049906997652588769e+00
1.049905575381934630e+00
1.049904153106936855e+00
1.049902730827593667e+00
1.049901308543905731e+00
1.049899886255872827e+00
1.049898463963494954e+00
1.049897041666773001e+00
1.049895619365705191e+00
1.049894130990492114e+00
1.049892126575322493e+00
1.049890122151523775e+00
1.049888117719095737e+00
1.049886113278039046e+00
1.049884108828352591e+00
1.049882104370037039e+00
1.049880099903091946e+00
1.049878095427517755e+00
1.049876090943314022e+00
1.049874086450481414e+00
1.049872081949019265e+00
1.049870077438927130e+00
1.049868072920205897e+00
1.049866068392854901e+00
1.049864063856874585e+00
1.049862059312264506e+00
1.049860054759024663e+00
1.049857735354462029e+00
1.049855151309444956e+00
1.049852567250087798e+00
1.049849983176390333e+00
1.049847399088352784e+00
1.049844814985974484e+00
1.049842230869255877e+00
1.049839646738196741e+00
1.049837062592796855e+00
1.049834478433056217e+00
1.049831894258975273e+00
1.049829310070552912e+00
1.049826725867789801e+00
1.049824141650685716e+00
1.049821029337575151e+00
1.049817866850605741e+00
1.049814704342159066e+00
1.049811541812235349e+00
1.049808379260834146e+00
1.049805216687955678e+00
1.049802054093599279e+00
1.049798891477765395e+00
1.049795728840453579e+00
1.049792566181664055e+00
1.049789403501396157e+00
1.049785793007498302e+00
1.049782052745949823e+00
1.049778312454362483e+00
1.049774572132736061e+00
1.049770831781069891e+00
1.049767091399364194e+00
1.049763350987618749e+00
1.049759610545832889e+00
1.049755870074007280e+00
1.049751923414710797e+00
1.049747605809097539e+00
1.049743288163459187e+00
1.049738970477795741e+00
1.049734652752106090e+00
1.049730334986390456e+00
1.049726017180648618e+00
1.049721699334879466e+00
1.049717267301397694e+00
1.049712372638110125e+00
1.049707477923387700e+00
1.049702583157230196e+00
1.049697688339637169e+00
1.049692793470607510e+00
1.049687898550140996e+00
1.049683003578237406e+00
1.049647768435465922e+00
1.049612530628396989e+00
1.049577290156850307e+00
1.049542047020642688e+00
1.049506801219590724e+00
1.049471552753513226e+00
1.049436301622226564e+00
1.049401047825548439e+00
1.049365791363295886e+00
1.049330532235287494e+00
1.049295270441338968e+00
1.049260005981269117e+00
1.049224738854895644e+00
1.049189469062034252e+00
1.049154196602503308e+00
1.049118921476120070e+00
1.049083643682702682e+00
1.049048363222067071e+00
1.049013080094032047e+00
1.048977794298414423e+00
1.048942505835031236e+00
1.048907214703700408e+00
1.048871920904239863e+00
1.048836624436466192e+00
1.048801325300197318e+00
1.048766023495250277e+00
1.048730719021442992e+00
1.048695411878592720e+00
1.048660102066516719e+00
1.048624789585032913e+00
1.048589474433957891e+00
1.048554156613110022e+00
1.048518836122305897e+00
1.048483512961363884e+00
1.048448187130101239e+00
1.048412858628334776e+00
1.048377527455882641e+00
1.048342193612561868e+00
1.048306857098190381e+00
1.048271517912584994e+00
1.048236176055563629e+00
1.048200831526943988e+00
1.048165484326542884e+00
1.048130134454178242e+00
1.048094781909667095e+00
1.048059426692827589e+00
1.048024068803476760e+00
1.047988708241432310e+00
1.047953345006511494e+00
1.047917979098531793e+00
1.047882610517310908e+00
1.047847239262666541e+00
1.047811865334415726e+00
1.047776488732375277e+00
1.047741109456364450e+00
1.047705727506199169e+00
1.047670342881698247e+00
1.047634955582677607e+00
1.047599565608956063e+00
1.047564172960350648e+00
1.047528777636678621e+00
1.047493379637757682e+00
1.047457978963405978e+00
1.047422575613440099e+00
1.047387169587677747e+00
1.047351760885936622e+00
1.047316349508034650e+00
1.047280935453788864e+00
1.047245518723016522e+00
1.047210099315535548e+00
1.047174677231163420e+00
1.047139252469717841e+00
1.047103825031016289e+00
1.047068394914875356e+00
1.047032962121114519e+00
1.046997526649549259e+00
1.046962088499997945e+00
1.046926647672278721e+00
1.046891204166208400e+00
1.046855757981604684e+00
1.046820309118285497e+00
1.046784857576067429e+00
1.046749403354769070e+00
1.046713946454208122e+00
1.046678486874200509e+00
1.046643024614565487e+00
1.046607559675119870e+00
1.046572092055681802e+00
1.046536621756067431e+00
1.046501148776095791e+00
1.046465673115583694e+00
1.046430194774349287e+00
1.046394713752209382e+00
1.046359230048982125e+00
1.046323743664485217e+00
1.046288254598535916e+00
1.046252762850951701e+00
1.046217268421550273e+00
1.046181771310149111e+00
1.046146271516566362e+00
1.046110769040619282e+00
1.046075263882124684e+00
1.046039756040901603e+00
1.046004245516766407e+00
1.045968732309537241e+00
1.045933216419031808e+00
1.045897697845067587e+00
1.045862176587462056e+00
1.045826652646032473e+00
1.045791126020597206e+00
1.045755596710973734e+00
1.045720064716979314e+00
1.045684530038431870e+00
1.045648992675148881e+00
1.045613452626947604e+00
1.045577909893646185e+00
1.045542364475062325e+00
1.045506816371013059e+00
1.045471265581316755e+00
1.045435712105790449e+00
1.045400155944252285e+00
1.045364597096518855e+00
1.045329035562409192e+00
1.045293471341740110e+00
1.045257904434329310e+00
1.045222334839994716e+00
1.045186762558553584e+00
1.045151187589824282e+00
1.045115609933623624e+00
1.045080029589769754e+00
1.045044446558080375e+00
1.045008860838372522e+00
1.044973272430464561e+00
1.044937681334174417e+00
1.044902087549318681e+00
1.044866491075715942e+00
1.044830891913183013e+00
1.044795290061538262e+00
1.044759685520599612e+00
1.044724078290183655e+00
1.044688468370108980e+00
1.044652855760193066e+00
1.044617240460253393e+00
1.044581622470108107e+00
1.044546001789574463e+00
1.044510378418470165e+00
1.044474752356612912e+00
1.044439123603820851e+00
1.044403492159911018e+00
1.044367858024701556e+00
1.044332221198010169e+00
1.044296581679654556e+00
1.044260939469452198e+00
1.044225294567221018e+00
1.044189646972778496e+00
1.044153996685942554e+00
1.044118343706531116e+00
1.044082688034361217e+00
1.044047029669251669e+00
1.044011368611019064e+00
1.043975704859481768e+00
1.043940038414457705e+00
1.043904369275763910e+00
1.043868697443218307e+00
1.043833022916639042e+00
1.043797345695844037e+00
1.043761665780650327e+00
1.043725983170876059e+00
1.043690297866338490e+00
1.043654609866856209e+00
1.043618919172246473e+00
1.043583225782327206e+00
1.043547529696916110e+00
1.043511830915830885e+00
1.043476129438889233e+00
1.043440425265909299e+00
1.043404718396708564e+00
1.043369008831104949e+00
1.043333296568915713e+00
1.043297581609959446e+00
1.043261863954053403e+00
1.043226143601015510e+00
1.043190420550663688e+00
1.043154694802815641e+00
1.043118966357289068e+00
1.043083235213901672e+00
1.043047501372471597e+00
1.043011764832816768e+00
1.042976025594753997e+00
1.042940283658101874e+00
1.042904539022678323e+00
1.042868791688301044e+00
1.042833041654787518e+00
1.042797288921955889e+00
1.042761533489623860e+00
1.042725775357609574e+00
1.042690014525730291e+00
1.042654250993803933e+00
1.042618484761648867e+00
1.042582715829082352e+00
1.042546944195922753e+00
1.042511169861987330e+00
1.042475392827094227e+00
1.042439613091061590e+00
1.042403830653706898e+00
1.042368045514847630e+00
1.042332257674302154e+00
1.042296467131888171e+00
1.042260673887423383e+00
1.042224877940726158e+00
1.042189079291613973e+00
1.042153277939904532e+00
1.042117473885415979e+00
1.042081667127966016e+00
1.042045857667373010e+00
1.042010045503454219e+00
1.041974230636028009e+00
1.041938413064911861e+00
1.041902592789923698e+00
1.041866769810881443e+00
1.041830944127603686e+00
1.041795115739907462e+00
1.041759284647610473e+00
1.041723450850531085e+00
1.041687614348488111e+00
1.041651775141297698e+00
1.041615933228778434e+00
1.041580088610748911e+00
1.041544241287026384e+00
1.041508391257429000e+00
1.041472538521774460e+00
1.041436683079880909e+00
1.041400824931566049e+00
1.041364964076648247e+00
1.041329100514944761e+00
1.041293234246273958e+00
1.041257365270453761e+00
1.041221493587302316e+00
1.041185619196636880e+00
1.041149742098276043e+00
1.041113862292037506e+00
1.041077979777739415e+00
1.041042094555199249e+00
1.041006206624235819e+00
1.040970315984666161e+00
1.040934422636308421e+00
1.040898526578981187e+00
1.040862627812501717e+00
1.040826726336688823e+00
1.040790822151359096e+00
1.040754915256332014e+00
1.040719005651424833e+00
1.040683093336455256e+00
1.040647178311241872e+00
1.040611260575602381e+00
1.040575340129355153e+00
1.040539416972317222e+00
1.040503491104308065e+00
1.040467562525143830e+00
1.040431631234644438e+00
1.040395697232626482e+00
1.040359760518908550e+00
1.040323821093309009e+00
1.040287878955644896e+00
1.040251934105735465e+00
1.040215986543397531e+00
1.040180036268449681e+00
1.040144083280710063e+00
1.040108127579996600e+00
1.040072169166127214e+00
1.040036208038920496e+00
1.040000244198193702e+00
1.039964277643765200e+00
1.039928308375452914e+00
1.039892336393075212e+00
1.039856361696449794e+00
1.039820384285395027e+00
1.039784404159728837e+00
1.039748421319269145e+00
1.039712435763834097e+00
1.039676447493242062e+00
1.039640456507310740e+00
1.039604462805858498e+00
1.039568466388703261e+00
1.039532467255662951e+00
1.039496465406555936e+00
1.039460460841199918e+00
1.039424453559413708e+00
1.039388443561015007e+00
1.039352430845821518e+00
1.039316415413651828e+00
1.039280397264323863e+00
1.039244376397656211e+00
1.039208352813465686e+00
1.039172326511571987e+00
1.039136297491792149e+00
1.039100265753944541e+00
1.039064231297847529e+00
1.039028194123319260e+00
1.038992154230177434e+00
1.038956111618240419e+00
1.038920066287326804e+00
1.038884018237253848e+00
1.038847967467840361e+00
1.038811913978904489e+00
1.038775857770263711e+00
1.038739798841737283e+00
1.038703737193142462e+00
1.038667672824297394e+00
1.038631605735021113e+00
1.038595535925130431e+00
1.038559463394444604e+00
1.038523388142782000e+00
1.038487310169960098e+00
1.038451229475797044e+00
1.038415146060111205e+00
1.038379059922720726e+00
1.038342971063444198e+00
1.038306879482099321e+00
1.038270785178504463e+00
1.038234688152477325e+00
1.038198588403836720e+00
1.038162485932401013e+00
1.038126380737988352e+00
1.038090272820415993e+00
1.038054162179503415e+00
1.038018048815068095e+00
1.037981932726928624e+00
1.037945813914903148e+00
1.037909692378809368e+00
1.037873568118466316e+00
1.037837441133691918e+00
1.037801311424304096e+00
1.037765178990121440e+00
1.037729043830962317e+00
1.037692905946644872e+00
1.037656765336986808e+00
1.037620622001807158e+00
1.037584475940923845e+00
1.037548327154154792e+00
1.037512175641319034e+00
1.037476021402234494e+00
1.037439864436719317e+00
1.037403704744591426e+00
1.037367542325669856e+00
1.037331377179772529e+00
1.037295209306717814e+00
1.037259038706323855e+00
1.037222865378409020e+00
1.037186689322791233e+00
1.037150510539289971e+00
1.037114329027722270e+00
1.037078144787906719e+00
1.037041957819661908e+00
1.037005768122805982e+00
1.036969575697157531e+00
1.036933380542534477e+00
1.036897182658755412e+00
1.036860982045638702e+00
1.036824778703002270e+00
1.036788572630664929e+00
1.036752363828445045e+00
1.036716152296160098e+00
1.036679938033629789e+00
1.036643721040671373e+00
1.036607501317103441e+00
1.036571278862744583e+00
1.036535053677413387e+00
1.036498825760927556e+00
1.036462595113106122e+00
1.036426361733766566e+00
1.036390125622728364e+00
1.036353886779808775e+00
1.036317645204827276e+00
1.036281400897601568e+00
1.036245153857950019e+00
1.036208904085690996e+00
1.036172651580643311e+00
1.036136396342625554e+00
1.036100138371455204e+00
1.036063877666951294e+00
1.036027614228931748e+00
1.035991348057215822e+00
1.035955079151621439e+00
1.035918807511966744e+00
1.035882533138070549e+00
1.035846256029751222e+00
1.035809976186826686e+00
1.035773693609116197e+00
1.035737408296437456e+00
1.035701120248609941e+00
1.035664829465451131e+00
1.035628535946779616e+00
1.035592239692413541e+00
1.035555940702172384e+00
1.035519638975873846e+00
1.035483334513336517e+00
1.035447027314378765e+00
1.035410717378819401e+00
1.035374404706476348e+00
1.035338089297169084e+00
1.035301771150714645e+00
1.035265450266932730e+00
1.035229126645641262e+00
1.035192800286658610e+00
1.035156471189803806e+00
1.035120139354894997e+00
1.035083804781750327e+00
1.035047467470189275e+00
1.035011127420029320e+00
1.034974784631089717e+00
1.034938439103188834e+00
1.034902090836144595e+00
1.034865739829776698e+00
1.034829386083902181e+00
1.034793029598340297e+00
1.034756670372910081e+00
1.034720308407429901e+00
1.034683943701717679e+00
1.034647576255591783e+00
1.034611206068871914e+00
1.034574833141375549e+00
1.034538457472921946e+00
1.034502079063329250e+00
1.034465697912416271e+00
1.034429314020001378e+00
1.034392927385903382e+00
1.034356538009940429e+00
1.034320145891931331e+00
1.034283751031694898e+00
1.034247353429049276e+00
1.034210953083813500e+00
1.034174549995805936e+00
1.034138144164844952e+00
1.034101735590749804e+00
1.034065324273338859e+00
1.034028910212429819e+00
1.033992493407842383e+00
1.033956073859394920e+00
1.033919651566906017e+00
1.033883226530194044e+00
1.033846798749077367e+00
1.033810368223375686e+00
1.033773934952906481e+00
1.033737498937489230e+00
1.033701060176942299e+00
1.033664618671084057e+00
1.033628174419732870e+00
1.033591727422708439e+00
1.033555277679829132e+00
1.033518825190913093e+00
1.033482369955779134e+00
1.033445911974246068e+00
1.033409451246132260e+00
1.033372987771257190e+00
1.033336521549438558e+00
1.033300052580496065e+00
1.033263580864246967e+00
1.033227106400511408e+00
1.033190629189107090e+00
1.033154149229853269e+00
1.033117666522568312e+00
1.033081181067071252e+00
1.033044692863180680e+00
1.033008201910714963e+00
1.032971708209492911e+00
1.032935211759334226e+00
1.032898712560056165e+00
1.032862210611478648e+00
1.032825705913419378e+00
1.032789198465698055e+00
1.032752688268132601e+00
1.032716175320542051e+00
1.032679659622744994e+00
1.032643141174560242e+00
1.032606619975807272e+00
1.032570096026304229e+00
1.032533569325869705e+00
1.032497039874322509e+00
1.032460507671481453e+00
1.032423972717165572e+00
1.032387435011193677e+00
1.032350894553384135e+00
1.032314351343556202e+00
1.032277805381528024e+00
1.032241256667119300e+00
1.032204705200148176e+00
1.032168150980432797e+00
1.032131594007793751e+00
1.032095034282048740e+00
1.032058471803016353e+00
1.032021906570515624e+00
1.031985338584365142e+00
1.031948767844384829e+00
1.031912194350392609e+00
1.031875618102207071e+00
1.031839039099647692e+00
1.031802457342533064e+00
1.031765872830681552e+00
1.031729285563913301e+00
1.031692695542045568e+00
1.031656102764898053e+00
1.031619507232289568e+00
1.031582908944038923e+00
1.031546307899964932e+00
1.031509704099886404e+00
1.031473097543621931e+00
1.031436488230991211e+00
1.031399876161811946e+00
1.031363261335904946e+00
1.031326643753087025e+00
1.031290023413177881e+00
1.031253400315996771e+00
1.031216774461362062e+00
1.031180145849092789e+00
1.031143514479007983e+00
1.031106880350926902e+00
1.031070243464667913e+00
1.031033603820049382e+00
1.030996961416891233e+00
1.030960316255012721e+00
1.030923668334231769e+00
1.030887017654367632e+00
1.030850364215238679e+00
1.030813708016665053e+00
1.030777049058465122e+00
1.030740387340457920e+00
1.030703722862461813e+00
1.030667055624296724e+00
1.030630385625780576e+00
1.030593712866733069e+00
1.030557037346973237e+00
1.030520359066319669e+00
1.030483678024591621e+00
1.030446994221607238e+00
1.030410307657186664e+00
1.030373618331148045e+00
1.030336926243310636e+00
1.030300231393493915e+00
1.030263533781516028e+00
1.030226833407196452e+00
1.030190130270354221e+00
1.030153424370808590e+00
1.030116715708377928e+00
1.030080004282881490e+00
1.030043290094138531e+00
1.030006573141967641e+00
1.029969853426188520e+00
1.029933130946619535e+00
1.029896405703079942e+00
1.029859677695388998e+00
1.029822946923365290e+00
1.029786213386828519e+00
1.029749477085597054e+00
1.029712738019490370e+00
1.029675996188327725e+00
1.029639251591927485e+00
1.029602504230109128e+00
1.029565754102691466e+00
1.029529001209494421e+00
1.029492245550335916e+00
1.029455487125035429e+00
1.029418725933412659e+00
1.029381961975285975e+00
1.029345195250474632e+00
1.029308425758797885e+00
1.029271653500074546e+00
1.029234878474123649e+00
1.029198100680764671e+00
1.029161320119816647e+00
1.029124536791098610e+00
1.029087750694430037e+00
1.029050961829629518e+00
1.029014170196515865e+00
1.028977375794909221e+00
1.028940578624628177e+00
1.028903778685491766e+00
1.028866975977319465e+00
1.028830170499930308e+00
1.028793362253142663e+00
1.028756551236777117e+00
1.028719737450652039e+00
1.028682920894586461e+00
1.028646101568399862e+00
1.028609279471910831e+00
1.028572454604939512e+00
1.028535626967304273e+00
1.028498796558824591e+00
1.028461963379319721e+00
1.028425127428608477e+00
1.028388288706510556e+00
1.028351447212844549e+00
1.028314602947431045e+00
1.028277755910087299e+00
1.028240906100633678e+00
1.028204053518888772e+00
1.028167198164672058e+00
1.028130340037803458e+00
1.028093479138100674e+00
1.028056615465384738e+00
1.028019749019472906e+00
1.027982879800186211e+00
1.027946007807342799e+00
1.027909133040762590e+00
1.027872255500264176e+00
1.027835375185667255e+00
1.027798492096790417e+00
1.027761606233454028e+00
1.027724717595476234e+00
1.027687826182676956e+00
1.027650931994875450e+00
1.027614035031890305e+00
1.027577135293541888e+00
1.027540232779648344e+00
1.027503327490029816e+00
1.027466419424505339e+00
1.027429508582893725e+00
1.027392594965014672e+00
1.027355678570687658e+00
1.027318759399731496e+00
1.027281837451965885e+00
1.027244912727209636e+00
1.027207985225282449e+00
1.027171054946003581e+00
1.027134121889192286e+00
1.027097186054668043e+00
1.027060247442249663e+00
1.027023306051757290e+00
1.026986361883009291e+00
1.026949414935825811e+00
1.026912465210025438e+00
1.026875512705428539e+00
1.026838557421853482e+00
1.026801599359119743e+00
1.026764638517047024e+00
1.026727674895454800e+00
1.026690708494162108e+00
1.026653739312988201e+00
1.026616767351752557e+00
1.026579792610274655e+00
1.026542815088373306e+00
1.026505834785869098e+00
1.026468851702580398e+00
1.026431865838326463e+00
1.026394877192927213e+00
1.026357885766201683e+00
1.026320891557970016e+00
1.026283894568050137e+00
1.026246894796262854e+00
1.026209892242426314e+00
1.026172886906360882e+00
1.026135878787886035e+00
1.026098867886820809e+00
1.026061854202984458e+00
1.026024837736196682e+00
1.025987818486275849e+00
1.025950796453043434e+00
1.025913771636317362e+00
1.025876744035917110e+00
1.025839713651663043e+00
1.025802680483373308e+00
1.025765644530868270e+00
1.025728605793966741e+00
1.025691564272489087e+00
1.025654519966253897e+00
1.025617472875080649e+00
1.025580422998789265e+00
1.025543370337199001e+00
1.025506314890129111e+00
1.025469256657399297e+00
1.025432195638829036e+00
1.025395131834237361e+00
1.025358065243443972e+00
1.025320995866268570e+00
1.025283923702530631e+00
1.025246848752049411e+00
1.025209771014643945e+00
1.025172690490134375e+00
1.025135607178340402e+00
1.025098521079081060e+00
1.025061432192175381e+00
1.025024340517444177e+00
1.024987246054705592e+00
1.024950148803779548e+00
1.024913048764486412e+00
1.024875945936644550e+00
1.024838840320073885e+00
1.024801731914593672e+00
1.024764620720024055e+00
1.024727506736184290e+00
1.024690389962893633e+00
1.024653270399972005e+00
1.024616148047238218e+00
1.024579022904512193e+00
1.024541894971614298e+00
1.024504764248362676e+00
1.024467630734577916e+00
1.024430494430078165e+00
1.024393355334684452e+00
1.024356213448215591e+00
1.024319068770491281e+00
1.024281921301330778e+00
1.024244771040554225e+00
1.024207617987981322e+00
1.024170462143430438e+00
1.024133303506722159e+00
1.024096142077675964e+00
1.024058977856111108e+00
1.024021810841847291e+00
1.023984641034703547e+00
1.023947468434500241e+00
1.023910293041057296e+00
1.023873114854193078e+00
1.023835933873727733e+00
1.023798750099480737e+00
1.023761563531272012e+00
1.023724374168920592e+00
1.023687182012246621e+00
1.023649987061069577e+00
1.023612789315209159e+00
1.023575588774484180e+00
1.023538385438714782e+00
1.023501179307720665e+00
1.023463970381320864e+00
1.023426758659335745e+00
1.023389544141584562e+00
1.023352326827886571e+00
1.023315106718061696e+00
1.023277883811929856e+00
1.023240658109310308e+00
1.023203429610022530e+00
1.023166198313886222e+00
1.023128964220721526e+00
1.023091727330347256e+00
1.023054487642583554e+00
1.023017245157250121e+00
1.022979999874166213e+00
1.022942751793151528e+00
1.022905500914025545e+00
1.022868247236608408e+00
1.022830990760719372e+00
1.022793731486177915e+00
1.022756469412803959e+00
1.022719204540417204e+00
1.022681936868836905e+00
1.022644666397883206e+00
1.022607393127374920e+00
1.022570117057132411e+00
1.022532838186974935e+00
1.022495556516722859e+00
1.022458272046194772e+00
1.022420984775210817e+00
1.022383694703590917e+00
1.022346401831154328e+00
1.022309106157720526e+00
1.022271807683109879e+00
1.022234506407141197e+00
1.022197202329635068e+00
1.022159895450410083e+00
1.022122585769286607e+00
1.022085273286084117e+00
1.022047958000622536e+00
1.022010639912720897e+00
1.021973319022199123e+00
1.021935995328876912e+00
1.021898668832574408e+00
1.021861339533110424e+00
1.021824007430305103e+00
1.021786672523977924e+00
1.021749334813948806e+00
1.021711994300037007e+00
1.021674650982062227e+00
1.021637304859844608e+00
1.021599955933203185e+00
1.021562604201958546e+00
1.021525249665929280e+00
1.021487892324935753e+00
1.021450532178796999e+00
1.021413169227333606e+00
1.021375803470364607e+00
1.021338434907709702e+00
1.021301063539188592e+00
1.021263689364621641e+00
1.021226312383827439e+00
1.021188932596626131e+00
1.021151550002836972e+00
1.021114164602280105e+00
1.021076776394774566e+00
1.021039385380141384e+00
1.021001991558198707e+00
1.020964594928766900e+00
1.020927195491665884e+00
1.020889793246714694e+00
1.020852388193733029e+00
1.020814980332541255e+00
1.020777569662958628e+00
1.020740156184804626e+00
1.020702739897898947e+00
1.020665320802061515e+00
1.020627898897112029e+00
1.020590474182869523e+00
1.020553046659154584e+00
1.020515616325786024e+00
1.020478183182583987e+00
1.020440747229368394e+00
1.020403308465958059e+00
1.020365866892173345e+00
1.020328422507833510e+00
1.020290975312757586e+00
1.020253525306766829e+00
1.020216072489679382e+00
1.020178616861315835e+00
1.020141158421494998e+00
1.020103697170037238e+00
1.020066233106762033e+00
1.020028766231489081e+00
1.019991296544037862e+00
1.019953824044227408e+00
1.019916348731878530e+00
1.019878870606810262e+00
1.019841389668842080e+00
1.019803905917793907e+00
1.019766419353485221e+00
1.019728929975735943e+00
1.019691437784364885e+00
1.019653942779192191e+00
1.019616444960037782e+00
1.019578944326720471e+00
1.019541440879060623e+00
1.019503934616877716e+00
1.019466425539990340e+00
1.019428913648219970e+00
1.019391398941384530e+00
1.019353881419304386e+00
1.019316361081799238e+00
1.019278837928688342e+00
1.019241311959791396e+00
1.019203783174927880e+00
1.019166251573917270e+00
1.019128717156579489e+00
1.019091179922733348e+00
1.019053639872199657e+00
1.019016097004797450e+00
1.018978551320345538e+00
1.018941002818664288e+00
1.018903451499572954e+00
1.018865897362891237e+00
1.018828340408438171e+00
1.018790780636033899e+00
1.018753218045498121e+00
1.018715652636649871e+00
1.018678084409308626e+00
1.018640513363293643e+00
1.018602939498425508e+00
1.018565362814522812e+00
1.018527783311405699e+00
1.018490200988893424e+00
1.018452615846804798e+00
1.018415027884960411e+00
1.018377437103178629e+00
1.018339843501279818e+00
1.018302247079083012e+00
1.018264647836407466e+00
1.018227045773072881e+00
1.018189440888899178e+00
1.018151833183705390e+00
1.018114222657310775e+00
1.018076609309535030e+00
1.018038993140197634e+00
1.018001374149117844e+00
1.017963752336114913e+00
1.017926127701008543e+00
1.017888500243618211e+00
1.017850869963762950e+00
1.017813236861262682e+00
1.017775600935936442e+00
1.017737962187603706e+00
1.017700320616082843e+00
1.017662676221194662e+00
1.017625029002757309e+00
1.017587378960591371e+00
1.017549726094514995e+00
1.017512070404348545e+00
1.017474411889910613e+00
1.017436750551020674e+00
1.017399086387497986e+00
1.017361419399161804e+00
1.017323749585832271e+00
1.017286076947327089e+00
1.017248401483467068e+00
1.017210723194070132e+00
1.017173042078956646e+00
1.017135358137945644e+00
1.017097671370855494e+00
1.017059981777506117e+00
1.017022289357716325e+00
1.016984594111305151e+00
1.016946896038092296e+00
1.016909195137896571e+00
1.016871491410537676e+00
1.016833784855834200e+00
1.016796075473605621e+00
1.016758363263670750e+00
1.016720648225849066e+00
1.016682930359959380e+00
1.016645209665820948e+00
1.016607486143252803e+00
1.016569759792073757e+00
1.016532030612103510e+00
1.016494298603160429e+00
1.016456563765063992e+00
1.016418826097633010e+00
1.016381085600686074e+00
1.016343342274042660e+00
1.016305596117521359e+00
1.016267847130941648e+00
1.016230095314122117e+00
1.016192340666881799e+00
1.016154583189039506e+00
1.016116822880414272e+00
1.016079059740825130e+00
1.016041293770090892e+00
1.016003524968030147e+00
1.015965753334462152e+00
1.015927978869205051e+00
1.015890201572078544e+00
1.015852421442900555e+00
1.015814638481491006e+00
1.015776852687667819e+00
1.015739064061249364e+00
1.015701272602055116e+00
1.015663478309903667e+00
1.015625681184613160e+00
1.015587881226003297e+00
1.015550078433891557e+00
1.015512272808097416e+00
1.015474464348439465e+00
1.015436653054736293e+00
1.015398838926805825e+00
1.015361021964467314e+00
1.015323202167539129e+00
1.015285379535839860e+00
1.015247554069188318e+00
1.015209725767402205e+00
1.015171894630300109e+00
1.015134060657700621e+00
1.015096223849422330e+00
1.015058384205282938e+00
1.015020541725101477e+00
1.014982696408696317e+00
1.014944848255884713e+00
1.014906997266486810e+00
1.014869143440319199e+00
1.014831286777200914e+00
1.014793427276949878e+00
1.014755564939384680e+00
1.014717699764323466e+00
1.014679831751584826e+00
1.014641960900985573e+00
1.014604087212345407e+00
1.014566210685481362e+00
1.014528331320211807e+00
1.014490449116354664e+00
1.014452564073727858e+00
1.014414676192150200e+00
1.014376785471438502e+00
1.014338891911411578e+00
1.014300995511886461e+00
1.014263096272680853e+00
1.014225194193613122e+00
1.014187289274501413e+00
1.014149381515162762e+00
1.014111470915414870e+00
1.014073557475076104e+00
1.014035641193963722e+00
1.013997722071894980e+00
1.013959800108688469e+00
1.013921875304161224e+00
1.013883947658130280e+00
1.013846017170417779e+00
1.013808083840843421e+00
1.013770147669220023e+00
1.013732208655364397e+00
1.013694266799091803e+00
1.013656322100220608e+00
1.013618374558567625e+00
1.013580424173950112e+00
1.013542470946186880e+00
1.013504514875096074e+00
1.013466555960494730e+00
1.013428594202199662e+00
1.013355311535437675e+00
1.013319991009697940e+00
1.013284668022659707e+00
1.013249342574178868e+00
1.013214014664106877e+00
1.013178684292296960e+00
1.013143351458601016e+00
1.013108016162873604e+00
1.013072678404967064e+00
1.013037338184734404e+00
1.013001995502027075e+00
1.012966650356696308e+00
1.012931302748594664e+00
1.012895952677574485e+00
1.012860600143491219e+00
1.012825245146196096e+00
1.012789887685544565e+00
1.012754527761384749e+00
1.012719165373572316e+00
1.012683800521961830e+00
1.012648433206409626e+00
1.012613063426772264e+00
1.012577691182845019e+00
1.012542316474556170e+00
1.012506939301730080e+00
1.012471559664218645e+00
1.012436177561875761e+00
1.012400792994552878e+00
1.012365405962103670e+00
1.012330016464380922e+00
1.012294624501236529e+00
1.012259230072524385e+00
1.012223833178096832e+00
1.012188433817805988e+00
1.012153031991505525e+00
1.012117627699047562e+00
1.012082220940284882e+00
1.012046811715070493e+00
1.012011400023257623e+00
1.011975985864698613e+00
1.011940569239246024e+00
1.011905150146753307e+00
1.011869728587072803e+00
1.011834304560058406e+00
1.011798878065562457e+00
1.011763449103437518e+00
1.011728017673536817e+00
1.011692583775713139e+00
1.011657147409819935e+00
1.011621708575709544e+00
1.011586267273235640e+00
1.011550823502251006e+00
1.011515377262608650e+00
1.011479928554162022e+00
1.011444477376764128e+00
1.011409023730267309e+00
1.011373567614525015e+00
1.011338109029391363e+00
1.011302647974718472e+00
1.011267184450360235e+00
1.011231718456169659e+00
1.011196249991999752e+00
1.011160779057704184e+00
1.011125305653135742e+00
1.011089829778147875e+00
1.011054351432593812e+00
1.011018870616327003e+00
1.010983387329200456e+00
1.010947901571067398e+00
1.010912413341789051e+00
1.010876922641206432e+00
1.010841429469178765e+00
1.010805933825558833e+00
1.010770435710200310e+00
1.010734935122956868e+00
1.010699432063682179e+00
1.010663926532229029e+00
1.010628418528451977e+00
1.010592908052204475e+00
1.010557395103339751e+00
1.010521879681711699e+00
1.010486361787174214e+00
1.010450841419580748e+00
1.010415318578784971e+00
1.010379793264640336e+00
1.010344265477001846e+00
1.010308735215722065e+00
1.010273202480655330e+00
1.010237667271655537e+00
1.010202129588576359e+00
1.010166589431271689e+00
1.010131046799595866e+00
1.010095501693402342e+00
1.010059954112545455e+00
1.010024404056878655e+00
1.009988851526256504e+00
1.009953296520533561e+00
1.009917739039562612e+00
1.009882179083198661e+00
1.009846616651295159e+00
1.009811051743706889e+00
1.009775484360287967e+00
1.009739914500892288e+00
1.009704342165373969e+00
1.009668767353587571e+00
1.009633190065386987e+00
1.009597610300627002e+00
1.009562028059161065e+00
1.009526443340844404e+00
1.009490856145530913e+00
1.009455266473074930e+00
1.009419674323330796e+00
1.009384079696153069e+00
1.009348482591396312e+00
1.009312883008915529e+00
1.009277280948563726e+00
1.009241676410196575e+00
1.009206069393668415e+00
1.009170459898833361e+00
1.009134847925547085e+00
1.009099233473662593e+00
1.009063616543036002e+00
1.009027997133520982e+00
1.008992375244972539e+00
1.008956750877245678e+00
1.008921124030194294e+00
1.008885494703674279e+00
1.008849862897538863e+00
1.008814228611644159e+00
1.008778591845844730e+00
1.008742952599994913e+00
1.008707310873950158e+00
1.008671666667564804e+00
1.008636019980694298e+00
1.008600370813193203e+00
1.008564719164916301e+00
1.008529065035719041e+00
1.008493408425455984e+00
1.008457749333982578e+00
1.008422087761153607e+00
1.008386423706823853e+00
1.008350757170848544e+00
1.008315088153082906e+00
1.008279416653381944e+00
1.008243742671601106e+00
1.008208066207595177e+00
1.008172387261219605e+00
1.008136705832329616e+00
1.008101021920780216e+00
1.008065335526426409e+00
1.008029646649124533e+00
1.007993955288728483e+00
1.007958261445095038e+00
1.007922565118078539e+00
1.007886866307534657e+00
1.007851165013318617e+00
1.007815461235286092e+00
1.007779754973292086e+00
1.007744046227192047e+00
1.007708334996841870e+00
1.007672621282097225e+00
1.007636905082813117e+00
1.007601186398844995e+00
1.007565465230048529e+00
1.007529741576279614e+00
1.007494015437393697e+00
1.007458286813246229e+00
1.007422555703693323e+00
1.007386822108589763e+00
1.007351086027791665e+00
1.007315347461155364e+00
1.007279606408535866e+00
1.007243862869788842e+00
1.007208116844770185e+00
1.007172368333336010e+00
1.007136617335341544e+00
1.007100863850643124e+00
1.007065107879096200e+00
1.007029349420557107e+00
1.006993588474880852e+00
1.006957825041924215e+00
1.006922059121542645e+00
1.006886290713592258e+00
1.006850519817928946e+00
1.006814746434408825e+00
1.006778970562887121e+00
1.006743192203220838e+00
1.006707411355265425e+00
1.006671628018877440e+00
1.006635842193912334e+00
1.006600053880226442e+00
1.006564263077675658e+00
1.006528469786116320e+00
1.006492674005404542e+00
1.006456875735396883e+00
1.006421074975949015e+00
1.006385271726917052e+00
1.006349465988157998e+00
1.006313657759527080e+00
1.006277847040881745e+00
1.006242033832076999e+00
1.006206218132970509e+00
1.006170399943417504e+00
1.006134579263274542e+00
1.006098756092398183e+00
1.006062930430644986e+00
1.006027102277871066e+00
1.005991271633932316e+00
1.005955438498685961e+00
1.005919602871988339e+00
1.005883764753695120e+00
1.005847924143663752e+00
1.005812081041750350e+00
1.005776235447811473e+00
1.005740387361703236e+00
1.005704536783282865e+00
1.005668683712406475e+00
1.005632828148930624e+00
1.005596970092712539e+00
1.005561109543608111e+00
1.005525246501474568e+00
1.005489380966168245e+00
1.005453512937545701e+00
1.005417642415464163e+00
1.005381769399779746e+00
1.005345893890349673e+00
1.005310015887030284e+00
1.005274135389678580e+00
1.005238252398151344e+00
1.005202366912304912e+00
1.005166478931996732e+00
1.005130588457083363e+00
1.005094695487420919e+00
1.005058800022867738e+00
1.005022902063279711e+00
1.004987001608513841e+00
1.004951098658427577e+00
1.004915193212876812e+00
1.004879285271719436e+00
1.004843374834811787e+00
1.004807461902011756e+00
1.004771546473175903e+00
1.004735628548160564e+00
1.004699708126824076e+00
1.004663785209022553e+00
1.004627859794612998e+00
1.004591931883452638e+00
1.004556001475399363e+00
1.004520068570309510e+00
1.004484133168040083e+00
1.004448195268448751e+00
1.004412254871392074e+00
1.004376311976727720e+00
1.004340366584312472e+00
1.004304418694003775e+00
1.004268468305659079e+00
1.004232515419135163e+00
1.004196560034289698e+00
1.004160602150979908e+00
1.004124641769062798e+00
1.004088678888396258e+00
1.004052713508836625e+00
1.004016745630242680e+00
1.003980775252470758e+00
1.003944802375378087e+00
1.003908826998822779e+00
1.003872849122661393e+00
1.003836868746752709e+00
1.003800885870952841e+00
1.003764900495119683e+00
1.003728912619110680e+00
1.003692922242783725e+00
1.003656929365995820e+00
1.003620933988604413e+00
1.003584936110467174e+00
1.003548935731441771e+00
1.003512932851385431e+00
1.003476927470156488e+00
1.003440919587611724e+00
1.003404909203608808e+00
1.003368896318006298e+00
1.003332880930660309e+00
1.003296863041429843e+00
1.003260842650172124e+00
1.003224819756744379e+00
1.003188794361004721e+00
1.003152766462811041e+00
1.003116736062020564e+00
1.003080703158491849e+00
1.003044667752081898e+00
1.003008629842648602e+00
1.002972589430049855e+00
1.002936546514143101e+00
1.002900501094786678e+00
1.002864453171838255e+00
1.002828402745155278e+00
1.002792349814596307e+00
1.002756294380018343e+00
1.002720236441280166e+00
1.002684175998239002e+00
1.002648113050753187e+00
1.002612047598680611e+00
1.002575979641878723e+00
1.002539909180206523e+00
1.002503836213521016e+00
1.002467760741680536e+00
1.002431682764543419e+00
1.002395602281967113e+00
1.002359519293810397e+00
1.002323433799930719e+00
1.002287345800185969e+00
1.002251255294434928e+00
1.002215162282535266e+00
1.002179066764345094e+00
1.002142968739722528e+00
1.002106868208525903e+00
1.002070765170612665e+00
1.002034659625842039e+00
1.001998551574071694e+00
1.001962441015159522e+00
1.001926327948963857e+00
1.001890212375343259e+00
1.001854094294154951e+00
1.001817973705258602e+00
1.001781850608511881e+00
1.001745725003772680e+00
1.001709596890899556e+00
1.001673466269751067e+00
1.001637333140185326e+00
1.001601197502060669e+00
1.001565059355235432e+00
1.001528918699567727e+00
1.001492775534916779e+00
1.001456629861140257e+00
1.001420481678096719e+00
1.001384330985643834e+00
1.001348177783641713e+00
1.001312022071947805e+00
1.001275863850420000e+00
1.001239703118917745e+00
1.001203539877299598e+00
1.001167374125422782e+00
1.001131205863146967e+00
1.001095035090330265e+00
1.001058861806831235e+00
1.001022686012508434e+00
1.000986507707220197e+00
1.000950326890825304e+00
1.000914143563182757e+00
1.000877957724150225e+00
1.000841769373586931e+00
1.000805578511351213e+00
1.000769385137302514e+00
1.000733189251298727e+00
1.000696990853198853e+00
1.000660789942861228e+00
1.000624586520144632e+00
1.000588380584907844e+00
1.000552172137009865e+00
1.000515961176309254e+00
1.000479747702664790e+00
1.000443531715935475e+00
1.000407313215978977e+00
1.000371092202655410e+00
1.000334868675823108e+00
1.000298642635340629e+00
1.000262414081067197e+00
1.000226183012861148e+00
1.000189949430581926e+00
1.000153713334088312e+00
1.000117474723238420e+00
1.000081233597891472e+00
1.000044989957906916e+00
1.000008743803143307e+00
9.999724951334600931e-01
9.999362439487148313e-01
9.998999902487678559e-01
9.998637340334775025e-01
9.998274753027034389e-01
9.997912140563037786e-01
9.997549502941376343e-01
9.997186840160645627e-01
9.996824152219432325e-01
9.996461439116330894e-01
9.996098700849926910e-01
9.995735937418813721e-01
9.995373148821580234e-01
9.995010335056820905e-01
9.994647496123126862e-01
9.994284632019084791e-01
9.993921742743289149e-01
9.993558828294333285e-01
9.993195888670807214e-01
9.992832923871300954e-01
9.992469933894405631e-01
9.992106918738713484e-01
9.991743878402820078e-01
9.991380812885316542e-01
9.991017722184795113e-01
9.990654606299843588e-01
9.990291465229060863e-01
9.989928298971035847e-01
9.989565107524364107e-01
9.989201890887640101e-01
9.988838649059450514e-01
9.988475382038398687e-01
9.988112089823063533e-01
9.987748772412052833e-01
9.987385429803954384e-01
9.987022061997362643e-01
9.986658668990869847e-01
9.986295250783074895e-01
9.985931807372563362e-01
9.985568338757936369e-01
9.985204844937788371e-01
9.984841325910711607e-01
9.984477781675296093e-01
9.984114212230147389e-01
9.983750617573855513e-01
9.983386997705012700e-01
9.983023352622217850e-01
9.982659682324062089e-01
9.982295986809140986e-01
9.981932266076052329e-01
9.981568520123392796e-01
9.981204748949756844e-01
9.980840952553738932e-01
9.980477130933940177e-01
9.980113284088952819e-01
9.979749412017370203e-01
9.979385514717790118e-01
9.979021592188815903e-01
9.978657644429038687e-01
9.978293671437054035e-01
9.977929673211463069e-01
9.977565649750859134e-01
9.977201601053841129e-01
9.976837527119005733e-01
9.976473427944951844e-01
9.976109303530275030e-01
9.975745153873567528e-01
9.975380978973441559e-01
9.975016778828483810e-01
9.974652553437297620e-01
9.974288302798476336e-01
9.973924026910616636e-01
9.973559725772326301e-01
9.973195399382193127e-01
9.972831047738823784e-01
9.972466670840811620e-01
9.972102268686756643e-01
9.971737841275259973e-01
9.971373388604917176e-01
9.971008910674330483e-01
9.970644407482101013e-01
9.970279879026825443e-01
9.969915325307099341e-01
9.969550746321530488e-01
9.969186142068713341e-01
9.968821512547253461e-01
9.968456857755741973e-01
9.968092177692783329e-01
9.967727472356981977e-01
9.967362741746933485e-01
9.966997985861243414e-01
9.966633204698504001e-01
9.966268398257323025e-01
9.965903566536300495e-01
9.965538709534034201e-01
9.965173827249129701e-01
9.964808919680183674e-01
9.964443986825797239e-01
9.964079028684577066e-01
9.963714045255123164e-01
9.963349036536029990e-01
9.962984002525908656e-01
9.962618943223359169e-01
9.962253858626982650e-01
9.961888748735380217e-01
9.961523613547152989e-01
9.961158453060904305e-01
9.960793267275240837e-01
9.960428056188762591e-01
9.960062819800072909e-01
9.959697558107769577e-01
9.959332271110465928e-01
9.958966958806755310e-01
9.958601621195246612e-01
9.958236258274544284e-01
9.957870870043247225e-01
9.957505456499963215e-01
9.957140017643290042e-01
9.956774553471838818e-01
9.956409063984210661e-01
9.956043549179006691e-01
9.955678009054838018e-01
9.955312443610299100e-01
9.954946852844003269e-01
9.954581236754550533e-01
9.954215595340550893e-01
9.953849928600604358e-01
9.953484236533318708e-01
9.953118519137292841e-01
9.952752776411135649e-01
9.952387008353453801e-01
9.952021214962855078e-01
9.951655396237940598e-01
9.951289552177315922e-01
9.950923682779591051e-01
9.950557788043370433e-01
9.950191867967256298e-01
9.949825922549861978e-01
9.949459951789784151e-01
9.949093955685638369e-01
9.948727934236029080e-01
9.948361887439555185e-01
9.947995815294837785e-01
9.947629717800470228e-01
9.947263594955062516e-01
9.946897446757231309e-01
9.946531273205574397e-01
9.946165074298697339e-01
9.945798850035217908e-01
9.945432600413729451e-01
9.945066325432851961e-01
9.944700025091188778e-01
9.944333699387348791e-01
9.943967348319937560e-01
9.943600971887568418e-01
9.943234570088840263e-01
9.942868142922369756e-01
9.942501690386764679e-01
9.942135212480633921e-01
9.941768709202580823e-01
9.941402180551216494e-01
9.941035626525153157e-01
9.940669047123001922e-01
9.940302442343365019e-01
9.939935812184855779e-01
9.939569156646083092e-01
9.939202475725658070e-01
9.938835769422182942e-01
9.938469037734279921e-01
9.938102280660553456e-01
9.937735498199607997e-01
9.937368690350059097e-01
9.937001857110517866e-01
9.936634998479593195e-01
9.936268114455891753e-01
9.935901205038032424e-01
9.935534270224621878e-01
9.935167310014269004e-01
9.934800324405588245e-01
9.934433313397184051e-01
9.934066276987677524e-01
9.933699215175674224e-01
9.933332127959787483e-01
9.932965015338625081e-01
9.932597877310805901e-01
9.932230713874936612e-01
9.931863525029626105e-01
9.931496310773495484e-01
9.931129071105153638e-01
9.930761806023208349e-01
9.930394515526276278e-01
9.930027199612966315e-01
9.929659858281892904e-01
9.929292491531670484e-01
9.928925099360914608e-01
9.928557681768229726e-01
9.928190238752234720e-01
9.927822770311544032e-01
9.927455276444766552e-01
9.927087757150517833e-01
9.926720212427414536e-01
9.926352642274065552e-01
9.925985046689087543e-01
9.925617425671098282e-01
9.925249779218698887e-01
9.924882107330513792e-01
9.924514410005161880e-01
9.924146687241250930e-01
9.923778939037392055e-01
9.923411165392205247e-01
9.923043366304304946e-01
9.922675541772303376e-01
9.922307691794817197e-01
9.921939816370465293e-01
9.921571915497857663e-01
9.921203989175612081e-01
9.920836037402342988e-01
9.920468060176667047e-01
9.920100057497198698e-01
9.919732029362555714e-01
9.919363975771352537e-01
9.918995896722208050e-01
9.918627792213735583e-01
9.918259662244551800e-01
9.917891506813272251e-01
9.917523325918514709e-01
9.917155119558899168e-01
9.916786887733036737e-01
9.916418630439546300e-01
9.916050347677045629e-01
9.915682039444151386e-01
9.915313705739481343e-01
9.914945346561652162e-01
9.914576961909284947e-01
9.914208551780989698e-01
9.913840116175390849e-01
9.913471655091100621e-01
9.913103168526744557e-01
9.912734656480934881e-01
9.912366118952293803e-01
9.911997555939433546e-01
9.911628967440978544e-01
9.911260353455544347e-01
9.910891713981753171e-01
9.910523049018220565e-01
9.910154358563565413e-01
9.909785642616407708e-01
9.909416901175369663e-01
9.909048134239062389e-01
9.908679341806113650e-01
9.908310523875137887e-01
9.907941680444757315e-01
9.907572811513591926e-01
9.907203917080258382e-01
9.906834997143380006e-01
9.906466051701570130e-01
9.906097080753462070e-01
9.905728084297663605e-01
9.905359062332802500e-01
9.904990014857495417e-01
9.904620941870367901e-01
9.904251843370034392e-01
9.903882719355118214e-01
9.903513569824244911e-01
9.903144394776030035e-01
9.902775194209096910e-01
9.902405968122064417e-01
9.902036716513554770e-01
9.901667439382192404e-01
9.901298136726597310e-01
9.900928808545396143e-01
9.900559454837207785e-01
9.900190075600647788e-01
9.899820670834347247e-01
9.899451240536926155e-01
9.899081784707010057e-01
9.898712303343217833e-01
9.898342796444171698e-01
9.897973264008500527e-01
9.897603706034819870e-01
9.897234122521759714e-01
9.896864513467935609e-01
9.896494878871983092e-01
9.896125218732451101e-01
9.895755533048079533e-01
9.895385821817441752e-01
9.895016085039158860e-01
9.894646322711854181e-01
9.894276534834158809e-01
9.893906721404688298e-01
9.893536882422072631e-01
9.893167017884931802e-01
9.892797127791895795e-01
9.892427212141589044e-01
9.892057270932633761e-01
9.891687304163651051e-01
9.891317311833273118e-01
9.890947293940124396e-01
9.890577250482827099e-01
9.890207181460005659e-01
9.889837086870286731e-01
9.889466966712300300e-01
9.889096820984664138e-01
9.888726649686012671e-01
9.888356452814961450e-01
9.887986230370141572e-01
9.887615982350185240e-01
9.887245708753706896e-01
9.886875409579345408e-01
9.886505084825719658e-01
9.886134734491455189e-01
9.885764358575181987e-01
9.885393957075531146e-01
9.885023529991119329e-01
9.884653077320584291e-01
9.884282599062548247e-01
9.883912095215643401e-01
9.883541565778484195e-01
9.883171010749718377e-01
9.882800430127958169e-01
9.882429823911834665e-01
9.882059192099982292e-01
9.881688534691015491e-01
9.881317851683577569e-01
9.880947143076286299e-01
9.880576408867774996e-01
9.880205649056670314e-01
9.879834863641603349e-01
9.879464052621196313e-01
9.879093215994088073e-01
9.878722353758901953e-01
9.878351465914270157e-01
9.877980552458817121e-01
9.877609613391179488e-01
9.877238648709982805e-01
9.876867658413852613e-01
9.876496642501425560e-01
9.876125600971332741e-01
9.875754533822196368e-01
9.875383441052654199e-01
9.875012322661335107e-01
9.874641178646862416e-01
9.874270009007871662e-01
9.873898813742995051e-01
9.873527592850862566e-01
9.873156346330099753e-01
9.872785074179346587e-01
9.872413776397229723e-01
9.872042452982376926e-01
9.871671103933425950e-01
9.871299729249005672e-01
9.870928328927743856e-01
9.870556902968281587e-01
9.870185451369242191e-01
9.869813974129265643e-01
9.869442471246978599e-01
9.869070942721009931e-01
9.868699388550002949e-01
9.868327808732577644e-01
9.867956203267375104e-01
9.867584572153026423e-01
9.867212915388158256e-01
9.866841232971410580e-01
9.866469524901416710e-01
9.866097791176802190e-01
9.865726031796209217e-01
9.865354246758265555e-01
9.864982436061610072e-01
9.864610599704873861e-01
9.864238737686685798e-01
9.863866850005684750e-01
9.863494936660508472e-01
9.863122997649786949e-01
9.862751032972154608e-01
9.862379042626243653e-01
9.862007026610695171e-01
9.861634984924139147e-01
9.861262917565210007e-01
9.860890824532545507e-01
9.860518705824777852e-01
9.860146561440542579e-01
9.859774391378475222e-01
9.859402195637209099e-01
9.859029974215385295e-01
9.858657727111634905e-01
9.858285454324595687e-01
9.857913155852905396e-01
9.857540831695191796e-01
9.857168481850101527e-01
9.856796106316264572e-01
9.856423705092319798e-01
9.856051278176904962e-01
9.855678825568654489e-01
9.855306347266207245e-01
9.854933843268196547e-01
9.854561313573265702e-01
9.854188758180044694e-01
9.853816177087174610e-01
9.853443570293293208e-01
9.853070937797032691e-01
9.852698279597039699e-01
9.852325595691945326e-01
9.851952886080387328e-01
9.851580150761005683e-01
9.851207389732438147e-01
9.850834602993326916e-01
9.850461790542304197e-01
9.850088952378011076e-01
9.849716088499088640e-01
9.849343198904173535e-01
9.848970283591902408e-01
9.848597342560915235e-01
9.848224375809855324e-01
9.847851383337359321e-01
9.847478365142066092e-01
9.847105321222613394e-01
9.846732251577641204e-01
9.846359156205790608e-01
9.845986035105706025e-01
9.845612888276019659e-01
9.845239715715374818e-01
9.844866517422413699e-01
9.844493293395774058e-01
9.844120043634096984e-01
9.843746768136026892e-01
9.843373466900199320e-01
9.843000139925257574e-01
9.842626787209838302e-01
9.842253408752589250e-01
9.841880004552151506e-01
9.841506574607159497e-01
9.841133118916259859e-01
9.840759637478090349e-01
9.840386130291299827e-01
9.840012597354526047e-01
9.839639038666411208e-01
9.839265454225595287e-01
9.838891844030723810e-01
9.838518208080440086e-01
9.838144546373380761e-01
9.837770858908193583e-01
9.837397145683522970e-01
9.837023406698007788e-01
9.836649641950290235e-01
9.836275851439013618e-01
9.835902035162826795e-01
9.835528193120367524e-01
9.835154325310278001e-01
9.834780431731207084e-01
9.834406512381800303e-01
9.834032567260692081e-01
9.833658596366531279e-01
9.833284599697970085e-01
9.832910577253641815e-01
9.832536529032191996e-01
9.832162455032270598e-01
9.831788355252517597e-01
9.831414229691580742e-01
9.831040078348105560e-01
9.830665901220732028e-01
9.830291698308111226e-01
9.829917469608883129e-01
9.829543215121701039e-01
9.829168934845200489e-01
9.828794628778035891e-01
9.828420296918843890e-01
9.828045939266280007e-01
9.827671555818986437e-01
9.827297146575606490e-01
9.826922711534789023e-01
9.826548250695182896e-01
9.826173764055428084e-01
9.825799251614177887e-01
9.825424713370075613e-01
9.825050149321771231e-01
9.824675559467906938e-01
9.824300943807134923e-01
9.823926302338097383e-01
9.823551635059449838e-01
9.823176941969832265e-01
9.822802223067892413e-01
9.822427478352284691e-01
9.822052707821653517e-01
9.821677911474641087e-01
9.821303089309904033e-01
9.820928241326090102e-01
9.820553367521842603e-01
9.820178467895814833e-01
9.819803542446648992e-01
9.819428591173005039e-01
9.819053614073518510e-01
9.818678611146850477e-01
9.818303582391643136e-01
9.817928527806549788e-01
9.817553447390217070e-01
9.817178341141294950e-01
9.816803209058440061e-01
9.816428051140287936e-01
9.816052867385500758e-01
9.815677657792722943e-01
9.815302422360606682e-01
9.814927161087804164e-01
9.814551873972964247e-01
9.814176561014735789e-01
9.813801222211773201e-01
9.813425857562724230e-01
9.813050467066245508e-01
9.812675050720977010e-01
9.812299608525579808e-01
9.811924140478703871e-01
9.811548646578996946e-01
9.811173126825115665e-01
9.810797581215707774e-01
9.810422009749426575e-01
9.810046412424925366e-01
9.809670789240853006e-01
9.809295140195870566e-01
9.808919465288622463e-01
9.808543764517758667e-01
9.808168037881942469e-01
9.807792285379814956e-01
9.807416507010037199e-01
9.807040702771261387e-01
9.806664872662137489e-01
9.806289016681323245e-01
9.805913134827467514e-01
9.805537227099225817e-01
9.805161293495251451e-01
9.804785334014202158e-01
9.804409348654732348e-01
9.804033337415488658e-01
9.803657300295127719e-01
9.803281237292311712e-01
9.802905148405685054e-01
9.802529033633911038e-01
9.802152892975631859e-01
9.801776726429520803e-01
9.801400533994218955e-01
9.801024315668387388e-01
9.800648071450677179e-01
9.800271801339748290e-01
9.799895505334255130e-01
9.799519183432849889e-01
9.799142835634191417e-01
9.798766461936936345e-01
9.798390062339736861e-01
9.798013636841255147e-01
9.797637185440147833e-01
9.797260708135065999e-01
9.796884204924668493e-01
9.796507675807617499e-01
9.796131120782559654e-01
9.795754539848164910e-01
9.795377933003079907e-01
9.795001300245966824e-01
9.794624641575485624e-01
9.794247956990296267e-01
9.793871246489048721e-01
9.793494510070404058e-01
9.793117747733018907e-01
9.792740959475543239e-01
9.792364145296640343e-01
9.791987305194957969e-01
9.791610439169158298e-01
9.791233547217905731e-01
9.790856629339941275e-01
9.790479685533794996e-01
9.790102715798173483e-01
9.789725720131734477e-01
9.789348698533147930e-01
9.788971651001070473e-01
9.788594577534157626e-01
9.788217478131067129e-01
9.787840352790455611e-01
9.787463201510994137e-01
9.787086024291336006e-01
9.786708821130152280e-01
9.786331592026089599e-01
9.785954336977811252e-01
9.785577055983982753e-01
9.785199749043266282e-01
9.784822416154315139e-01
9.784445057315791505e-01
9.784067672526358672e-01
9.783690261784686593e-01
9.783312825089424125e-01
9.782935362439233451e-01
9.782557873832782303e-01
9.782180359268733971e-01
9.781802818745745087e-01
9.781425252262477832e-01
9.781047659817602158e-01
9.780670041409769144e-01
9.780292397037648744e-01
9.779914726699903138e-01
9.779537030395195618e-01
9.779159308122182814e-01
9.778781559879535790e-01
9.778403785665911174e-01
9.778025985479978921e-01
9.777648159320398991e-01
9.777270307185833564e-01
9.776892429074949264e-01
9.776514524986407162e-01
9.776136594918876099e-01
9.775758638871014927e-01
9.775380656841491378e-01
9.775002648828968743e-01
9.774624614832110314e-01
9.774246554849582713e-01
9.773868468880049232e-01
9.773490356922176492e-01
9.773112218974627785e-01
9.772734055036067513e-01
9.772355865105162298e-01
9.771977649180577652e-01
9.771599407260973535e-01
9.771221139345015461e-01
9.771167330587562372e-01
9.771113521304295446e-01
9.771059711495215794e-01
9.771005901160307872e-01
9.770952090299579451e-01
9.770898278913017210e-01
9.770844467000628919e-01
9.770796805381570804e-01
9.770749334458322943e-01
9.770701863125870190e-01
9.770654391384211435e-01
9.770606919233342236e-01
9.770559446673264814e-01
9.770511973703969177e-01
9.770464503693266911e-01
9.770423376195925824e-01
9.770382248391458191e-01
9.770341120279861791e-01
9.770299991861137734e-01
9.770258863135282690e-01
9.770217734102294438e-01
9.770176604762174088e-01
9.770135475114914980e-01
9.770094345160521554e-01
9.770058306041018437e-01
9.770023527804281294e-01
9.769988749347948698e-01
9.769953970672015098e-01
9.769919191776486045e-01
9.769884412661351547e-01
9.769849633326622707e-01
9.769814853772286201e-01
9.769780073998352021e-01
9.769745294004807956e-01
9.769710513791662887e-01
9.769681599825743579e-01
9.769653180663897540e-01
9.769624761355425457e-01
9.769596341900337322e-01
9.769567922298624252e-01
9.769539502550291798e-01
9.769511082655328860e-01
9.769482662613745427e-01
9.769454242425539281e-01
9.769425822090704870e-01
9.769397401609249965e-01
9.769368980981162354e-01
9.769340560206453139e-01
9.769316015752300686e-01
9.769293973988932844e-01
9.769271932137371106e-01
9.769249890197612141e-01
9.769227848169667050e-01
9.769205806053525842e-01
9.769183763849190738e-01
9.769161721556661737e-01
9.769139679175937729e-01
9.769117636707023156e-01
9.769095594149914685e-01
9.769073551504607877e-01
9.769051508771107173e-01
9.769029465949415902e-01
9.769007423039520743e-01
9.768985380041437239e-01
9.768963336955153176e-01
9.768944124635920989e-01
9.768928519777109187e-01
9.768912914874091635e-01
9.768897309926880546e-01
9.768881704935465926e-01
9.768866099899851108e-01
9.768850494820037200e-01
9.768834889696021984e-01
9.768819284527806568e-01
9.768803679315392063e-01
9.768788074058775139e-01
9.768772468757961347e-01
9.768756863412941804e-01
9.768741258023719842e-01
9.768725652590304342e-01
9.768710047112681982e-01
9.768694441590861643e-01
9.768678836024837775e-01
9.768663230414611487e-01
9.768647624760186110e-01
9.768632019061560534e-01
9.768616413318731428e-01
9.768600807531698793e-01
9.768585201700467069e-01
9.768571063887132588e-01
9.768563250524480157e-01
9.768555437150742149e-01
9.768547623765929666e-01
9.768539810370036047e-01
9.768531996963061292e-01
9.768524183545006512e-01
9.768516370115875036e-01
9.768508556675660204e-01
9.768500743224366456e-01
9.768492929761992682e-01
9.768485116288539993e-01
9.768477302804006168e-01
9.768469489308392317e-01
9.768461675801698441e-01
9.768453862283921207e-01
9.768446048755068389e-01
9.768438235215135546e-01
9.768430421664119345e-01
9.768422608102027560e-01
9.768414794528852418e-01
9.768406980944599471e-01
9.768399167349264278e-01
9.768391353742850169e-01
9.768383540125356035e-01
9.768375726496784095e-01
9.768367912857126578e-01
9.768360099206390146e-01
9.768352285544575908e-01
9.768344471871676093e-01
9.768336658187701804e-01
9.768328844492646379e-01
9.768321030786510928e-01
9.768313217069296561e-01
9.768305403340998838e-01
9.768297589601624420e-01
9.768289775851164425e-01
9.768281962089627735e-01
9.768274148317008798e-01
9.768266334533310946e-01
9.768258520738530848e-01
9.768250706932670724e-01
9.768242893115732794e-01
9.768235079287713729e-01
9.768227265448615748e-01
9.768219451598435521e-01
9.768211637737171937e-01
9.768203823864832769e-01
9.768196009981411354e-01
9.768193728891145788e-01
9.768193289683381186e-01
9.768192850475582167e-01
9.768192411267750952e-01
9.768191972059884209e-01
9.768191532851978609e-01
9.768191093644039702e-01
9.768190654436069709e-01
9.768190215228061968e-01
9.768189776020019810e-01
9.768189336811941015e-01
9.768188897603825582e-01
9.768188458395680174e-01
9.768188019187494797e-01
9.768187579979278334e-01
9.768187140771025234e-01
9.768186701562738827e-01
9.768186262354414673e-01
9.768185823146058322e-01
9.768185383937664223e-01
9.768184944729234598e-01
9.768184505520770555e-01
9.768184066312277647e-01
9.768183627103742550e-01
9.768183187895173036e-01
9.768182748686570216e-01
9.768182309477931868e-01
9.768181870269260214e-01
9.768181431060551922e-01
9.768180991851808104e-01
9.768180552643029868e-01
9.768180113434217215e-01
9.768179674225370146e-01
9.768179235016488660e-01
9.768178795807567205e-01
9.768178356598614664e-01
9.768177917389624376e-01
9.768177478180605222e-01
9.768177038971543880e-01
9.768176599762452561e-01
9.768176160553322385e-01
9.768175721344158902e-01
9.768175282134962112e-01
9.768174842925729795e-01
9.768174403716460841e-01
9.768173964507158580e-01
9.768173525297819682e-01
9.768173086088446366e-01
9.768172646879037524e-01
9.768172207669596485e-01
9.768171768460116589e-01
9.768171329250605606e-01
9.768170890041056875e-01
9.768170450831473728e-01
9.768170011621852833e-01
9.768169572412198631e-01
9.768169133202514454e-01
9.768168693992790308e-01
9.768168254783028415e-01
9.768167815573234325e-01
9.768167376363410259e-01
9.768166937153546225e-01
9.768166497943647775e-01
9.768166058733714907e-01
9.768165619523744292e-01
9.768165180313743701e-01
9.768164741103704252e-01
9.768164301893632606e-01
9.768163862683519882e-01
9.768163423473378293e-01
9.768162984263201176e-01
9.768162545052986312e-01
9.768162105842739251e-01
9.768161666632454443e-01
9.768161227422134107e-01
9.768160788211784906e-01
9.768160349001395737e-01
9.768159909790967710e-01
9.768159470580511927e-01
9.768159031370017287e-01
9.768158592159491560e-01
9.768158152948924755e-01
9.768157713738327974e-01
9.768157274527693446e-01
9.768156835317027831e-01
9.768156396106323358e-01
9.768155956895582248e-01
9.768155517684808942e-01
9.768155078474001218e-01
9.768154639263157968e-01
9.768154200052279190e-01
9.768153760841365996e-01
9.768153321630417274e-01
9.768152882419433025e-01
9.768152443208414359e-01
9.768152003997360167e-01
9.768151564786270447e-01
9.768151125575147420e-01
9.768150686363989976e-01
9.768150247152797006e-01
9.768149807941567397e-01
9.768149368730306703e-01
9.768148929519003820e-01
9.768148490307670961e-01
9.768148051096305906e-01
9.768147611884896442e-01
9.768147172673459222e-01
9.768146733461985365e-01
9.768146294250478201e-01
9.768145855038933290e-01
9.768145415827357292e-01
9.768144976615742436e-01
9.768144537404090944e-01
9.768144098192409475e-01
9.768143658980691368e-01
9.768143219768936625e-01
9.768142780557145244e-01
9.768142341345323887e-01
9.768141902133464782e-01
9.768141462921571261e-01
9.768141023709642212e-01
9.768140584497677636e-01
9.768140145285678644e-01
9.768139706073645234e-01
9.768139266861575187e-01
9.768138827649470723e-01
9.768138388437332953e-01
9.768137949225159655e-01
9.768137510012953051e-01
9.768137070800708699e-01
9.768136631588426599e-01
9.768136192376114524e-01
9.768135753163765811e-01
9.768135313951381571e-01
9.768134874738961804e-01
9.768134435526506509e-01
9.768133996314015688e-01
9.768133557101496001e-01
9.768133117888938566e-01
9.768132678676341163e-01
9.768132239463710453e-01
9.768131800251048658e-01
9.768131361038350224e-01
9.768130921825615154e-01
9.768130482612845666e-01
9.768130043400043983e-01
9.768129604187204551e-01
9.768129164974331813e-01
9.768128725761420217e-01
9.768128286548477535e-01
9.768127847335494884e-01
9.768127408122484479e-01
9.768126968909434105e-01
9.768126529696350424e-01
9.768126090483230106e-01
9.768125651270077592e-01
9.768125212056889550e-01
9.768124772843662651e-01
9.768124333630401335e-01
9.768123894417107822e-01
9.768123455203779892e-01
9.768123015990415325e-01
9.768122576777017452e-01
9.768122137563581830e-01
9.768121698350111792e-01
9.768121259136608447e-01
9.768120819923071796e-01
9.768120380709496287e-01
9.768119941495885250e-01
9.768119502282243127e-01
9.768119063068562147e-01
9.768118623854847860e-01
9.768118184641100266e-01
9.768117745427313814e-01
9.768117306213494055e-01
9.768116866999640990e-01
9.768116427785753508e-01
9.768115988571828279e-01
9.768115549357867522e-01
9.768115110143874569e-01
9.768114670929844978e-01
9.768114231715779860e-01
9.768113792501682546e-01
9.768113353287548595e-01
9.768112914073376896e-01
9.768112474859171890e-01
9.768112035644934688e-01
9.768111596430657517e-01
9.768111157216348150e-01
9.768110718002002146e-01
9.768110278787628387e-01
9.768109839573211328e-01
9.768109400358762073e-01
9.768108961144276181e-01
9.768108521929756982e-01
9.768108082715203366e-01
9.768107643500614223e-01
9.768107204285987333e-01
9.768106765071326025e-01
9.768106325856635852e-01
9.768105886641905711e-01
9.768105447427140042e-01
9.768105008212339957e-01
9.768104568997504344e-01
9.768104129782638756e-01
9.768103690567732089e-01
9.768103251352792116e-01
9.768102812137815505e-01
9.768102372922806698e-01
9.768101933707764584e-01
9.768101494492684722e-01
9.768101055277570444e-01
9.768100616062416197e-01
9.768100176847235305e-01
9.768099737632015556e-01
9.768099298416760279e-01
9.768098859201467254e-01
9.768098419986144254e-01
9.768097980770784616e-01
9.768097541555391672e-01
9.768097102339959870e-01
9.768096663124493650e-01
9.768096223908996345e-01
9.768095784693462402e-01
9.768095345477894043e-01
9.768094906262287935e-01
9.768094467046647411e-01
9.768094027830972470e-01
9.768093588615262002e-01
9.768093149399518227e-01
9.768092710183740035e-01
9.768092270967924096e-01
9.768091831752072629e-01
9.768091392536188966e-01
9.768090953320271996e-01
9.768090514104315059e-01
9.768090074888321483e-01
9.768089635672299043e-01
9.768089196456241075e-01
9.768088757240144249e-01
9.768088318024015226e-01
9.768087878807848456e-01
9.768087439591651711e-01
9.768087000375416107e-01
9.768086561159142756e-01
9.768086121942839428e-01
9.768085682726498353e-01
9.768085243510126192e-01
9.768084804293716283e-01
9.768084365077269737e-01
9.768083925860789885e-01
9.768083486644274505e-01
9.768083047427726928e-01
9.768082608211137163e-01
9.768082168994520753e-01
9.768081729777863265e-01
9.768081290561176910e-01
9.768080851344450588e-01
9.768080412127692069e-01
9.768079972910893582e-01
9.768079533694064009e-01
9.768079094477200019e-01
9.768078655260298282e-01
9.768078216043365458e-01
9.768077776826392666e-01
9.768077337609387678e-01
9.768076898392349383e-01
9.768076459175272230e-01
9.768076019958161771e-01
9.768075580741018005e-01
9.768075141523836491e-01
9.768074702306625001e-01
9.768074263089373543e-01
9.768073823872086558e-01
9.768073384654767377e-01
9.768072945437410448e-01
9.768072506220022433e-01
9.768072067002597780e-01
9.768071627785135380e-01
9.768071188567639673e-01
9.768070749350111770e-01
9.768070310132543899e-01
9.768069870914944941e-01
9.768069431697309346e-01
9.768068992479636004e-01
9.768068553261936016e-01
9.768068114044193839e-01
9.768067674826419466e-01
9.768067235608607346e-01
9.768066796390760809e-01
9.768066357172883185e-01
9.768065917954967814e-01
9.768065478737016916e-01
9.768065039519031600e-01
9.768064600301008538e-01
9.768064161082956609e-01
9.768063721864865823e-01
9.768063282646739509e-01
9.768062843428576558e-01
9.768062404210381411e-01
9.768061964992154067e-01
9.768061525773887865e-01
9.768061086555587247e-01
9.768060647337249991e-01
9.768060208118880539e-01
9.768059768900474449e-01
9.768059329682036163e-01
9.768058890463555688e-01
9.768058451245047458e-01
9.768058012026504811e-01
9.768057572807922195e-01
9.768057133589307384e-01
9.768056694370653714e-01
9.768056255151968958e-01
9.768055815933252006e-01
9.768055376714493976e-01
9.768054937495704859e-01
9.768054498276879105e-01
9.768054059058016714e-01
9.768053619839123236e-01
9.768053180620192011e-01
9.768052741401226369e-01
9.768052302182225199e-01
9.768051862963190723e-01
9.768051423744119610e-01
9.768050984525012970e-01
9.768050545305873023e-01
9.768050106086696438e-01
9.768049666867487657e-01
9.768049227648238908e-01
9.768048788428962403e-01
9.768048349209642600e-01
9.768047909990292821e-01
9.768047470770906404e-01
9.768047031551487791e-01
9.768046592332031430e-01
9.768046153112540653e-01
9.768045713893013238e-01
9.768045274673453626e-01
9.768044835453859598e-01
9.768044396234225601e-01
9.768043957014558298e-01
9.768043517794862129e-01
9.768043078575124882e-01
9.768042639355352108e-01
9.768042200135546027e-01
9.768041760915705529e-01
9.768041321695831725e-01
9.768040882475920172e-01
9.768040443255974203e-01
9.768040004035990487e-01
9.768039564815973463e-01
9.768039125595928684e-01
9.768038686375841717e-01
9.768038247155719223e-01
9.768037807935563421e-01
9.768037368715373203e-01
9.768036929495146348e-01
9.768036490274887296e-01
9.768036051054589386e-01
9.768035611834255949e-01
9.768035172613891426e-01
9.768034733393494706e-01
9.768034294173053578e-01
9.768033854952584694e-01
9.768033415732075841e-01
9.768032976511538124e-01
9.768032537290962658e-01
9.768032098070351665e-01
9.768031658849702925e-01
9.768031219629021988e-01
9.768030780408306635e-01
9.768030341187555754e-01
9.768029901966771567e-01
9.768029462745948521e-01
9.768029023525092169e-01
9.768028584304200290e-01
9.768028145083273994e-01
9.768027705862313281e-01
9.768027266641317041e-01
9.768026827420286384e-01
9.768026388199221310e-01
9.768025948978120709e-01
9.768025509756981251e-01
9.768025070535808485e-01
9.768024631314606854e-01
9.768024192093360814e-01
9.768023752872087018e-01
9.768023313650775474e-01
9.768022874429429514e-01
9.768022435208049137e-01
9.768021995986632122e-01
9.768021556765180691e-01
9.768021117543693732e-01
9.768020678322172357e-01
9.768020239100615454e-01
9.768019799879025244e-01
9.768019360657400618e-01
9.768018921435738244e-01
9.768018482214040343e-01
9.768018042992312466e-01
9.768017603770542401e-01
9.768017164548742359e-01
9.768016725326905680e-01
9.768016286105033474e-01
9.768015846883129072e-01
9.768015407661186922e-01
9.768014968439209245e-01
9.768014529217197151e-01
9.768014089995152860e-01
9.768013650773070822e-01
9.768013211550952146e-01
9.768012772328801274e-01
9.768012333106617096e-01
9.768011893884395169e-01
9.768011454662136606e-01
9.768011015439846956e-01
9.768010576217520669e-01
9.768010136995157744e-01
9.768009697772762623e-01
9.768009258550330864e-01
9.768008819327861358e-01
9.768008380105360766e-01
9.768007940882824647e-01
9.768007501660255221e-01
9.768007062437646937e-01
9.768006623215004236e-01
9.768006183992329339e-01
9.768005744769617804e-01
9.768005305546870742e-01
9.768004866324089264e-01
9.768004427101272258e-01
9.768003987878419725e-01
9.768003548655534996e-01
9.768003109432612519e-01
9.768002670209656735e-01
9.768002230986665424e-01
9.768001791763637476e-01
9.768001352540578441e-01
9.768000913317478329e-01
9.768000474094346020e-01
9.768000034871179293e-01
9.767999595647975930e-01
9.767999156424741480e-01
9.767998717201471504e-01
9.767998277978161559e-01
9.767997838754819417e-01
9.767997399531443969e-01
9.767996960308032994e-01
9.767996521084585382e-01
9.767996081861104463e-01
9.767995642637588016e-01
9.767995203414034933e-01
9.767994764190450763e-01
9.767994324966826625e-01
9.767993885743170290e-01
9.767993446519479539e-01
9.767993007295753261e-01
9.767992568071988124e-01
9.767992128848190792e-01
9.767991689624360152e-01
9.767991250400492875e-01
9.767990811176592292e-01
9.767990371952653961e-01
9.767989932728682323e-01
9.767989493504674048e-01
9.767989054280630246e-01
9.767988615056556467e-01
9.767988175832443831e-01
9.767987736608295668e-01
9.767987297384115308e-01
9.767986858159898311e-01
9.767986418935648008e-01
9.767985979711357736e-01
9.767985540487035268e-01
9.767985101262679493e-01
9.767984662038288191e-01
9.767984222813860251e-01
9.767983783589399005e-01
9.767983344364900011e-01
9.767982905140366601e-01
9.767982465915802104e-01
9.767982026691199859e-01
9.767981587466564308e-01
9.767981148241891010e-01
9.767980709017183294e-01
9.767980269792442272e-01
9.767979830567662392e-01
9.767979391342851425e-01
9.767978952118003821e-01
9.767978512893120691e-01
9.767978073668204253e-01
9.767977634443254509e-01
9.767977195218263686e-01
9.767976755993240667e-01
9.767976316768185452e-01
9.767975877543094709e-01
9.767975438317966219e-01
9.767974999092803312e-01
9.767974559867605988e-01
9.767974120642375357e-01
9.767973681417106979e-01
9.767973242191804184e-01
9.767972802966465862e-01
9.767972363741093123e-01
9.767971924515688187e-01
9.767971485290246614e-01
9.767971046064767293e-01
9.767970606839253556e-01
9.767970167613708732e-01
9.767969728388123940e-01
9.767969289162506952e-01
9.767968849936854436e-01
9.767968410711168614e-01
9.767967971485446155e-01
9.767967532259689278e-01
9.767967093033896875e-01
9.767966653808067834e-01
9.767966214582204376e-01
9.767965775356309832e-01
9.767965336130378651e-01
9.767964896904408612e-01
9.767964457678403045e-01
9.767964018452367503e-01
9.767963579226297544e-01
9.767963140000189837e-01
9.767962700774045492e-01
9.767962261547868952e-01
9.767961822321655774e-01
9.767961383095408179e-01
9.767960943869123946e-01
9.767960504642807518e-01
9.767960065416454452e-01
9.767959626190068079e-01
9.767959186963645069e-01
9.767958747737186531e-01
9.767958308510694687e-01
9.767957869284165096e-01
9.767957430057604418e-01
9.767956990831004882e-01
9.767956551604373150e-01
9.767956112377705891e-01
9.767955673151004214e-01
9.767955233924265901e-01
9.767954794697494281e-01
9.767954355470683803e-01
9.767953916243840018e-01
9.767953477016965147e-01
9.767953037790052528e-01
9.767952598563105493e-01
9.767952159336121820e-01
9.767951720109101510e-01
9.767951280882049003e-01
9.767950841654963190e-01
9.767950402427839629e-01
9.767949963200681651e-01
9.767949523973488146e-01
9.767949084746262445e-01
9.767948645518998996e-01
9.767948206291701130e-01
9.767947767064365516e-01
9.767947327836998817e-01
9.767946888609596590e-01
9.767946449382158836e-01
9.767946010154686665e-01
9.767945570927178967e-01
9.767945131699633521e-01
9.767944692472058099e-01
9.767944253244444930e-01
9.767943814016794013e-01
9.767943374789110900e-01
9.767942935561394480e-01
9.767942496333642532e-01
9.767942057105853948e-01
9.767941617878029836e-01
9.767941178650172418e-01
9.767940739422277252e-01
9.767940300194349890e-01
9.767939860966389221e-01
9.767939421738387473e-01
9.767938982510356860e-01
9.767938543282292940e-01
9.767938104054189052e-01
9.767937664826048527e-01
9.767937225597873585e-01
9.767936786369666446e-01
9.767936347141426001e-01
9.767935907913145588e-01
9.767935468684830758e-01
9.767935029456481510e-01
9.767934590228101177e-01
9.767934150999683096e-01
9.767933711771228378e-01
9.767933272542740353e-01
9.767932833314217911e-01
9.767932394085658832e-01
9.767931954857067556e-01
9.767931515628439643e-01
9.767931076399777313e-01
9.767930637171075015e-01
9.767930197942346071e-01
9.767929758713574939e-01
9.767929319484772721e-01
9.767928880255934976e-01
9.767928441027058373e-01
9.767928001798155124e-01
9.767927562569209687e-01
9.767927123340227613e-01
9.767926684111218893e-01
9.767926244882167985e-01
9.767925805653085991e-01
9.767925366423967359e-01
9.767924927194814311e-01
9.767924487965624625e-01
9.767924048736400522e-01
9.767923609507143112e-01
9.767923170277851286e-01
9.767922731048519491e-01
9.767922291819158831e-01
9.767921852589755982e-01
9.767921413360327598e-01
9.767920974130859246e-01
9.767920534901353147e-01
9.767920095671814851e-01
9.767919656442243248e-01
9.767919217212632788e-01
9.767918777982990131e-01
9.767918338753309726e-01
9.767917899523594905e-01
9.767917460293851217e-01
9.767917021064066452e-01
9.767916581834249490e-01
9.767916142604392560e-01
9.767915703374504544e-01
9.767915264144581000e-01
9.767914824914620819e-01
9.767914385684630663e-01
9.767913946454600538e-01
9.767913507224535996e-01
9.767913067994439258e-01
9.767912628764304772e-01
9.767912189534135869e-01
9.767911750303931440e-01
9.767911311073693703e-01
9.767910871843419329e-01
9.767910432613109428e-01
9.767909993382766221e-01
9.767909554152386375e-01
9.767909114921974334e-01
9.767908675691524545e-01
9.767908236461042559e-01
9.767907797230521716e-01
9.767907357999969786e-01
9.767906918769380109e-01
9.767906479538756015e-01
9.767906040308098614e-01
9.767905601077402356e-01
9.767905161846675011e-01
9.767904722615912139e-01
9.767904283385113740e-01
9.767903844154278703e-01
9.767903404923410360e-01
9.767902965692506490e-01
9.767902526461565982e-01
9.767902087230594388e-01
9.767901647999585046e-01
9.767901208768539068e-01
9.767900769537459782e-01
9.767900330306347190e-01
9.767899891075197960e-01
9.767899451844013203e-01
9.767899012612795140e-01
9.767898573381542660e-01
9.767898134150252432e-01
9.767897694918928897e-01
9.767897255687568725e-01
9.767896816456173026e-01
9.767896377224746240e-01
9.767895937993282818e-01
9.767895498761783868e-01
9.767895059530249391e-01
9.767894620298679387e-01
9.767894181067074966e-01
9.767893741835436128e-01
9.767893302603762873e-01
9.767892863372052981e-01
9.767892424140309782e-01
9.767891984908531056e-01
9.767891545676715692e-01
9.767891106444867022e-01
9.767890667212981715e-01
9.767890227981065321e-01
9.767889788749111180e-01
9.767889349517121511e-01
9.767888910285095205e-01
9.767888471053037813e-01
9.767888031820943784e-01
9.767887592588813117e-01
9.767887153356648033e-01
9.767886714124448533e-01
9.767886274892213505e-01
9.767885835659945171e-01
9.767885396427643530e-01
9.767884957195303031e-01
9.767884517962929225e-01
9.767884078730517672e-01
9.767883639498076143e-01
9.767883200265594645e-01
9.767882761033082062e-01
9.767882321800532841e-01
9.767881882567948093e-01
9.767881443335327818e-01
9.767881004102673126e-01
9.767880564869982907e-01
9.767880125637259381e-01
9.767879686404498107e-01
9.767879247171704638e-01
9.767878807938874530e-01
9.767878368706012226e-01
9.767877929473111065e-01
9.767877490240178817e-01
9.767877051007209932e-01
9.767876611774203299e-01
9.767876172541163360e-01
9.767875733308090114e-01
9.767875294074980230e-01
9.767874854841834820e-01
9.767874415608654992e-01
9.767873976375439637e-01
9.767873537142195417e-01
9.767873097908906788e-01
9.767872658675590403e-01
9.767872219442234050e-01
9.767871780208845500e-01
9.767871340975420313e-01
9.767870901741959599e-01
9.767870462508464469e-01
9.767870023274934921e-01
9.767869584041369846e-01
9.767869144807773685e-01
9.767868705574136445e-01
9.767868266340465899e-01
9.767867827106762046e-01
9.767867387873021556e-01
9.767866948639247759e-01
9.767866509405438435e-01
9.767866070171594695e-01
9.767865630937713206e-01
9.767865191703798411e-01
9.767864752469851419e-01
9.767864313235862239e-01
9.767863874001844193e-01
9.767863434767789510e-01
9.767862995533703740e-01
9.767862556299575783e-01
9.767862117065415628e-01
9.767861677831219946e-01
9.767861238596990958e-01
9.767860799362726443e-01
9.767860360128425290e-01
9.767859920894093051e-01
9.767859481659721954e-01
9.767859042425317551e-01
9.767858603190877620e-01
9.767858163956403272e-01
9.767857724721891177e-01
9.767857285487347996e-01
9.767856846252765957e-01
9.767856407018153941e-01
9.767855967783500848e-01
9.767855528548819999e-01
9.767855089314099182e-01
9.767854650079342838e-01
9.767854210844550966e-01
9.767853771609729119e-01
9.767853332374867303e-01
9.767852893139971071e-01
9.767852453905042642e-01
9.767852014670077576e-01
9.767851575435078093e-01
9.767851136200040862e-01
9.767850696964972546e-01
9.767850257729866481e-01
9.767849818494726000e-01
9.767849379259549991e-01
9.767848940024340676e-01
9.767848500789096944e-01
9.767848061553815464e-01
9.767847622318499567e-01
9.767847183083151474e-01
9.767846743847764523e-01
9.767846304612346486e-01
9.767845865376891812e-01
9.767845426141397169e-01
9.767844986905875881e-01
9.767844547670315736e-01
9.767844108434720063e-01
9.767843669199088863e-01
9.767843229963423246e-01
9.767842790727724323e-01
9.767842351491985431e-01
9.767841912256221004e-01
9.767841473020412169e-01
9.767841033784572247e-01
9.767840594548695687e-01
9.767840155312785821e-01
9.767839716076844869e-01
9.767839276840859508e-01
9.767838837604846391e-01
9.767838398368795527e-01
9.767837959132708026e-01
9.767837519896591658e-01
9.767837080660435323e-01
9.767836641424244570e-01
9.767836202188017181e-01
9.767835762951759815e-01
9.767835323715463591e-01
9.767834884479131841e-01
9.767834445242766783e-01
9.767834006006365088e-01
9.767833566769931197e-01
9.767833127533460669e-01
9.767832688296955723e-01
9.767832249060415251e-01
9.767831809823837030e-01
9.767831370587229944e-01
9.767830931350584001e-01
9.767830492113902530e-01
9.767830052877187752e-01
9.767829613640436337e-01
9.767829174403651615e-01
9.767828735166831366e-01
9.767828295929974480e-01
9.767827856693083177e-01
9.767827417456157457e-01
9.767826978219197320e-01
9.767826538982202766e-01
9.767826099745172685e-01
9.767825660508104857e-01
9.767825221271005942e-01
9.767824782033869280e-01
9.767824342796698200e-01
9.767823903559493814e-01
9.767823464322251681e-01
9.767823025084978461e-01
9.767822585847665273e-01
9.767822146610322109e-01
9.767821707372937867e-01
9.767821268135522539e-01
9.767820828898073904e-01
9.767820389660587521e-01
9.767819950423066722e-01
9.767819511185510395e-01
9.767819071947917431e-01
9.767818632710295601e-01
9.767818193472631583e-01
9.767817754234937588e-01
9.767817314997208067e-01
9.767816875759440798e-01
9.767816436521640222e-01
9.767815997283805229e-01
9.767815558045932489e-01
