3.000000000000000000e+00
2.999999748890012974e+00
2.999999497779564095e+00
2.999999246668655140e+00
2.999998995557284331e+00
2.999998744445452115e+00
2.999998493333159377e+00
2.999998242220405675e+00
2.999997991107191009e+00
2.999997739993514489e+00
2.999997488879377450e+00
2.999997237764779001e+00
2.999996986649719144e+00
2.999996735534198766e+00
2.999996484418217424e+00
2.999996233301774673e+00
2.999995982184870513e+00
2.999995731067505389e+00
2.999995479949678856e+00
2.999995228831391803e+00
2.999994977712643340e+00
2.999994726593433469e+00
2.999994475473763078e+00
2.999994224353631278e+00
2.999993973233038069e+00
2.999993722111983896e+00
2.999993470990469202e+00
2.999993219868492211e+00
2.999992968746054256e+00
2.999992717623155780e+00
2.999992466499795896e+00
2.999992215375975046e+00
2.999991964251692789e+00
2.999991713126950010e+00
2.999991462001745379e+00
2.999991210876080228e+00
2.999990959749952779e+00
2.999990708623364810e+00
2.999990457496315432e+00
2.999990206368805978e+00
2.999989955240835116e+00
2.999989704112402400e+00
2.999989452983508276e+00
2.999989201854154519e+00
2.999988950724338466e+00
2.999988699594061003e+00
2.999988448463322577e+00
2.999988197332123185e+00
2.999987946200463274e+00
2.999987695068341509e+00
2.999987443935758336e+00
2.999987192802714198e+00
2.999986941669209095e+00
2.999986690535242584e+00
2.999986439400815552e+00
2.999986188265926668e+00
2.999985937130576374e+00
2.999985685994765561e+00
2.999985434858493782e+00
2.999985183721760151e+00
2.999984932584565112e+00
2.999984681446909551e+00
2.999984430308792582e+00
2.999984179170214649e+00
2.999983928031175751e+00
2.999983676891674556e+00
2.999983425751713284e+00
2.999983174611291048e+00
2.999982923470406515e+00
2.999982672329061462e+00
2.999982421187254999e+00
2.999982170044987573e+00
2.999981918902258737e+00
2.999981667759069381e+00
2.999981416615417729e+00
2.999981165471305999e+00
2.999980914326732417e+00
2.999980663181698315e+00
2.999980412036201471e+00
2.999980160890244996e+00
2.999979909743826667e+00
2.999979658596946930e+00
2.999979407449606228e+00
2.999979156301804561e+00
2.999978905153541486e+00
2.999978654004817002e+00
2.999978402855631554e+00
2.999978151705985141e+00
2.999977900555877319e+00
2.999977649405307645e+00
2.999977398254278338e+00
2.999977147102786290e+00
2.999976895950833722e+00
2.999976644798420189e+00
2.999976393645544803e+00
2.999976142492208009e+00
2.999975891338410694e+00
2.999975640184152414e+00
2.999975389029431838e+00
2.999975137874250741e+00
2.999974886718609124e+00
2.999974635562506098e+00
2.999974384405941219e+00
2.999974133248914043e+00
2.999973882091427235e+00
2.999973630933478130e+00
2.999973379775069393e+00
2.999973128616197915e+00
2.999972877456865916e+00
2.999972626297072065e+00
2.999972375136817693e+00
2.999972123976101912e+00
2.999971872814924723e+00
2.999971621653286125e+00
2.999971370491187006e+00
2.999971119328625591e+00
2.999970868165604099e+00
2.999970617002121198e+00
2.999970365838176445e+00
2.999970114673771171e+00
2.999969863508904044e+00
2.999969612343575509e+00
2.999969361177786009e+00
2.999969110011535101e+00
2.999968858844823227e+00
2.999968607677649945e+00
2.999968356510015699e+00
2.999968105341920044e+00
2.999967854173363868e+00
2.999967603004345840e+00
2.999967351834866403e+00
2.999967100664925113e+00
2.999966849494522858e+00
2.999966598323660083e+00
2.999966347152336343e+00
2.999966095980549863e+00
2.999965844808302862e+00
2.999965593635594452e+00
2.999965342462425522e+00
2.999965091288794738e+00
2.999964840114702547e+00
2.999964588940149390e+00
2.999964337765134825e+00
2.999964086589659296e+00
2.999963835413721913e+00
2.999963584237323566e+00
2.999963333060464254e+00
2.999963081883143090e+00
2.999962830705361405e+00
2.999962579527117423e+00
2.999962328348413365e+00
2.999962077169247010e+00
2.999961825989619690e+00
2.999961574809530962e+00
2.999961323628981269e+00
2.999961072447971056e+00
2.999960821266498101e+00
2.999960570084565514e+00
2.999960318902169742e+00
2.999960067719313894e+00
2.999959816535996637e+00
2.999959565352217528e+00
2.999959314167977897e+00
2.999959062983276414e+00
2.999958811798114411e+00
2.999958560612490110e+00
2.999958309426404846e+00
2.999958058239858172e+00
2.999957807052850534e+00
2.999957555865381487e+00
2.999957304677451475e+00
2.999957053489059167e+00
2.999956802300206338e+00
2.999956551110892544e+00
2.999956299921117342e+00
2.999956048730879843e+00
2.999955797540181823e+00
2.999955546349021951e+00
2.999955295157401558e+00
2.999955043965319756e+00
2.999954792772776102e+00
2.999954541579771483e+00
2.999954290386305900e+00
2.999954039192378907e+00
2.999953787997989618e+00
2.999953536803140253e+00
2.999953285607829478e+00
2.999953034412056407e+00
2.999952783215823260e+00
2.999952532019127815e+00
2.999952280821970962e+00
2.999952029624353145e+00
2.999951778426274362e+00
2.999951527227733727e+00
2.999951276028732128e+00
2.999951024829268675e+00
2.999950773629344258e+00
2.999950522428958433e+00
2.999950271228111642e+00
2.999950020026802999e+00
2.999949768825033836e+00
2.999949517622802819e+00
2.999949266420110394e+00
2.999949015216956560e+00
2.999948764013341762e+00
2.999948512809265555e+00
2.999948261604727495e+00
2.999948010399728471e+00
2.999947759194267594e+00
2.999947507988346640e+00
2.999947256781963389e+00
2.999947005575119174e+00
2.999946754367813107e+00
2.999946503160046074e+00
2.999946251951818077e+00
2.999946000743128227e+00
2.999945749533977413e+00
2.999945498324365190e+00
2.999945247114291114e+00
2.999944995903756517e+00
2.999944744692759624e+00
2.999944493481302210e+00
2.999944242269382499e+00
2.999943991057001824e+00
2.999943739844160184e+00
2.999943488630856248e+00
2.999943237417091790e+00
2.999942986202866368e+00
2.999942734988179538e+00
2.999942483773030411e+00
2.999942232557420319e+00
2.999941981341348818e+00
2.999941730124815908e+00
2.999941478907822034e+00
2.999941227690365864e+00
2.999940976472450060e+00
2.999940725254071516e+00
2.999940474035231563e+00
2.999940222815930646e+00
2.999939971596168320e+00
2.999939720375944585e+00
2.999939469155260330e+00
2.999939217934113334e+00
2.999938966712505373e+00
2.999938715490436447e+00
2.999938464267905669e+00
2.999938213044913926e+00
2.999937961821460330e+00
2.999937710597545770e+00
2.999937459373170245e+00
2.999937208148331980e+00
2.999936956923032749e+00
2.999936705697272998e+00
2.999936454471050951e+00
2.999936203244368382e+00
2.999935952017223517e+00
2.999935700789618132e+00
2.999935449561550893e+00
2.999935198333022690e+00
2.999934947104032634e+00
2.999934695874581170e+00
2.999934444644668741e+00
2.999934193414294459e+00
2.999933942183458324e+00
2.999933690952161669e+00
2.999933439720403161e+00
2.999933188488183688e+00
2.999932937255501475e+00
2.999932686022359185e+00
2.999932434788755486e+00
2.999932183554690823e+00
2.999931932320164307e+00
2.999931681085175494e+00
2.999931429849726161e+00
2.999931178613814975e+00
2.999930927377442380e+00
2.999930676140609265e+00
2.999930424903312964e+00
2.999930173665556588e+00
2.999929922427338802e+00
2.999929671188659608e+00
2.999929419949518561e+00
2.999929168709916105e+00
2.999928917469852685e+00
2.999928666229326968e+00
2.999928414988340286e+00
2.999928163746893084e+00
2.999927912504983141e+00
2.999927661262612233e+00
2.999927410019779916e+00
2.999927158776486191e+00
2.999926907532730613e+00
2.999926656288514515e+00
2.999926405043836564e+00
2.999926153798696760e+00
2.999925902553095991e+00
2.999925651307033370e+00
2.999925400060510672e+00
2.999925148813524789e+00
2.999924897566079274e+00
2.999924646318170574e+00
2.999924395069800909e+00
2.999924143820969835e+00
2.999923892571678241e+00
2.999923641321923462e+00
2.999923390071708607e+00
2.999923138821031898e+00
2.999922887569894225e+00
2.999922636318294256e+00
2.999922385066233765e+00
2.999922133813710534e+00
2.999921882560727227e+00
2.999921631307281178e+00
2.999921380053374609e+00
2.999921128799006631e+00
2.999920877544176356e+00
2.999920626288885117e+00
2.999920375033132469e+00
2.999920123776918413e+00
2.999919872520242947e+00
2.999919621263105629e+00
2.999919370005507346e+00
2.999919118747447211e+00
2.999918867488925667e+00
2.999918616229942714e+00
2.999918364970498352e+00
2.999918113710592582e+00
2.999917862450225847e+00
2.999917611189396816e+00
2.999917359928106819e+00
2.999917108666354970e+00
2.999916857404142156e+00
2.999916606141467490e+00
2.999916354878331859e+00
2.999916103614733931e+00
2.999915852350674594e+00
2.999915601086153849e+00
2.999915349821171695e+00
2.999915098555729021e+00
2.999914847289823605e+00
2.999914596023457225e+00
2.999914344756629436e+00
2.999914093489339351e+00
2.999913842221589189e+00
2.999913590953376286e+00
2.999913339684702418e+00
2.999913088415567142e+00
2.999912837145970013e+00
2.999912585875911475e+00
2.999912334605391528e+00
2.999912083334410173e+00
2.999911832062967409e+00
2.999911580791063681e+00
2.999911329518697212e+00
2.999911078245869778e+00
2.999910826972581379e+00
2.999910575698831572e+00
2.999910324424619468e+00
2.999910073149945955e+00
2.999909821874810589e+00
2.999909570599215147e+00
2.999909319323156520e+00
2.999909068046637817e+00
2.999908816769656816e+00
2.999908565492213963e+00
2.999908314214310590e+00
2.999908062935944919e+00
2.999907811657117840e+00
2.999907560377829352e+00
2.999907309098079899e+00
2.999907057817868594e+00
2.999906806537195436e+00
2.999906555256060425e+00
2.999906303974464450e+00
2.999906052692407066e+00
2.999905801409888273e+00
2.999905550126908071e+00
2.999905298843465573e+00
2.999905047559561666e+00
2.999904796275196794e+00
2.999904544990370070e+00
2.999904293705081493e+00
2.999904042419332395e+00
2.999903791133121000e+00
2.999903539846448641e+00
2.999903288559314429e+00
2.999903037271717920e+00
2.999902785983660891e+00
2.999902534695141565e+00
2.999902283406160830e+00
2.999902032116719131e+00
2.999901780826815578e+00
2.999901529536450617e+00
2.999901278245624692e+00
2.999901026954336025e+00
2.999900775662586394e+00
2.999900524370374910e+00
2.999900273077702462e+00
2.999900021784567716e+00
2.999899770490971562e+00
2.999899519196914888e+00
2.999899267902395028e+00
2.999899016607414648e+00
2.999898765311972859e+00
2.999898514016068773e+00
2.999898262719704167e+00
2.999898011422877264e+00
2.999897760125589397e+00
2.999897508827838788e+00
2.999897257529627659e+00
2.999897006230954677e+00
2.999896754931820730e+00
2.999896503632224043e+00
2.999896252332166835e+00
2.999896001031647774e+00
2.999895749730666861e+00
2.999895498429224094e+00
2.999895247127320363e+00
2.999894995824954780e+00
2.999894744522127343e+00
2.999894493218838498e+00
2.999894241915089133e+00
2.999893990610877026e+00
2.999893739306203955e+00
2.999893488001068587e+00
2.999893236695472698e+00
2.999892985389413624e+00
2.999892734082894030e+00
2.999892482775913027e+00
2.999892231468470172e+00
2.999891980160565463e+00
2.999891728852199346e+00
2.999891477543372709e+00
2.999891226234082886e+00
2.999890974924332543e+00
2.999890723614119903e+00
2.999890472303446742e+00
2.999890220992310397e+00
2.999889969680713531e+00
2.999889718368654368e+00
2.999889467056134684e+00
2.999889215743153592e+00
2.999888964429709315e+00
2.999888713115804517e+00
2.999888461801437423e+00
2.999888210486609808e+00
2.999887959171319896e+00
2.999887707855567687e+00
2.999887456539354957e+00
2.999887205222680819e+00
2.999886953905543940e+00
2.999886702587946097e+00
2.999886451269886845e+00
2.999886199951365739e+00
2.999885948632382782e+00
2.999885697312938415e+00
2.999885445993032640e+00
2.999885194672665012e+00
2.999884943351835531e+00
2.999884692030545086e+00
2.999884440708792788e+00
2.999884189386578637e+00
2.999883938063902633e+00
2.999883686740766109e+00
2.999883435417166844e+00
2.999883184093106170e+00
2.999882932768584087e+00
2.999882681443601040e+00
2.999882430118155252e+00
2.999882178792248943e+00
2.999881927465880338e+00
2.999881676139050324e+00
2.999881424811758457e+00
2.999881173484004293e+00
2.999880922155790053e+00
2.999880670827112628e+00
2.999880419497974682e+00
2.999880168168374439e+00
2.999879916838313232e+00
2.999879665507789284e+00
2.999879414176804371e+00
2.999879162845357605e+00
2.999878911513450319e+00
2.999878660181079848e+00
2.999878408848248856e+00
2.999878157514955124e+00
2.999877906181200427e+00
2.999877654846984321e+00
2.999877403512306362e+00
2.999877152177166995e+00
2.999876900841564886e+00
2.999876649505501813e+00
2.999876398168976888e+00
2.999876146831990997e+00
2.999875895494543254e+00
2.999875644156633214e+00
2.999875392818262210e+00
2.999875141479429796e+00
2.999874890140135086e+00
2.999874638800379412e+00
2.999874387460161440e+00
2.999874136119482060e+00
2.999873884778340383e+00
2.999873633436737741e+00
2.999873382094672802e+00
2.999873130752146899e+00
2.999872879409159143e+00
2.999872628065709534e+00
2.999872376721798517e+00
2.999872125377425647e+00
2.999871874032590480e+00
2.999871622687294348e+00
2.999871371341537252e+00
2.999871119995316970e+00
2.999870868648635724e+00
2.999870617301493070e+00
2.999870365953888562e+00
2.999870114605821758e+00
2.999869863257293989e+00
2.999869611908304368e+00
2.999869360558852893e+00
2.999869109208940010e+00
2.999868857858565274e+00
2.999868606507729130e+00
2.999868355156430688e+00
2.999868103804670838e+00
2.999867852452450467e+00
2.999867601099766912e+00
2.999867349746622391e+00
2.999867098393016018e+00
2.999866847038947348e+00
2.999866595684417714e+00
2.999866344329425782e+00
2.999866092973973331e+00
2.999865841618057694e+00
2.999865590261681536e+00
2.999865338904842638e+00
2.999865087547543219e+00
2.999864836189781503e+00
2.999864584831557490e+00
2.999864333472872513e+00
2.999864082113725683e+00
2.999863830754117000e+00
2.999863579394046909e+00
2.999863328033514964e+00
2.999863076672520723e+00
2.999862825311065517e+00
2.999862573949148903e+00
2.999862322586769547e+00
2.999862071223929672e+00
2.999861819860626611e+00
2.999861568496863029e+00
2.999861317132637595e+00
2.999861065767950308e+00
2.999860814402801168e+00
2.999860563037190619e+00
2.999860311671117774e+00
2.999860060304583520e+00
2.999859808937587413e+00
2.999859557570129454e+00
2.999859306202210085e+00
2.999859054833829308e+00
2.999858803464986234e+00
2.999858552095682196e+00
2.999858300725915417e+00
2.999858049355686784e+00
2.999857797984997188e+00
2.999857546613845738e+00
2.999857295242232436e+00
2.999857043870157280e+00
2.999856792497620717e+00
2.999856541124621856e+00
2.999856289751161587e+00
2.999856038377239464e+00
2.999855787002856378e+00
2.999855535628010550e+00
2.999855284252703314e+00
2.999855032876934224e+00
2.999854781500703282e+00
2.999854530124011376e+00
2.999854278746857172e+00
2.999854027369240672e+00
2.999853775991163651e+00
2.999853524612623890e+00
2.999853273233623607e+00
2.999853021854160140e+00
2.999852770474235708e+00
2.999852519093848535e+00
2.999852267713000398e+00
2.999852016331690852e+00
2.999851764949919009e+00
2.999851513567685313e+00
2.999851262184990208e+00
2.999851010801832807e+00
2.999850759418213997e+00
2.999850508034134222e+00
2.999850256649591707e+00
2.999850005264587782e+00
2.999849753879121117e+00
2.999849502493193487e+00
2.999849251106804893e+00
2.999848999719953557e+00
2.999848748332640369e+00
2.999848496944866216e+00
2.999848245556629323e+00
2.999847994167931908e+00
2.999847742778770865e+00
2.999847491389148857e+00
2.999847239999064996e+00
2.999846988608519727e+00
2.999846737217513049e+00
2.999846485826044518e+00
2.999846234434113690e+00
2.999845983041721453e+00
2.999845731648867364e+00
2.999845480255551422e+00
2.999845228861773183e+00
2.999844977467533091e+00
2.999844726072832035e+00
2.999844474677668682e+00
2.999844223282043920e+00
2.999843971885956417e+00
2.999843720489408838e+00
2.999843469092397630e+00
2.999843217694925457e+00
2.999842966296991431e+00
2.999842714898596441e+00
2.999842463499739154e+00
2.999842212100419125e+00
2.999841960700637689e+00
2.999841709300394843e+00
2.999841457899689701e+00
2.999841206498523594e+00
2.999840955096895190e+00
2.999840703694804489e+00
2.999840452292252824e+00
2.999840200889238861e+00
2.999839949485763491e+00
2.999839698081825823e+00
2.999839446677426302e+00
2.999839195272566261e+00
2.999838943867242591e+00
2.999838692461458400e+00
2.999838441055211913e+00
2.999838189648503128e+00
2.999837938241332935e+00
2.999837686833701333e+00
2.999837435425607435e+00
2.999837184017051683e+00
2.999836932608034523e+00
2.999836681198555510e+00
2.999836429788613756e+00
2.999836178378210594e+00
2.999835926967346023e+00
2.999835675556019599e+00
2.999835424144231322e+00
2.999835172731981192e+00
2.999834921319268322e+00
2.999834669906094931e+00
2.999834418492459243e+00
2.999834167078361258e+00
2.999833915663802308e+00
2.999833664248781062e+00
2.999833412833297963e+00
2.999833161417352567e+00
2.999832910000946207e+00
2.999832658584076661e+00
2.999832407166746595e+00
2.999832155748955120e+00
2.999831904330700905e+00
2.999831652911984836e+00
2.999831401492806471e+00
2.999831150073167585e+00
2.999830898653065514e+00
2.999830647232502034e+00
2.999830395811476702e+00
2.999830144389989961e+00
2.999829892968040479e+00
2.999829641545630032e+00
2.999829390122757289e+00
2.999829138699422693e+00
2.999828887275625799e+00
2.999828635851367498e+00
2.999828384426647787e+00
2.999828133001466224e+00
2.999827881575821475e+00
2.999827630149716207e+00
2.999827378723148197e+00
2.999827127296119222e+00
2.999826875868628395e+00
2.999826624440674383e+00
2.999826373012259850e+00
2.999826121583383021e+00
2.999825870154043894e+00
2.999825618724242915e+00
2.999825367293980527e+00
2.999825115863256730e+00
2.999824864432070193e+00
2.999824613000421802e+00
2.999824361568311559e+00
2.999824110135740352e+00
2.999823858702705959e+00
2.999823607269210601e+00
2.999823355835252947e+00
2.999823104400833440e+00
2.999822852965952524e+00
2.999822601530608868e+00
2.999822350094803802e+00
2.999822098658536440e+00
2.999821847221808113e+00
2.999821595784616601e+00
2.999821344346964125e+00
2.999821092908849796e+00
2.999820841470273169e+00
2.999820590031235135e+00
2.999820338591734359e+00
2.999820087151772174e+00
2.999819835711348137e+00
2.999819584270461803e+00
2.999819332829114060e+00
2.999819081387304465e+00
2.999818829945032572e+00
2.999818578502299271e+00
2.999818327059103229e+00
2.999818075615446666e+00
2.999817824171327363e+00
2.999817572726746651e+00
2.999817321281703197e+00
2.999817069836198336e+00
2.999816818390230733e+00
2.999816566943802165e+00
2.999816315496911301e+00
2.999816064049559028e+00
2.999815812601744014e+00
2.999815561153467147e+00
2.999815309704729316e+00
2.999815058255528744e+00
2.999814806805866763e+00
2.999814555355742041e+00
2.999814303905156354e+00
2.999814052454107927e+00
2.999813801002598090e+00
2.999813549550625513e+00
2.999813298098191972e+00
2.999813046645296577e+00
2.999812795191938886e+00
2.999812543738119341e+00
2.999812292283837500e+00
2.999812040829094251e+00
2.999811789373888260e+00
2.999811537918221305e+00
2.999811286462092053e+00
2.999811035005500504e+00
2.999810783548447990e+00
2.999810532090933179e+00
2.999810280632955628e+00
2.999810029174516668e+00
2.999809777715615855e+00
2.999809526256253189e+00
2.999809274796427339e+00
2.999809023336140967e+00
2.999808771875392299e+00
2.999808520414181778e+00
2.999808268952509405e+00
2.999808017490374734e+00
2.999807766027778211e+00
2.999807514564719835e+00
2.999807263101199606e+00
2.999807011637216636e+00
2.999806760172772258e+00
2.999806508707865582e+00
2.999806257242497498e+00
2.999806005776667561e+00
2.999805754310375328e+00
2.999805502843621241e+00
2.999805251376405302e+00
2.999804999908727066e+00
2.999804748440586977e+00
2.999804496971985035e+00
2.999804245502920796e+00
2.999803994033395149e+00
2.999803742563407649e+00
2.999803491092957408e+00
2.999803239622045314e+00
2.999802988150672256e+00
2.999802736678835569e+00
2.999802485206538361e+00
2.999802233733778856e+00
2.999801982260556610e+00
2.999801730786873399e+00
2.999801479312727892e+00
2.999801227838119644e+00
2.999800976363049987e+00
2.999800724887518477e+00
2.999800473411524226e+00
2.999800221935069455e+00
2.999799970458151055e+00
2.999799718980771246e+00
2.999799467502930472e+00
2.999799216024626514e+00
2.999798964545861146e+00
2.999798713066633482e+00
2.999798461586944409e+00
2.999798210106792595e+00
2.999797958626178485e+00
2.999797707145103409e+00
2.999797455663565149e+00
2.999797204181565924e+00
2.999796952699105290e+00
2.999796701216181027e+00
2.999796449732795800e+00
2.999796198248948276e+00
2.999795946764639343e+00
2.999795695279867225e+00
2.999795443794633698e+00
2.999795192308938763e+00
2.999794940822781086e+00
2.999794689336161557e+00
2.999794437849079287e+00
2.999794186361536052e+00
2.999793934873530521e+00
2.999793683385062693e+00
2.999793431896133455e+00
2.999793180406741921e+00
2.999792928916888091e+00
2.999792677426571963e+00
2.999792425935793982e+00
2.999792174444555037e+00
2.999791922952852907e+00
2.999791671460688924e+00
2.999791419968063977e+00
2.999791168474975844e+00
2.999790916981425859e+00
2.999790665487413577e+00
2.999790413992940330e+00
2.999790162498004342e+00
2.999789911002606058e+00
2.999789659506745476e+00
2.999789408010424374e+00
2.999789156513640087e+00
2.999788905016393947e+00
2.999788653518685955e+00
2.999788402020515665e+00
2.999788150521883079e+00
2.999787899022789528e+00
2.999787647523233236e+00
2.999787396023214203e+00
2.999787144522733762e+00
2.999786893021791467e+00
2.999786641520387320e+00
2.999786390018520876e+00
2.999786138516192135e+00
2.999785887013401098e+00
2.999785635510149540e+00
2.999785384006434352e+00
2.999785132502257756e+00
2.999784880997618419e+00
2.999784629492518118e+00
2.999784377986954631e+00
2.999784126480930180e+00
2.999783874974442988e+00
2.999783623467493499e+00
2.999783371960082157e+00
2.999783120452209406e+00
2.999782868943874359e+00
2.999782617435077015e+00
2.999782365925818262e+00
2.999782114416096324e+00
2.999781862905912533e+00
2.999781611395267333e+00
2.999781359884159393e+00
2.999781108372589600e+00
2.999780856860557510e+00
2.999780605348064011e+00
2.999780353835107771e+00
2.999780102321689679e+00
2.999779850807809733e+00
2.999779599293467491e+00
2.999779347778663841e+00
2.999779096263397005e+00
2.999778844747668760e+00
2.999778593231478663e+00
2.999778341714825380e+00
2.999778090197710689e+00
2.999777838680134145e+00
2.999777587162095305e+00
2.999777335643594611e+00
2.999777084124631621e+00
2.999776832605206334e+00
2.999776581085318750e+00
2.999776329564969757e+00
2.999776078044158911e+00
2.999775826522884437e+00
2.999775575001149441e+00
2.999775323478951705e+00
2.999775071956292560e+00
2.999774820433170675e+00
2.999774568909586936e+00
2.999774317385540456e+00
2.999774065861032124e+00
2.999769164508998998e+00
2.999762029755656645e+00
2.999754894630500157e+00
2.999747759133502889e+00
2.999740623264640860e+00
2.999733487023889200e+00
2.999726350411219489e+00
2.999719213426610853e+00
2.999712076070036204e+00
2.999704938341468896e+00
2.999697800240885392e+00
2.999690661768259492e+00
2.999683522923566326e+00
2.999676383706781024e+00
2.999669244117876499e+00
2.999662104156830544e+00
2.999654963823615184e+00
2.999647823118205991e+00
2.999640682040578543e+00
2.999633540590706637e+00
2.999626398768564073e+00
2.999619256574126869e+00
2.999612114007370600e+00
2.999604971068267290e+00
2.999597827756794288e+00
2.999590684072924951e+00
2.999583540016634409e+00
2.999576395587896904e+00
2.999569250786686236e+00
2.999562105612980201e+00
2.999554960066750375e+00
2.999547814147972336e+00
2.999535760189517841e+00
2.999523549088960017e+00
2.999511336900559044e+00
2.999499123624188801e+00
2.999486909259724055e+00
2.999474693807036463e+00
2.999462477266001237e+00
2.999450259636491367e+00
2.999438040918380288e+00
2.999425821111541879e+00
2.999413600215850462e+00
2.999401378231178139e+00
2.999389155157399234e+00
2.999376930994387180e+00
2.999364705742015413e+00
2.999352479400157367e+00
2.999340251968686477e+00
2.999328023447475289e+00
2.999313738348095004e+00
2.999296513917615759e+00
2.999279287325116172e+00
2.999262058570245859e+00
2.999244827652648215e+00
2.999227594571970634e+00
2.999210359327859621e+00
2.999193121919959903e+00
2.999175882347917543e+00
2.999158640611379933e+00
2.999141396709990914e+00
2.999124150643397435e+00
2.999106902411244668e+00
2.999088489369464039e+00
2.999066265748394411e+00
2.999044038532267642e+00
2.999021807720323896e+00
2.998999573311806444e+00
2.998977335305955449e+00
2.998955093702013741e+00
2.998932848499221482e+00
2.998910599696820611e+00
2.998888347294050849e+00
2.998866073813185817e+00
2.998838853760392276e+00
2.998811628320344091e+00
2.998784397491651710e+00
2.998757161272924243e+00
2.998729919662773025e+00
2.998702672659805391e+00
2.998675420262631341e+00
2.998648162469856882e+00
2.998617741929365366e+00
2.998585517258663291e+00
2.998553285047057315e+00
2.998521045292247944e+00
2.998488797991933907e+00
2.998456543143813491e+00
2.998424280745584536e+00
2.998389251068971362e+00
2.998352021095925135e+00
2.998314781069016721e+00
2.998277530984708950e+00
2.998240270839460209e+00
2.998203000629728887e+00
2.998163646352617562e+00
2.998121406111659670e+00
2.998079152943393222e+00
2.998036886842661009e+00
2.997994607804304046e+00
2.997952315823160685e+00
2.997722902541263057e+00
2.997493107691256320e+00
2.997262930446775719e+00
2.997032369979313771e+00
2.996801425458202495e+00
2.996570096050597432e+00
2.996338380921462541e+00
2.996106279233565761e+00
2.995873790147469684e+00
2.995640912821519120e+00
2.995407646411835767e+00
2.995173990072315551e+00
2.994939942954611745e+00
2.994705504208135416e+00
2.994470672980045656e+00
2.994235448415239809e+00
2.993999829656352585e+00
2.993763815843744514e+00
2.993527406115492173e+00
2.993290599607390412e+00
2.993053395452932808e+00
2.992815792783314333e+00
2.992577790727420251e+00
2.992339388411821233e+00
2.992100584960761367e+00
2.991861379496156825e+00
2.991621771137585650e+00
2.991381759002279761e+00
2.991141342205120512e+00
2.990900519858627593e+00
2.990659291072955028e+00
2.990417654955880078e+00
2.990175610612802792e+00
2.989933157146729581e+00
2.989690293658273212e+00
2.989447019245640824e+00
2.989203333004629926e+00
2.988959234028617296e+00
2.988714721408555874e+00
2.988469794232960108e+00
2.988224451587906394e+00
2.987978692557021532e+00
2.987732516221475620e+00
2.987485921659971844e+00
2.987238907948746025e+00
2.986991474161547533e+00
2.986743619369644609e+00
2.986495342641807493e+00
2.986246643044302651e+00
2.985997519640885223e+00
2.985747971492793695e+00
2.985497997658737468e+00
2.985247597194895963e+00
2.984996769154899088e+00
2.984745512589832561e+00
2.984493826548219264e+00
2.984241710076018794e+00
2.983989162216615920e+00
2.983736182010810811e+00
2.983482768496815929e+00
2.983228920710240484e+00
2.982974637684092212e+00
2.982719918448761387e+00
2.982464762032012828e+00
2.982209167458984567e+00
2.981953133752171858e+00
2.981696659931421856e+00
2.981439745013926057e+00
2.981182388014212314e+00
2.980924587944132398e+00
2.980666343812858443e+00
2.980407654626872294e+00
2.980148519389958839e+00
2.979888937103192248e+00
2.979628906764935081e+00
2.979368427370822747e+00
2.979107497913761726e+00
2.978846117383915360e+00
2.978584284768696744e+00
2.978321999052760738e+00
2.978059259217994637e+00
2.977796064243510621e+00
2.977532413105634657e+00
2.977268304777900720e+00
2.977003738231039254e+00
2.976738712432969614e+00
2.976473226348790746e+00
2.976207278940774081e+00
2.975940869168350655e+00
2.975673995988104448e+00
2.975406658353766165e+00
2.975138855216199474e+00
2.974870585523392119e+00
2.974601848220451483e+00
2.974332642249590375e+00
2.974062966550121256e+00
2.973792820058445585e+00
2.973522201708042711e+00
2.973251110429464106e+00
2.972979545150323144e+00
2.972707504795282674e+00
2.972434988286051460e+00
2.972161994541367758e+00
2.971888522476996641e+00
2.971614571005713135e+00
2.971340139037301764e+00
2.971065225478538796e+00
2.970789829233188684e+00
2.970513949201987636e+00
2.970237584282641397e+00
2.969960733369811479e+00
2.969683395355106281e+00
2.969405569127069544e+00
2.969127253571175906e+00
2.968848447569814031e+00
2.968569150002280832e+00
2.968289359744773037e+00
2.968009075670372088e+00
2.967728296649039255e+00
2.967447021547603203e+00
2.967165249229749335e+00
2.966882978556012684e+00
2.966600208383764148e+00
2.966316937567200718e+00
2.966033164957338375e+00
2.965748889402002764e+00
2.965464109745810539e+00
2.965178824830168924e+00
2.964893033493259278e+00
2.964606734570029545e+00
2.964319926892182711e+00
2.964032609288167031e+00
2.963744780583164928e+00
2.963456439599081449e+00
2.963167585154537154e+00
2.962878216064855685e+00
2.962588331142050446e+00
2.962297929194817936e+00
2.962007009028524429e+00
2.961715569445197538e+00
2.961423609243513777e+00
2.961131127218785686e+00
2.960838122162957387e+00
2.960544592864586377e+00
2.960250538108837315e+00
2.959955956677470024e+00
2.959660847348826174e+00
2.959365208897823063e+00
2.959069040095934522e+00
2.958772339711191801e+00
2.958475106508159147e+00
2.958177339247931581e+00
2.957879036688121133e+00
2.957580197582844850e+00
2.957280820682714584e+00
2.956980904734821891e+00
2.956680448482734924e+00
2.956379450666476671e+00
2.956077910022522737e+00
2.955775825283781355e+00
2.955473195179589840e+00
2.955170018435696377e+00
2.954866293774252917e+00
2.954562019913800075e+00
2.954257195569259142e+00
2.953951819451916094e+00
2.953645890269412710e+00
2.953339406725731919e+00
2.953032367521192025e+00
2.952724771352426725e+00
2.952416616912375780e+00
2.952107902890278357e+00
2.951798627971654376e+00
2.951488790838292520e+00
2.951178390168242682e+00
2.950867424635800873e+00
2.950555892911494116e+00
2.950243793662078229e+00
2.949931125550510291e+00
2.949617887235949087e+00
2.949304077373737787e+00
2.948989694615390622e+00
2.948674737608580010e+00
2.948359204997129002e+00
2.948043095420990856e+00
2.947726407516243263e+00
2.947409139915071474e+00
2.947091291245757638e+00
2.946772860132666594e+00
2.946453845196234766e+00
2.946134245052955070e+00
2.945814058315364026e+00
2.945493283592031108e+00
2.945171919487544532e+00
2.944849964602497927e+00
2.944527417533476132e+00
2.944204276873043646e+00
2.943880541209730861e+00
2.943556209128019407e+00
2.943231279208334161e+00
2.942905750027021039e+00
2.942579620156340336e+00
2.942252888164452074e+00
2.941925552615400452e+00
2.941597612069101864e+00
2.941269065081330680e+00
2.940939910203705487e+00
2.940610145983676205e+00
2.940279770964508987e+00
2.939948783685273348e+00
2.939617182680830165e+00
2.939284966481810812e+00
2.938952133614612716e+00
2.938618682601378040e+00
2.938284611959983028e+00
2.937949920204021570e+00
2.937614605842794546e+00
2.937278667381292951e+00
2.936942103320182351e+00
2.936604912155793112e+00
2.936267092380099530e+00
2.935928642480713169e+00
2.935589560940860210e+00
2.935249846239373461e+00
2.934909496850675481e+00
2.934568511244761257e+00
2.934226887887188884e+00
2.933884625239057797e+00
2.933541721757002119e+00
2.933198175893169335e+00
2.932853986095207421e+00
2.932509150806251075e+00
2.932163668464904838e+00
2.931817537505229776e+00
2.931470756356724827e+00
2.931123323444317474e+00
2.930775237188342874e+00
2.930426496004532311e+00
2.930077098303994099e+00
2.929727042493202038e+00
2.929376326973978983e+00
2.929024950143478190e+00
2.928672910394172657e+00
2.928320206113832036e+00
2.927966835685518632e+00
2.927612797487559870e+00
2.927258089893538084e+00
2.926902711272276303e+00
2.926546659987816046e+00
2.926189934399408887e+00
2.925832532861492474e+00
2.925474453723683865e+00
2.925115695330752441e+00
2.924756256022614576e+00
2.924396134134307879e+00
2.924035327995980094e+00
2.923673835932872667e+00
2.923311656265302094e+00
2.922948787308645713e+00
2.922585227373322159e+00
2.922220974764776713e+00
2.921856027783465315e+00
2.921490384724834133e+00
2.921124043879310239e+00
2.920757003532273188e+00
2.920389261964049243e+00
2.920020817449888728e+00
2.919651668259948707e+00
2.919281812659276998e+00
2.918911248907797518e+00
2.918539975260286301e+00
2.918167989966361286e+00
2.917795291270461000e+00
2.917421877411827236e+00
2.917047746624488624e+00
2.916672897137243314e+00
2.916297327173640763e+00
2.915921034951960422e+00
2.915544018685201966e+00
2.915166276581058646e+00
2.914787806841908857e+00
2.914408607664786377e+00
2.914028677241371934e+00
2.913648013757972333e+00
2.913266615395500914e+00
2.912884480329458903e+00
2.912501606729920312e+00
2.912117992761509289e+00
2.911733636583387241e+00
2.911348536349227523e+00
2.910962690207201220e+00
2.910576096299956728e+00
2.910188752764603315e+00
2.909800657732690699e+00
2.909411809330187726e+00
2.909022205677468165e+00
2.908631844889288054e+00
2.908240725074770161e+00
2.907848844337378225e+00
2.907456200774907185e+00
2.907062792479455204e+00
2.906668617537408572e+00
2.906273674029421272e+00
2.905877960030397222e+00
2.905481473609467624e+00
2.905084212829974089e+00
2.904686175749445542e+00
2.904287360419583131e+00
2.903887764886234013e+00
2.903487387189379376e+00
2.903086225363106454e+00
2.902684277435596094e+00
2.902281541429094336e+00
2.901878015359897756e+00
2.901473697238332150e+00
2.901068585068733885e+00
2.900662676849422361e+00
2.900255970572689357e+00
2.899848464224767941e+00
2.899440155785821815e+00
2.899031043229919113e+00
2.898621124525011084e+00
2.898210397632911661e+00
2.897798860509279706e+00
2.897386511103591911e+00
2.896973347359130369e+00
2.896559367212949709e+00
2.896144568595866442e+00
2.895728949432431865e+00
2.895312507640912525e+00
2.894895241133265351e+00
2.894477147815123441e+00
2.894058225585764976e+00
2.893638472338098122e+00
2.893217885958637048e+00
2.892796464327480166e+00
2.892374205318285707e+00
2.891951106798255733e+00
2.891527166628104606e+00
2.891102382662047887e+00
2.890676752747766809e+00
2.890250274726401614e+00
2.889822946432514250e+00
2.889394765694071499e+00
2.888965730332428095e+00
2.888535838162292535e+00
2.888105086991714199e+00
2.887673474622054481e+00
2.887240998847966367e+00
2.886807657457370446e+00
2.886373448231431826e+00
2.885938368944535704e+00
2.885502417364266048e+00
2.885065591251381178e+00
2.884627888359791115e+00
2.884189306436529154e+00
2.883749843221734999e+00
2.883309496448628551e+00
2.882868263843481937e+00
2.882426143125602636e+00
2.881983132007303716e+00
2.881539228193879865e+00
2.881094429383585620e+00
2.880648733267613171e+00
2.880202137530062600e+00
2.879754639847917019e+00
2.879306237891024356e+00
2.878856929322066716e+00
2.878406711796538175e+00
2.877955582962720360e+00
2.877503540461653575e+00
2.877050581927117268e+00
2.876596704985600716e+00
2.876141907256279051e+00
2.875686186350988383e+00
2.875229539874200491e+00
2.874771965422993958e+00
2.874313460587035074e+00
2.873854022948544973e+00
2.873393650082278761e+00
2.872932339555496206e+00
2.872470088927938647e+00
2.872006895751801459e+00
2.871542757571707405e+00
2.871077671924681329e+00
2.870611636340121731e+00
2.870144648339775895e+00
2.869676705437716802e+00
2.869207805140306711e+00
2.868737944946180285e+00
2.868267122346211284e+00
2.867795334823489473e+00
2.867322579853292641e+00
2.866848854903056854e+00
2.866374157432350689e+00
2.865898484892849041e+00
2.865421834728305139e+00
2.864944204374522130e+00
2.864465591259324651e+00
2.863985992802532188e+00
2.863505406415931098e+00
2.863023829503247519e+00
2.862541259460114951e+00
2.862057693674054715e+00
2.861573129524435100e+00
2.861087564382455373e+00
2.860600995611110697e+00
2.860113420565160158e+00
2.859624836591108998e+00
2.859135241027167318e+00
2.858644631203231423e+00
2.858153004440845191e+00
2.857660358053180971e+00
2.857166689345001842e+00
2.856671995612634962e+00
2.856176274143946703e+00
2.855679522218303124e+00
2.855181737106551765e+00
2.854682916070980792e+00
2.854183056365299009e+00
2.853682155234597673e+00
2.853180209915326060e+00
2.852677217635255946e+00
2.852173175613457179e+00
2.851668081060261706e+00
2.851161931177238262e+00
2.850654723157153736e+00
2.850146454183953626e+00
2.849637121432718523e+00
2.849126722069644124e+00
2.848615253252003487e+00
2.848102712128115499e+00
2.847589095837317341e+00
2.847074401509931185e+00
2.846558626267230441e+00
2.846041767221411778e+00
2.845523821475560933e+00
2.845004786123619844e+00
2.844484658250357789e+00
2.843963434931335854e+00
2.843441113232874962e+00
2.842917690212026560e+00
2.842393162916537541e+00
2.841867528384814268e+00
2.841340783645898149e+00
2.840812925719424786e+00
2.840283951615593772e+00
2.839753858335138048e+00
2.839222642869286606e+00
2.838690302199730287e+00
2.838156833298594695e+00
2.837622233128398008e+00
2.837086498642026555e+00
2.836549626782693068e+00
2.836011614483904264e+00
2.835472458669428875e+00
2.834932156253264335e+00
2.834390704139597705e+00
2.833848099222773698e+00
2.833304338387261812e+00
2.832759418507618143e+00
2.832213336448453855e+00
2.831666089064396985e+00
2.831117673200057805e+00
2.830568085689996405e+00
2.830017323358683168e+00
2.829465383020467240e+00
2.828912261479536561e+00
2.828357955529884560e+00
2.827802461955276403e+00
2.827245777529206805e+00
2.826687899014869387e+00
2.826128823165117598e+00
2.825568546722429630e+00
2.825007066418870671e+00
2.824444378976057823e+00
2.823880481105119689e+00
2.823315369506661732e+00
2.822749040870733417e+00
2.822181491876779802e+00
2.821612719193616670e+00
2.821042719479383454e+00
2.820471489381510821e+00
2.819899025536680703e+00
2.819325324570791214e+00
2.818750383098911794e+00
2.818174197725252572e+00
2.817596765043122620e+00
2.817018081634889981e+00
2.816438144071945704e+00
2.815856948914666091e+00
2.815274492712368293e+00
2.814690772003275665e+00
2.814105783314478693e+00
2.813519523161893243e+00
2.812931988050223264e+00
2.812343174472919483e+00
2.811753078912140325e+00
2.811161697838711948e+00
2.810569027712089163e+00
2.809975064980313242e+00
2.809379806079972841e+00
2.808783247436163588e+00
2.808185385462445005e+00
2.807586216560805426e+00
2.806985737121613589e+00
2.806383943523584446e+00
2.805780832133733416e+00
2.805176399307337753e+00
2.804570641387891250e+00
2.803963554707067818e+00
2.803355135584674418e+00
2.802745380328614200e+00
2.802134285234840316e+00
2.801521846587315512e+00
2.800908060657969045e+00
2.800292923706652726e+00
2.799676431981103608e+00
2.799058581716894700e+00
2.798439369137396326e+00
2.797818790453727722e+00
2.797196841864721062e+00
2.796573519556871723e+00
2.795948819704297428e+00
2.795322738468695611e+00
2.794695271999295016e+00
2.794066416432817057e+00
2.793436167893429189e+00
2.792804522492698283e+00
2.792171476329549318e+00
2.791537025490218760e+00
2.790901166048212367e+00
2.790263894064255012e+00
2.789625205586250267e+00
2.788985096649234219e+00
2.788343563275327508e+00
2.787700601473691364e+00
2.787056207240484085e+00
2.786410376558808633e+00
2.785763105398672668e+00
2.785114389716938810e+00
2.784464225457282005e+00
2.783812608550136680e+00
2.783159534912656774e+00
2.782505000448662003e+00
2.781849001048596115e+00
2.781191532589479820e+00
2.780532590934857939e+00
2.779872171934754554e+00
2.779210271425629930e+00
2.778546885230324115e+00
2.777882009158014753e+00
2.777215639004167347e+00
2.776547770550485073e+00
2.775878399564863930e+00
2.775207521801339894e+00
2.774535133000040510e+00
2.773861228887138264e+00
2.773185805174800844e+00
2.772508857561139628e+00
2.771830381730161275e+00
2.771150373351717988e+00
2.770468828081456447e+00
2.769785741560770287e+00
2.769101109416747697e+00
2.768414927262120351e+00
2.767727190695215000e+00
2.767037895299900629e+00
2.766347036645537383e+00
2.765654610286928161e+00
2.764960611764263554e+00
2.764265036603072545e+00
2.763567880314170999e+00
2.762869138393608370e+00
2.762168806322615300e+00
2.761466879567553434e+00
2.760763353579862134e+00
2.760058223796003851e+00
2.759351485637417056e+00
2.758643134510455397e+00
2.757933165806341513e+00
2.757221574901109751e+00
2.756508357155554201e+00
2.755793507915174523e+00
2.755077022510122209e+00
2.754358896255147737e+00
2.753639124449542397e+00
2.752917702377092102e+00
2.752194625306009446e+00
2.751469888488896842e+00
2.750743487162673695e+00
2.750015416548533320e+00
2.749285671851883439e+00
2.748554248262288002e+00
2.747821140953418784e+00
2.747086345082991432e+00
2.746349855792718397e+00
2.745611668208240985e+00
2.744871777439087612e+00
2.744130178578602752e+00
2.743386866703898530e+00
2.742641836875798322e+00
2.741895084138775474e+00
2.741146603520897784e+00
2.740396390033771112e+00
2.739644438672478977e+00
2.738890744415528822e+00
2.738135302224789402e+00
2.737378107045435716e+00
2.736619153805889937e+00
2.735858437417761024e+00
2.735095952775786987e+00
2.734331694757778042e+00
2.733565658224554884e+00
2.732797838019889625e+00
2.732028228970446726e+00
2.731256825885725270e+00
2.730483623557993234e+00
2.729708616762233309e+00
2.728931800256082063e+00
2.728153168779764215e+00
2.727372717056038454e+00
2.726590439790131271e+00
2.725806331669680116e+00
2.725020387364670338e+00
2.724232601527372122e+00
2.723442968792280983e+00
2.722651483776056924e+00
2.721858141077458271e+00
2.721062935277284378e+00
2.720265860938309022e+00
2.719466912605223108e+00
2.718666084804564509e+00
2.717863372044659442e+00
2.717058768815562075e+00
2.716252269588985246e+00
2.715443868818240070e+00
2.714633560938174206e+00
2.713821340365101698e+00
2.713007201496746124e+00
2.712191138712171767e+00
2.711373146371718779e+00
2.710553218816942334e+00
2.709731350370544245e+00
2.708907535336308126e+00
2.708081767999037215e+00
2.707254042624486878e+00
2.706424353459297993e+00
2.705592694730931669e+00
2.704759060647606628e+00
2.703923445398224601e+00
2.703085843152315260e+00
2.702246248059958500e+00
2.701404654251727155e+00
2.700561055838612390e+00
2.699715446911961969e+00
2.698867821543409207e+00
2.698018173784810347e+00
2.697166497668169960e+00
2.696312787205579209e+00
2.695457036389143912e+00
2.694599239190919260e+00
2.693739389562841868e+00
2.692877481436654286e+00
2.692013508723845039e+00
2.691147465315573140e+00
2.690279345082602358e+00
2.689409141875230613e+00
2.688536849523221139e+00
2.687662461835732763e+00
2.686785972601248407e+00
2.685907375587507584e+00
2.685026664541430907e+00
2.684143833189059691e+00
2.683258875235475127e+00
2.682371784364731226e+00
2.681482554239788207e+00
2.680591178502443217e+00
2.679697650773247730e+00
2.678801964651439604e+00
2.677904113714867140e+00
2.677004091519931350e+00
2.676101891601512239e+00
2.675197507472887093e+00
2.674290932625657646e+00
2.673382160529682583e+00
2.672471184633007812e+00
2.671557998361788311e+00
2.670642595120219731e+00
2.669724968290459799e+00
2.668805111232559923e+00
2.667883017284388814e+00
2.666958679761562756e+00
2.666032091957366124e+00
2.665103247142682985e+00
2.664172138565922054e+00
2.663238759452938087e+00
2.662303103006963934e+00
2.661365162408534157e+00
2.660424930815407318e+00
2.659482401362495807e+00
2.658537567161788129e+00
2.657590421302276074e+00
2.656640956849877000e+00
2.655689166847362781e+00
2.654735044314281645e+00
2.653778582246882234e+00
2.652819773618039889e+00
2.651858611377181596e+00
2.650895088450206938e+00
2.649929197739418818e+00
2.648960932123439527e+00
2.647990284457141463e+00
2.647017247571567644e+00
2.646041814273855319e+00
2.645063977347162698e+00
2.644083729550589013e+00
2.643101063619101243e+00
2.642115972263456847e+00
2.641128448170126042e+00
2.640138484001216757e+00
2.639146072394396469e+00
2.638151205962818491e+00
2.637153877295041138e+00
2.636154078954955349e+00
2.635151803481705635e+00
2.634147043389612364e+00
2.633139791168095822e+00
2.632130039281603384e+00
2.631117780169525133e+00
2.630103006246124142e+00
2.629085709900452983e+00
2.628065883496284894e+00
2.627043519372030733e+00
2.626018609840663043e+00
2.624991147189643215e+00
2.623961123680839336e+00
2.622928531550454689e+00
2.621893363008948707e+00
2.620855610240959699e+00
2.619815265405228910e+00
2.618772320634525919e+00
2.617726768035568696e+00
2.616678599688952556e+00
2.615627807649068437e+00
2.614574383944034963e+00
2.613518320575613174e+00
2.612459609519135473e+00
2.611398242723433682e+00
2.610334212110752450e+00
2.609267509576687960e+00
2.608198126990102672e+00
2.607126056193054264e+00
2.606051289000720139e+00
2.604973817201325481e+00
2.603893632556063764e+00
2.602810726799027918e+00
2.601725091637132614e+00
2.600636718750043208e+00
2.599545599790101136e+00
2.598451726382249749e+00
2.597355090123963262e+00
2.596255682585173918e+00
2.595153495308199609e+00
2.594048519807671482e+00
2.592940747570462889e+00
2.591830170055617444e+00
2.590716778694279299e+00
2.589600564889621204e+00
2.588481520016772119e+00
2.587359635422754600e+00
2.586234902426407967e+00
2.585107312318324801e+00
2.583976856360774566e+00
2.582843525787645866e+00
2.581707311804370519e+00
2.580568205587858266e+00
2.579426198286431937e+00
2.578281281019759508e+00
2.577133444878789259e+00
2.575982680925680945e+00
2.574828980193747174e+00
2.573672333687384128e+00
2.572512732382007172e+00
2.571350167223990013e+00
2.570184629130602971e+00
2.569016108989946368e+00
2.567844597660895900e+00
2.566670085973034254e+00
2.565492564726594260e+00
2.564312024692402048e+00
2.563128456611808215e+00
2.561941851196638531e+00
2.560752199129130879e+00
2.559559491061883296e+00
2.558363717617790023e+00
2.557164869389993989e+00
2.555962936941821972e+00
2.554757910806737087e+00
2.553549781488277048e+00
2.552338539460007993e+00
2.551124175165466301e+00
2.549906679018115074e+00
2.548686041401281521e+00
2.547462252668114324e+00
2.546235303141528572e+00
2.545005183114158687e+00
2.543771882848303356e+00
2.542535392575886011e+00
2.541295702498402864e+00
2.540052802786877617e+00
2.538806683581813939e+00
2.537557334993152391e+00
2.536304747100220691e+00
2.535048909951688412e+00
2.533789813565524796e+00
2.532527447928958786e+00
2.531261802998433730e+00
2.529992868699566966e+00
2.528720634927103639e+00
2.527445091544881617e+00
2.526166228385787527e+00
2.524884035251711456e+00
2.523598501913510983e+00
2.522309618110979201e+00
2.521017373552795870e+00
2.519721757916494997e+00
2.518422760848425757e+00
2.517120371963713854e+00
2.515814580846222448e+00
2.514505377048516621e+00
2.513192750091825634e+00
2.511876689466010060e+00
2.510557184629523153e+00
2.509234225009375763e+00
2.507907800001096366e+00
2.506577898968705309e+00
2.505244511244666850e+00
2.503907626129862507e+00
2.502567232893553317e+00
2.501223320773342529e+00
2.499875878975145849e+00
2.498524896673148366e+00
2.497170363009773020e+00
2.495812267095649517e+00
2.494450598009573916e+00
2.493085344798480207e+00
2.491716496477393239e+00
2.490344042029401184e+00
2.488967970405615571e+00
2.487588270525137979e+00
2.486204931275021845e+00
2.484817941510233386e+00
2.483427290053628944e+00
2.482032965695907478e+00
2.480634957195573698e+00
2.479233253278901650e+00
2.477827842639897415e+00
2.476418713940260474e+00
2.475005855809341071e+00
2.473589256844107798e+00
2.472168905609104517e+00
2.470744790636412613e+00
2.469316900425617245e+00
2.467885223443773146e+00
2.466449748125351338e+00
2.465010462872201380e+00
2.463567356053517177e+00
2.462120416005794787e+00
2.460669631032786242e+00
2.459214989405468010e+00
2.457756479361994373e+00
2.456294089107655676e+00
2.454827806814840585e+00
2.453357620623000557e+00
2.451883518638602766e+00
2.450405488935086140e+00
2.448923519552824946e+00
2.447437598499084377e+00
2.445947713747996577e+00
2.444453853240506014e+00
2.442956004884329069e+00
2.441454156553919397e+00
2.439948296090429292e+00
2.438438411301671049e+00
2.436924489962078777e+00
2.435406519812664872e+00
2.433884488560996040e+00
2.432358383881142228e+00
2.430828193413655303e+00
2.429293904765535750e+00
2.427755505510187373e+00
2.426212983187390204e+00
2.424666325303269421e+00
2.423115519330266476e+00
2.421560552707111125e+00
2.420001412838789001e+00
2.418438087096518530e+00
2.416870562817724721e+00
2.415298827306012086e+00
2.413722867831145535e+00
2.412142671629028623e+00
2.410558225901676899e+00
2.408969517817219685e+00
2.407376534509868105e+00
2.405779263079904418e+00
2.404177690593663375e+00
2.402571804083535323e+00
2.400961590547950220e+00
2.399347036951365641e+00
2.397728130224265009e+00
2.396104857263159360e+00
2.394477204930586911e+00
2.392845160055106390e+00
2.391208709431303259e+00
2.389567839819798145e+00
2.387922537947259727e+00
2.386272790506405617e+00
2.384618584156016130e+00
2.382959905520952493e+00
2.381296741192173716e+00
2.379629077726756581e+00
2.377956901647912069e+00
2.376280199445014674e+00
2.374598957573629043e+00
2.372913162455540625e+00
2.371222800478782311e+00
2.369527857997671294e+00
2.367828321332845487e+00
2.366124176771307930e+00
2.364415410566458320e+00
2.362702008938147635e+00
2.360983958072716771e+00
2.359261244123050716e+00
2.357533853208630070e+00
2.355801771415584778e+00
2.354064984796751858e+00
2.352323479371734027e+00
2.350577241126963646e+00
2.348826256015769776e+00
2.347070509958441242e+00
2.345309988842298576e+00
2.343544678521768621e+00
2.341774564818460469e+00
2.339999633521240519e+00
2.338219870386320842e+00
2.336435261137328023e+00
2.334645791465403075e+00
2.332851447029288483e+00
2.331052213455417021e+00
2.329248076338003237e+00
2.327439021239146921e+00
2.325625033688929921e+00
2.323806099185518281e+00
2.321982203195268379e+00
2.320153331152830845e+00
2.318319468461273569e+00
2.316480600492180741e+00
2.314636712585774525e+00
2.312787790051036296e+00
2.310933818165836318e+00
2.309074782177040319e+00
2.307210667300647611e+00
2.305341458721930525e+00
2.303467141595552548e+00
2.301587701045708201e+00
2.299703122166273594e+00
2.297813390020939650e+00
2.295918489643354654e+00
2.294018406037281466e+00
2.292113124176747618e+00
2.290202629006197643e+00
2.288286905440652497e+00
2.286365938365864992e+00
2.284439712638492104e+00
2.282508213086259730e+00
2.280571424508133216e+00
2.278629331674493663e+00
2.276681919327310233e+00
2.274729172180327996e+00
2.272771074919246903e+00
2.270807612201910963e+00
2.268838768658496985e+00
2.266864528891715747e+00
2.264884877477004288e+00
2.262899798962730191e+00
2.260909277870398082e+00
2.258913298694855687e+00
2.256911845904509661e+00
2.254904903941538752e+00
2.252892457222118061e+00
1.738505079563319899e+00
1.737898260837384745e+00
1.737291169673701230e+00
1.736683806022199406e+00
1.736076169832987404e+00
1.735468261056348105e+00
1.734860079642743358e+00
1.734251625542812869e+00
1.733642898707374425e+00
1.733033899087424556e+00
1.732424626634137876e+00
1.731815081298872183e+00
1.731205263033161801e+00
1.730595171788722908e+00
1.729984807517453982e+00
1.729374170171433578e+00
1.728763259702922106e+00
1.728152076064364273e+00
1.727540619208385309e+00
1.726928889087794738e+00
1.726316885655586386e+00
1.725704608864938372e+00
1.725092058669212669e+00
1.724479235021957324e+00
1.723866137876905569e+00
1.723252767187976264e+00
1.722639122909276344e+00
1.722025204995099035e+00
1.721411013399924084e+00
1.720796548078420640e+00
1.720181808985445260e+00
1.719566796076044346e+00
1.718951509305451930e+00
1.718335948629095888e+00
1.717720114002588616e+00
1.717104005381738130e+00
1.716487622722541184e+00
1.715870965981186380e+00
1.715254035114056164e+00
1.714636830077723717e+00
1.714019350828956956e+00
1.713401597324715642e+00
1.712783569522155602e+00
1.712165267378624955e+00
1.711546690851668551e+00
1.710927839899026859e+00
1.710308714478634862e+00
1.709689314548624939e+00
1.709069640067326645e+00
1.708449690993266490e+00
1.707829467285169267e+00
1.707208968901957613e+00
1.706588195802752672e+00
1.705967147946876539e+00
1.705345825293849149e+00
1.704724227803392500e+00
1.704102355435427985e+00
1.703480208150078834e+00
1.702857785907669896e+00
1.702235088668729412e+00
1.701612116393985907e+00
1.700988869044373297e+00
1.700365346581028447e+00
1.699741548965292726e+00
1.699117476158710227e+00
1.698493128123033102e+00
1.697868504820218449e+00
1.697243606212427425e+00
1.696618432262030352e+00
1.695992982931602722e+00
1.695367258183929859e+00
1.694741257982003146e+00
1.694114982289023796e+00
1.693488431068400857e+00
1.692861604283754984e+00
1.692234501898915111e+00
1.691607123877921781e+00
1.690979470185025368e+00
1.690351540784691187e+00
1.689723335641591939e+00
1.689094854720616601e+00
1.688466097986864867e+00
1.687837065405651371e+00
1.687207756942505466e+00
1.686578172563169442e+00
1.685948312233602087e+00
1.685318175919976236e+00
1.684687763588683218e+00
1.684057075206329301e+00
1.683426110739737469e+00
1.682794870155949196e+00
1.682163353422225116e+00
1.681531560506042577e+00
1.680899491375099419e+00
1.680267145997311973e+00
1.679634524340818613e+00
1.679001626373977318e+00
1.678368452065365890e+00
1.677735001383786617e+00
1.677101274298262279e+00
1.676467270778040586e+00
1.675832990792587740e+00
1.675198434311599316e+00
1.674563601304991378e+00
1.673928491742907587e+00
1.673293105595714980e+00
1.672657442834007746e+00
1.672021503428604339e+00
1.671385287350552806e+00
1.670748794571127238e+00
1.670112025061829986e+00
1.669474978794392550e+00
1.668837655740773585e+00
1.668200055873163778e+00
1.667562179163981195e+00
1.666924025585876823e+00
1.666285595111731466e+00
1.665646887714657964e+00
1.665007903368002307e+00
1.664368642045340740e+00
1.663729103720485547e+00
1.663089288367480822e+00
1.662449195960605364e+00
1.661808826474373335e+00
1.661168179883534490e+00
1.660527256163073284e+00
1.659886055288212203e+00
1.659244577234408879e+00
1.658602821977360531e+00
1.657960789493000187e+00
1.657318479757500462e+00
1.656675892747274892e+00
1.656033028438973709e+00
1.655389886809488509e+00
1.654746467835952473e+00
1.654102771495738589e+00
1.653458797766462984e+00
1.652814546625983816e+00
1.652170018052401490e+00
1.651525212024060885e+00
1.650880128519549572e+00
1.650234767517701595e+00
1.649589128997593912e+00
1.648943212938550618e+00
1.648297019320141166e+00
1.647650548122183034e+00
1.647003799324739504e+00
1.646356772908121657e+00
1.645709468852890822e+00
1.645061887139854573e+00
1.644414027750073837e+00
1.643765890664854012e+00
1.643117475865757404e+00
1.642468783334592120e+00
1.641819813053421395e+00
1.641170565004559156e+00
1.640521039170572459e+00
1.639871235534282601e+00
1.639221154078763121e+00
1.638570794787343576e+00
1.637920157643607322e+00
1.637269242631395505e+00
1.636618049734802849e+00
1.635966578938182536e+00
1.635314830226144434e+00
1.634662803583556201e+00
1.634010498995544181e+00
1.633357916447493841e+00
1.632705055925049109e+00
1.632051917414116593e+00
1.631398500900861581e+00
1.630744806371710043e+00
1.630090833813351292e+00
1.629436583212737322e+00
1.628782054557081471e+00
1.628127247833861757e+00
1.627472163030820207e+00
1.626816800135964192e+00
1.626161159137564427e+00
1.625505240024158748e+00
1.624849042784552333e+00
1.624192567407815257e+00
1.623535813883286938e+00
1.622878782200574577e+00
1.622221472349553828e+00
1.621563884320368798e+00
1.620906018103435375e+00
1.620247873689437901e+00
1.619589451069332942e+00
1.618930750234350180e+00
1.618271771175987528e+00
1.617612513886019343e+00
1.616952978356491766e+00
1.616293164579726049e+00
1.615633072548315896e+00
1.614972702255131676e+00
1.614312053693319760e+00
1.613651126856302520e+00
1.612989921737778554e+00
1.612328438331724678e+00
1.611666676632395268e+00
1.611004636634324250e+00
1.610342318332323774e+00
1.609679721721486434e+00
1.609016846797185929e+00
1.608353693555075070e+00
1.607690261991090441e+00
1.607026552101449290e+00
1.606362563882652195e+00
1.605698297331485058e+00
1.605033752445015116e+00
1.604368929220593820e+00
1.603703827655861280e+00
1.603038447748741158e+00
1.602372789497441996e+00
1.601706852900463884e+00
1.601040637956589574e+00
1.600374144664894471e+00
1.599707373024738200e+00
1.599040323035774813e+00
1.598372994697943694e+00
1.597705388011479100e+00
1.597037502976903944e+00
1.596369339595032910e+00
1.595700897866974888e+00
1.595032177794130535e+00
1.594363179378194939e+00
1.593693902621156733e+00
1.593024347525299644e+00
1.592354514093204054e+00
1.591684402327744996e+00
1.591014012232095265e+00
1.590343343809724530e+00
1.589672397064400000e+00
1.589001172000188866e+00
1.588329668621457413e+00
1.587657886932869689e+00
1.586985826939392608e+00
1.586313488646292624e+00
1.585640872059138839e+00
1.584967977183802779e+00
1.584294804026457504e+00
1.583621352593581166e+00
1.582947622891956563e+00
1.582273614928668470e+00
1.581599328711110086e+00
1.580924764246979253e+00
1.580249921544280900e+00
1.579574800611327046e+00
1.578899401456737239e+00
1.578223724089441227e+00
1.577547768518676730e+00
1.576871534753990334e+00
1.576195022805241264e+00
1.575518232682598496e+00
1.574841164396542981e+00
1.574163817957868083e+00
1.573486193377679365e+00
1.572808290667398134e+00
1.572130109838757672e+00
1.571451650903807229e+00
1.570772913874912469e+00
1.570093898764752582e+00
1.569414605586326283e+00
1.568735034352948254e+00
1.568055185078252034e+00
1.567375057776189129e+00
1.566694652461030790e+00
1.566013969147368456e+00
1.565333007850114422e+00
1.564651768584501390e+00
1.563970251366084696e+00
1.563288456210741861e+00
1.562606383134674592e+00
1.561924032154407227e+00
1.561241403286789398e+00
1.560558496548995366e+00
1.559875311958525579e+00
1.559191849533206886e+00
1.558508109291193877e+00
1.557824091250967991e+00
1.557139795431338403e+00
1.556455221851446247e+00
1.555770370530758395e+00
1.555085241489075898e+00
1.554399834746528652e+00
1.553714150323578735e+00
1.553028188241020402e+00
1.552341948519981196e+00
1.551655431181922618e+00
1.550968636248639454e+00
1.550281563742262891e+00
1.549594213685258071e+00
1.548906586100428306e+00
1.548218681010912201e+00
1.547530498440187641e+00
1.546842038412068687e+00
1.546153300950710685e+00
1.545464286080606486e+00
1.544774993826590892e+00
1.544085424213838653e+00
1.543395577267866026e+00
1.542705453014532768e+00
1.542015051480040144e+00
1.541324372690934252e+00
1.540633416674103806e+00
1.539942183456784797e+00
1.539250673066556718e+00
1.538558885531347231e+00
1.537866820879429053e+00
1.537174479139423511e+00
1.536481860340300987e+00
1.535788964511379362e+00
1.535095791682327571e+00
1.534402341883164045e+00
1.533708615144257603e+00
1.533014611496331003e+00
1.532320330970457167e+00
1.531625773598062512e+00
1.530930939410928726e+00
1.530235828441190105e+00
1.529540440721337102e+00
1.528844776284214557e+00
1.528148835163025909e+00
1.527452617391329870e+00
1.526756123003044419e+00
1.526059352032444805e+00
1.525362304514166434e+00
1.524664980483204202e+00
1.523967379974913383e+00
1.523269503025010962e+00
1.522571349669575191e+00
1.521872919945048697e+00
1.521174213888234705e+00
1.520475231536302818e+00
1.519775972926785457e+00
1.519076438097582749e+00
1.518376627086959640e+00
1.517676539933547231e+00
1.516976176676344767e+00
1.516275537354719871e+00
1.515574622008409422e+00
1.514873430677518007e+00
1.514171963402523469e+00
1.513470220224271356e+00
1.512768201183982253e+00
1.512065906323245779e+00
1.511363335684026810e+00
1.510660489308663479e+00
1.509957367239868287e+00
1.509253969520728988e+00
1.508550296194709484e+00
1.507846347305649815e+00
1.507142122897767056e+00
1.506437623015657312e+00
1.505732847704294386e+00
1.505027797009032442e+00
1.504322470975604453e+00
1.503616869650125754e+00
1.502910993079092261e+00
1.502204841309382255e+00
1.501498414388256819e+00
1.500791712363361174e+00
1.500084735282725124e+00
1.499377483194762384e+00
1.498669956148273474e+00
1.497962154192445716e+00
1.497254077376852566e+00
1.496545725751456057e+00
1.495837099366607248e+00
1.495128198273045106e+00
1.494419022521901619e+00
1.493709572164695798e+00
1.492999847253341450e+00
1.492289847840142958e+00
1.491579573977797502e+00
1.490869025719398167e+00
1.490158203118429059e+00
1.489447106228771522e+00
1.488735735104703028e+00
1.488024089800897398e+00
1.487312170372424136e+00
1.486599976874752649e+00
1.485887509363750913e+00
1.485174767895685921e+00
1.484461752527225009e+00
1.483748463315436084e+00
1.483034900317789395e+00
1.482321063592157540e+00
1.481606953196815901e+00
1.480892569190444208e+00
1.480177911632125420e+00
1.479462980581350173e+00
1.478747776098012778e+00
1.478032298242415887e+00
1.477316547075269382e+00
1.476600522657690817e+00
1.475884225051207643e+00
1.475167654317756094e+00
1.474450810519683852e+00
1.473733693719749382e+00
1.473016303981123043e+00
1.472298641367387750e+00
1.471580705942540090e+00
1.470862497770991206e+00
1.470144016917566354e+00
1.469425263447506680e+00
1.468706237426470329e+00
1.467986938920532003e+00
1.467267367996184513e+00
1.466547524720339446e+00
1.465827409160326500e+00
1.465107021383897923e+00
1.464386361459225405e+00
1.463665429454901412e+00
1.462944225439942292e+00
1.462222749483787165e+00
1.461501001656298815e+00
1.460778982027763906e+00
1.460056690668895873e+00
1.459334127650833146e+00
1.458611293045142032e+00
1.457888186923815166e+00
1.457164809359274615e+00
1.456441160424371439e+00
1.455717240192386797e+00
1.454993048737031058e+00
1.454268586132448027e+00
1.453543852453212271e+00
1.452818847774331790e+00
1.452093572171247793e+00
1.451368025719836474e+00
1.450642208496409458e+00
1.449916120577713574e+00
1.449189762040932417e+00
1.448463132963686784e+00
1.447736233424037566e+00
1.447009063500482196e+00
1.446281623271959083e+00
1.445553912817847841e+00
1.444825932217967512e+00
1.444097681552580781e+00
1.443369160902392645e+00
1.442640370348551304e+00
1.441911309972649935e+00
1.441181979856726469e+00
1.440452380083265149e+00
1.439722510735196304e+00
1.438992371895896794e+00
1.438261963649194897e+00
1.437531286079364090e+00
1.436800339271129934e+00
1.436069123309668294e+00
1.435337638280604677e+00
1.434605884270018894e+00
1.433873861364442615e+00
1.433141569650860259e+00
1.432409009216711437e+00
1.431676180149891398e+00
1.430943082538750355e+00
1.430209716472095938e+00
1.429476082039192075e+00
1.428742179329764106e+00
1.428008008433991449e+00
1.427273569442517820e+00
1.426538862446445677e+00
1.425803887537338221e+00
1.425068644807222284e+00
1.424333134348586771e+00
1.423597356254384438e+00
1.422861310618032560e+00
1.422124997533414259e+00
1.421388417094877177e+00
1.420651569397237690e+00
1.419914454535778470e+00
1.419177072606253143e+00
1.418439423704879854e+00
1.417701507928351479e+00
1.416963325373828742e+00
1.416224876138945543e+00
1.415486160321807185e+00
1.414747178020992813e+00
1.414007929335555191e+00
1.413268414365021597e+00
1.412528633209395812e+00
1.411788585969157017e+00
1.411048272745261789e+00
1.410307693639144766e+00
1.409566848752718871e+00
1.408825738188377086e+00
1.408084362048992455e+00
1.407342720437918970e+00
1.406600813458992905e+00
1.405858641216533034e+00
1.405116203815341080e+00
1.404373501360704157e+00
1.403630533958393656e+00
1.402887301714667023e+00
1.402143804736268429e+00
1.401400043130429651e+00
1.400656017004870080e+00
1.399911726467800266e+00
1.399167171627917483e+00
1.398422352594412388e+00
1.397677269476965467e+00
1.396931922385750147e+00
1.396186311431433680e+00
1.395440436725175815e+00
1.394694298378632569e+00
1.393947896503953565e+00
1.393201231213786251e+00
1.392454302621274564e+00
1.391707110840060935e+00
1.390959655984286281e+00
1.390211938168590455e+00
1.389463957508114467e+00
1.388715714118500033e+00
1.387967208115891582e+00
1.387218439616935362e+00
1.386469408738781661e+00
1.385720115599084590e+00
1.384970560316005406e+00
1.384220743008208965e+00
1.383470663794868383e+00
1.382720322795664591e+00
1.381969720130785895e+00
1.381218855920930855e+00
1.380467730287308070e+00
1.379716343351636620e+00
1.378964695236147175e+00
1.378212786063583772e+00
1.377460615957203593e+00
1.376708185040777632e+00
1.375955493438592248e+00
1.375202541275448498e+00
1.374449328676666582e+00
1.373695855768081620e+00
1.372942122676048760e+00
1.372188129527440736e+00
1.371433876449651201e+00
1.370679363570596054e+00
1.369924591018710558e+00
1.369169558922952668e+00
1.368414267412803920e+00
1.367658716618269432e+00
1.366902906669880124e+00
1.366146837698691163e+00
1.365390509836285515e+00
1.364633923214772837e+00
1.363877077966791251e+00
1.363119974225507791e+00
1.362362612124619066e+00
1.361604991798352593e+00
1.360847113381467688e+00
1.360088977009255462e+00
1.359330582817540822e+00
1.358571930942681583e+00
1.357813021521570684e+00
1.357053854691637973e+00
1.356294430590847977e+00
1.355534749357703683e+00
1.354774811131245871e+00
1.354014616051053777e+00
1.353254164257247316e+00
1.352493455890486196e+00
1.351732491091971466e+00
1.350971270003448410e+00
1.350209792767202766e+00
1.349448059526065613e+00
1.348686070423412930e+00
1.347923825603165815e+00
1.347161325209792260e+00
1.346398569388306932e+00
1.345635558284272948e+00
1.344872292043802986e+00
1.344108770813558174e+00
1.343344994740751641e+00
1.342580963973147634e+00
1.341816678659061512e+00
1.341052138947364192e+00
1.340287344987477924e+00
1.339522296929381628e+00
1.338756994923609556e+00
1.337991439121252180e+00
1.337225629673956862e+00
1.336459566733930071e+00
1.335693250453936720e+00
1.334926680987302383e+00
1.334159858487911743e+00
1.333392783110213031e+00
1.332625455009215809e+00
1.331857874340492298e+00
1.331090041260180712e+00
1.330321955924982147e+00
1.329553618492164135e+00
1.328785029119561978e+00
1.328016187965576078e+00
1.327247095189177051e+00
1.326477750949903056e+00
1.325708155407865352e+00
1.324938308723743186e+00
1.324168211058789346e+00
1.323397862574827499e+00
1.322627263434255740e+00
1.321856413800046370e+00
1.321085313835747233e+00
1.320313963705481264e+00
1.319542363573947830e+00
1.318770513606425165e+00
1.317998413968768823e+00
1.317226064827415000e+00
1.316453466349379209e+00
1.315680618702257387e+00
1.314907522054228339e+00
1.314134176574054624e+00
1.313360582431079449e+00
1.312586739795245760e+00
1.311812648837045181e+00
1.311038309727587725e+00
1.310263722638561612e+00
1.309488887742243479e+00
1.308713805211497938e+00
1.307938475219778240e+00
1.307162897941129165e+00
1.306387073550187017e+00
1.305611002222179406e+00
1.304834684132926803e+00
1.304058119458844978e+00
1.303281308376942560e+00
1.302504251064824592e+00
1.301726947700692305e+00
1.300949398463345341e+00
1.300171603532179088e+00
1.299393563087190229e+00
1.298615277308974081e+00
1.297836746378727257e+00
1.297057970478246780e+00
1.296278949789933410e+00
1.295499684496788984e+00
1.294720174782422628e+00
1.293940420831045879e+00
1.293160422827477340e+00
1.292380180957142910e+00
1.291599695406074222e+00
1.290818966360914199e+00
1.290037994008911504e+00
1.289256778537927417e+00
1.288475320136434288e+00
1.287693618993514866e+00
1.286911675298864965e+00
1.286129489242794799e+00
1.285347061016228309e+00
1.284564390810705392e+00
1.283781478818380561e+00
1.282998325232027392e+00
1.282214930245035855e+00
1.281431294051415426e+00
1.280647416845795528e+00
1.279863298823423756e+00
1.279078940180171431e+00
1.278294341112530930e+00
1.277509501817618132e+00
1.276724422493173527e+00
1.275939103337561331e+00
1.275153544549771700e+00
1.274367746329422069e+00
1.273581708876756036e+00
1.272795432392645809e+00
1.272008917078593981e+00
1.271222163136731087e+00
1.270435170769820266e+00
1.269647940181254153e+00
1.268860471575060211e+00
1.268072765155898507e+00
1.267284821129062822e+00
1.266496639700482429e+00
1.265708221076722761e+00
1.264919565464986517e+00
1.264130673073113220e+00
1.263341544109581216e+00
1.262552178783508339e+00
1.261762577304652577e+00
1.260972739883413851e+00
1.260182666730834011e+00
1.259392358058597727e+00
1.258601814079033376e+00
1.257811035005114375e+00
1.257020021050458736e+00
1.256228772429332174e+00
1.255437289356646335e+00
1.254645572047961899e+00
1.253853620719488360e+00
1.253061435588084915e+00
1.252269016871260909e+00
1.251476364787179163e+00
1.250683479554652422e+00
1.249890361393149130e+00
1.249097010522789208e+00
1.248303427164351165e+00
1.247509611539266094e+00
1.246715563869623900e+00
1.245921284378170402e+00
1.245126773288310673e+00
1.244332030824110147e+00
1.243537057210294172e+00
1.242741852672248903e+00
1.241946417436022854e+00
1.241150751728326895e+00
1.240354855776536036e+00
1.239558729808690085e+00
1.238762374053493431e+00
1.237965788740317929e+00
1.237168974099201124e+00
1.236371930360850468e+00
1.235574657756640882e+00
1.234777156518617414e+00
1.233979426879495689e+00
1.233181469072663239e+00
1.232383283332179724e+00
1.231584869892778489e+00
1.230786228989865672e+00
1.229987360859524204e+00
1.229188265738511587e+00
1.228388943864261673e+00
1.227589395474887768e+00
1.226789620809179526e+00
1.225989620106606726e+00
1.225189393607318600e+00
1.224388941552146726e+00
1.223588264182604135e+00
1.222787361740887313e+00
1.221986234469874866e+00
1.221184882613131517e+00
1.220383306414906555e+00
1.219581506120135161e+00
1.218779481974441525e+00
1.217977234224134397e+00
1.217174763116214642e+00
1.216372068898371017e+00
1.215569151818983507e+00
1.214766012127122874e+00
1.213962650072552885e+00
1.213159065905730305e+00
1.212355259877805347e+00
1.211551232240623888e+00
1.210746983246726582e+00
1.209942513149351973e+00
1.209137822202434709e+00
1.208332910660609327e+00
1.207527778779206695e+00
1.206722426814262228e+00
1.205916855022507450e+00
1.205111063661377768e+00
1.204305052989012026e+00
1.203498823264251838e+00
1.202692374746642701e+00
1.201885707696437544e+00
1.201078822374592292e+00
1.200271719042772300e+00
1.199464397963349693e+00
1.198656859399404695e+00
1.197849103614728961e+00
1.197041130873822024e+00
1.196232941441897291e+00
1.195424535584877823e+00
1.194615913569401222e+00
1.193807075662819184e+00
1.192998022133196168e+00
1.192188753249313837e+00
1.191379269280670616e+00
1.190569570497480134e+00
1.189759657170676110e+00
1.188949529571910801e+00
1.188139187973554556e+00
1.187328632648702031e+00
1.186517863871165979e+00
1.185706881915483457e+00
1.184895687056913616e+00
1.184084279571439913e+00
1.183272659735771670e+00
1.182460827827344296e+00
1.181648784124317952e+00
1.180836528905582661e+00
1.180024062450755862e+00
1.179211385040182858e+00
1.178398496954941699e+00
1.177585398476839629e+00
1.176772089888415973e+00
1.175958571472943026e+00
1.175144843514426718e+00
1.174330906297606392e+00
1.173516760107958579e+00
1.172702405231693001e+00
1.171887841955758791e+00
1.171073070567842045e+00
1.170258091356367158e+00
1.169442904610498157e+00
1.168627510620139365e+00
1.167811909675937398e+00
1.166996102069278507e+00
1.166180088092294564e+00
1.165363868037858852e+00
1.164547442199590721e+00
1.163730810871854038e+00
1.162913974349760071e+00
1.162096932929164828e+00
1.161279686906675046e+00
1.160462236579645312e+00
1.159644582246178501e+00
1.158826724205129777e+00
1.158008662756104590e+00
1.157190398199461123e+00
1.156371930836309403e+00
1.155553260968515739e+00
1.154734388898698505e+00
1.153915314930233471e+00
1.153096039367251358e+00
1.152276562514641389e+00
1.151456884678049519e+00
1.150637006163881759e+00
1.149816927279303735e+00
1.148996648332240689e+00
1.148176169631380583e+00
1.147355491486172108e+00
1.146534614206828895e+00
1.145713538104326190e+00
1.144892263490406847e+00
1.144070790677576888e+00
1.143249119979110162e+00
1.142427251709046354e+00
1.141605186182195419e+00
1.140782923714134034e+00
1.139960464621209590e+00
1.139137809220540420e+00
1.138314957830015572e+00
1.137491910768297032e+00
1.136668668354819056e+00
1.135845230909790171e+00
1.135021598754193617e+00
1.134197772209789568e+00
1.133373751599111801e+00
1.132549537245473914e+00
1.131725129472965774e+00
1.130900528606457067e+00
1.130075734971597523e+00
1.129250748894816470e+00
1.128425570703325054e+00
1.127600200725116242e+00
1.126774639288966373e+00
1.125948886724435161e+00
1.125122943361867245e+00
1.124296809532392194e+00
1.123470485567927390e+00
1.122643971801175367e+00
1.121817268565627579e+00
1.120990376195563965e+00
1.120163295026054273e+00
1.119336025392958733e+00
1.118508567632927830e+00
1.117680922083404749e+00
1.116853089082625816e+00
1.116025068969620282e+00
1.115196862084212537e+00
1.114368468767021225e+00
1.113539889359461688e+00
1.112711124203746627e+00
1.111882173642884553e+00
1.111053038020685113e+00
1.110223717681754207e+00
1.109394212971500870e+00
1.108564524236132387e+00
1.107734651822659622e+00
1.106904596078895464e+00
1.106074357353455495e+00
1.105243935995760207e+00
1.104413332356033450e+00
1.103582546785307095e+00
1.102751579635417478e+00
1.101920431259010291e+00
1.101089102009537246e+00
1.100257592241259852e+00
1.099425902309249858e+00
1.098594032569389256e+00
1.097761983378370498e+00
1.096929755093698944e+00
1.096097348073692634e+00
1.095264762677483628e+00
1.094431999265017330e+00
1.093599058197055607e+00
1.092765939835175670e+00
1.091932644541771635e+00
1.091099172680056073e+00
1.090265524614059345e+00
1.089431700708631157e+00
1.088597701329441003e+00
1.087763526842979278e+00
1.086929177616557496e+00
1.086094654018310068e+00
1.085259956417193417e+00
1.084425085182989523e+00
1.083590040686304157e+00
1.082754823298568647e+00
1.081919433392040331e+00
1.081083871339804769e+00
1.080248137515774864e+00
1.079412232294690854e+00
1.078576156052122759e+00
1.077739909164471266e+00
1.076903492008967289e+00
1.076066904963673521e+00
1.075230148407485098e+00
1.074393222720131158e+00
1.073556128282173283e+00
1.072718865475009942e+00
1.071881434680874268e+00
1.071043836282834949e+00
1.070206070664797338e+00
1.069368138211506336e+00
1.068530039308543733e+00
1.067691774342331534e+00
1.066853343700131962e+00
1.066014747770047455e+00
1.065175986941022446e+00
1.064337061602842915e+00
1.063497972146139059e+00
1.062658718962384174e+00
1.061819302443897328e+00
1.060979722983842022e+00
1.060139980976228191e+00
1.059300076815911540e+00
1.058460010898597536e+00
1.057619783620837861e+00
1.056779395380035069e+00
1.055938846574441703e+00
1.055098137603160291e+00
1.054257268866144237e+00
1.053416240764199374e+00
1.052575053698983965e+00
1.051733708073011364e+00
1.050892204289648690e+00
1.050050542753120153e+00
1.049208723868503279e+00
1.048366748041731134e+00
1.047524615679596538e+00
1.046682327189748740e+00
1.045839882980697633e+00
1.044997283461812643e+00
1.044154529043324064e+00
1.043311620136322171e+00
1.042468557152759212e+00
1.041625340505450970e+00
1.040781970608077422e+00
1.039938447875180305e+00
1.039094772722167326e+00
1.038250945565313055e+00
1.037406966821759369e+00
1.036562836909512786e+00
1.035718556247448685e+00
1.034874125255313082e+00
1.034029544353722629e+00
1.033184813964160620e+00
1.032339934508983426e+00
1.031494906411420942e+00
1.030649730095579919e+00
1.029804405986433080e+00
1.028958934509830003e+00
1.028113316092498897e+00
1.027267551162046599e+00
1.026421640146955250e+00
1.025575583476588504e+00
1.024729381581187981e+00
1.023883034891877042e+00
1.023036543840665891e+00
1.022189908860441587e+00
1.021343130384986253e+00
1.020496208848964415e+00
1.019649144687928555e+00
1.018801938338335100e+00
1.017954590237518664e+00
1.017107100823719357e+00
1.016259470536084342e+00
1.015411699814665836e+00
1.014563789100425772e+00
1.013715738835248237e+00
1.012867549461948125e+00
1.012019221424274251e+00
1.011170755166947322e+00
1.010322151135642166e+00
1.009473409777069897e+00
1.008624531538988123e+00
1.007775516870275112e+00
1.006926366221030822e+00
1.006438611360219948e+00
1.005965787080195017e+00
1.005535803433706521e+00
1.005122162059821189e+00
1.004749900441661126e+00
1.004377689004790186e+00
1.004063108177756902e+00
1.003748508997926558e+00
1.003451225478083852e+00
1.003194291547869321e+00
1.002937345421325066e+00
1.002680387110999716e+00
1.002480731419573390e+00
1.002281472254546113e+00
1.002082205783512814e+00
1.001882932012335914e+00
1.001725754048514050e+00
1.001584341087767616e+00
1.001442924458557204e+00
1.001301504162980693e+00
1.001160080203136626e+00
1.001018652581124213e+00
1.000919168621813515e+00
1.000836288995427648e+00
1.000753408113121967e+00
1.000670525975319469e+00
1.000587642582442705e+00
1.000504757934915112e+00
1.000421872033159465e+00
1.000338984877598758e+00
1.000256096468656652e+00
1.000173206806756365e+00
1.000127917715077031e+00
1.000127038815362912e+00
1.000126159915508905e+00
1.000125281015513679e+00
1.000124402115377675e+00
1.000123523215100674e+00
1.000122644314683784e+00
1.000121765414125452e+00
1.000120886513426344e+00
1.000120007612586681e+00
1.000119128711606020e+00
1.000118249810484805e+00
1.000117370909223036e+00
1.000116492007819824e+00
1.000115613106276502e+00
1.000114734204592182e+00
1.000113855302766863e+00
1.000112976400801434e+00
1.000112097498694785e+00
1.000111218596447582e+00
1.000110339694059158e+00
1.000109460791530402e+00
1.000108581888860870e+00
1.000107702986050562e+00
1.000106824083099477e+00
1.000105945180007394e+00
1.000105066276774979e+00
1.000104187373401343e+00
1.000103308469887597e+00
1.000102429566232409e+00
1.000101550662436667e+00
1.000100671758500370e+00
1.000099792854423297e+00
1.000098913950205226e+00
1.000098035045846601e+00
1.000097156141347421e+00
1.000096277236707465e+00
1.000095398331926067e+00
1.000094519427004558e+00
1.000093640521941829e+00
1.000092761616739212e+00
1.000091882711395153e+00
1.000091003805910539e+00
1.000090124900285371e+00
1.000089245994518761e+00
1.000088367088612040e+00
1.000087488182564766e+00
1.000086609276376048e+00
1.000085730370046999e+00
1.000084851463577174e+00
1.000083972556966794e+00
1.000083093650215194e+00
1.000082214743323261e+00
1.000081335836290553e+00
1.000080456929117068e+00
1.000079578021802584e+00
1.000078699114347547e+00
1.000077820206751511e+00
1.000076941299015587e+00
1.000076062391137999e+00
1.000075183483120300e+00
1.000074304574961159e+00
1.000073425666662352e+00
1.000072546758221881e+00
1.000071667849640855e+00
1.000070788940919497e+00
1.000069910032056475e+00
1.000069031123053787e+00
1.000068152213909878e+00
1.000067273304625193e+00
1.000066394395199953e+00
1.000065515485633938e+00
1.000064636575927146e+00
1.000063757666079356e+00
1.000062878756091456e+00
1.000061999845962557e+00
1.000061120935692660e+00
1.000060242025282209e+00
1.000059363114731426e+00
1.000058484204039200e+00
1.000057605293206642e+00
1.000056726382233085e+00
1.000055847471119419e+00
1.000054968559864310e+00
1.000054089648468869e+00
1.000053210736932430e+00
1.000052331825255880e+00
1.000051452913438110e+00
1.000050574001479564e+00
1.000049695089380686e+00
1.000048816177140587e+00
1.000047937264760156e+00
1.000047058352238949e+00
1.000046179439576743e+00
1.000045300526773984e+00
1.000044421613830670e+00
1.000043542700746579e+00
1.000042663787521491e+00
1.000041784874155848e+00
1.000040905960649651e+00
1.000040027047002456e+00
1.000039148133214928e+00
1.000038269219286180e+00
1.000037390305217100e+00
1.000036511391007243e+00
1.000035632476656833e+00
1.000034753562165646e+00
1.000033874647533239e+00
1.000032995732760499e+00
1.000032116817846761e+00
1.000031237902792913e+00
1.000030358987598067e+00
1.000029480072262444e+00
1.000028601156786046e+00
1.000027722241168870e+00
1.000026843325411141e+00
1.000025964409512858e+00
1.000025085493473576e+00
1.000024206577293961e+00
1.000023327660973127e+00
1.000022448744511960e+00
1.000021569827910461e+00
1.000020690911167076e+00
1.000019811994284025e+00
1.000018933077259753e+00
1.000018054160094927e+00
1.000017175242789325e+00
1.000016296325343390e+00
1.000015417407756457e+00
1.000014538490028748e+00
1.000013659572160485e+00
1.000012780654151223e+00
1.000011901736001629e+00
1.000011022817711259e+00
1.000010143899280113e+00
1.000009264980708412e+00
1.000008386061995935e+00
1.000007507143142682e+00
1.000006628224148875e+00
1.000005749305014069e+00
1.000004870385739153e+00
1.000003991466322795e+00
1.000003112546766326e+00
1.000002233627068415e+00
1.000001354707230394e+00
1.000000475787252041e+00
9.999995968671324675e-01
9.999987179468724507e-01
9.999978390264712136e-01
9.999969601059298663e-01
9.999960811852478537e-01
9.999952022644243987e-01
9.999943233434613887e-01
9.999934444223566032e-01
9.999925655011119296e-01
9.999916865797261467e-01
9.999908076581995875e-01
9.999899287365325851e-01
9.999890498147246953e-01
9.999881708927766955e-01
9.999872919706870311e-01
9.999864130484577007e-01
9.999855341260871500e-01
9.999846552035756009e-01
9.999837762809241637e-01
9.999828973581312841e-01
9.999820184351981833e-01
9.999811395121246393e-01
9.999802605889096530e-01
9.999793816655545564e-01
9.999785027420581285e-01
9.999776238184219235e-01
9.999767448946442761e-01
9.999758659707265185e-01
9.999749870466678736e-01
9.999741081224682304e-01
9.999732291981282550e-01
9.999723502736476144e-01
9.999714713490260865e-01
9.999705924242642263e-01
9.999697134993612568e-01
9.999688345743179552e-01
9.999679556491336552e-01
9.999670767238090230e-01
9.999661977983437255e-01
9.999653188727374298e-01
9.999644399469908018e-01
9.999635610211032866e-01
9.999626820950749950e-01
9.999618031689062603e-01
9.999609242425969713e-01
9.999600453161464619e-01
9.999591663895557314e-01
9.999582874628243356e-01
9.999574085359521636e-01
9.999565296089391042e-01
9.999556506817858237e-01
9.999547717544913228e-01
9.999538928270568228e-01
9.999530138994812134e-01
9.999521349717649388e-01
9.999512560439081099e-01
9.999503771159106158e-01
9.999494981877726785e-01
9.999486192594935208e-01
9.999477403310743640e-01
9.999468614025136537e-01
9.999459824738130553e-01
9.999451035449716807e-01
9.999442246159894188e-01
9.999433456868664916e-01
9.999424667576032322e-01
9.999415878281988634e-01
9.999407088986542735e-01
9.999398299689687963e-01
9.999389510391429869e-01
9.999380721091758462e-01
9.999371931790687063e-01
9.999363142488205680e-01
9.999354353184316535e-01
9.999345563879024068e-01
9.999336774572323838e-01
9.999327985264215846e-01
9.999319195954702311e-01
9.999310406643782123e-01
9.999301617331455283e-01
9.999292828017721790e-01
9.999284038702582755e-01
9.999275249386035957e-01
9.999266460068083617e-01
9.999257670748726845e-01
9.999248881427957869e-01
9.999240092105785571e-01
9.999231302782206621e-01
9.999222513457221018e-01
9.999213724130828762e-01
9.999204934803030964e-01
9.999196145473827624e-01
9.999187356143214300e-01
9.999178566811198765e-01
9.999169777477772136e-01
9.999160988142944406e-01
9.999152198806708913e-01
9.999143409469062327e-01
9.999134620130014639e-01
9.999125830789554747e-01
9.999117041447693754e-01
9.999108252104421668e-01
9.999099462759748480e-01
9.999090673413668640e-01
9.999081884066175485e-01
9.999073094717283450e-01
9.999064305366983652e-01
9.999055516015273870e-01
9.999046726662161877e-01
9.999037937307638790e-01
9.999029147951714602e-01
9.999020358594377100e-01
9.999011569235640717e-01
9.999002779875495461e-01
9.998993990513942443e-01
9.998985201150983881e-01
9.998976411786617557e-01
9.998967622420845691e-01
9.998958833053667172e-01
9.998950043685086442e-01
9.998941254315095728e-01
9.998932464943698362e-01
9.998923675570895453e-01
9.998914886196683671e-01
9.998906096821071898e-01
9.998897307444051252e-01
9.998888518065618403e-01
9.998879728685786672e-01
9.998870939304542738e-01
9.998862149921896592e-01
9.998853360537844903e-01
9.998844571152383232e-01
9.998835781765517128e-01
9.998826992377244371e-01
9.998818202987568293e-01
9.998809413596480011e-01
9.998800624203992848e-01
9.998791834810094592e-01
9.998783045414791903e-01
9.998774256018084783e-01
9.998765466619965459e-01
9.998756677220443922e-01
9.998747887819519065e-01
9.998739098417182003e-01
9.998730309013439399e-01
9.998721519608290143e-01
9.998712730201739785e-01
9.998703940793777223e-01
9.998695151384415780e-01
9.998686361973642134e-01
9.998677572561464055e-01
9.998668783147880434e-01
9.998659993732891271e-01
9.998651204316496566e-01
9.998642414898692987e-01
9.998633625479483866e-01
9.998624836058869203e-01
9.998616046636845667e-01
9.998607257213419919e-01
9.998598467788589739e-01
9.998589678362347355e-01
9.998580888934701649e-01
9.998572099505649291e-01
9.998563310075190280e-01
9.998554520643326837e-01
9.998545731210056742e-01
9.998536941775382214e-01
9.998528152339301034e-01
9.998519362901813201e-01
9.998510573462916495e-01
9.998501784022616468e-01
9.998492994580912008e-01
9.998484205137797565e-01
9.998475415693279800e-01
9.998466626247354272e-01
9.998457836800023202e-01
9.998449047351286589e-01
9.998440257901143324e-01
9.998431468449598958e-01
9.998422678996640167e-01
9.998413889542279165e-01
9.998405100086513730e-01
9.998396310629339423e-01
9.998387521170761794e-01
9.998378731710775291e-01
9.998369942249385467e-01
9.998361152786587880e-01
9.998352363322384750e-01
9.998343573856777189e-01
9.998334784389760754e-01
9.998325994921340998e-01
9.998317205451511258e-01
9.998308415980280417e-01
9.998299626507642923e-01
9.998290837033594336e-01
9.998282047558144647e-01
9.998273258081288306e-01
9.998264468603026422e-01
9.998255679123356776e-01
9.998246889642286028e-01
9.998238100159804187e-01
9.998229310675916803e-01
9.998220521190627208e-01
9.998211731703924299e-01
9.998202942215820288e-01
9.998194152726312955e-01
9.998185363235396750e-01
9.998176573743075002e-01
9.998167784249346601e-01
9.998158994754214879e-01
9.998150205257672063e-01
9.998141415759729256e-01
9.998132626260380906e-01
9.998123836759619243e-01
9.998115047257459809e-01
9.998106257753889281e-01
9.998097468248915431e-01
9.998088678742534929e-01
9.998079889234748885e-01
9.998071099725556188e-01
9.998062310214956838e-01
9.998053520702955277e-01
9.998044731189542622e-01
9.998035941674729976e-01
9.998027152158510678e-01
9.998018362640881396e-01
9.998009573121848792e-01
9.998000783601411756e-01
9.997991994079565847e-01
9.997983204556317727e-01
9.997974415031659623e-01
9.997965625505598197e-01
9.997956835978131229e-01
9.997948046449258719e-01
9.997939256918981776e-01
9.997930467387292630e-01
9.997921677854205713e-01
9.997912888319708813e-01
9.997904098783806370e-01
9.997895309246497275e-01
9.997886519707784858e-01
9.997877730167668009e-01
9.997868940626138956e-01
9.997860151083213243e-01
9.997851361538874215e-01
9.997842571993134086e-01
9.997833782445988415e-01
9.997824992897431651e-01
9.997816203347474895e-01
9.997807413796110376e-01
9.997798624243339205e-01
9.997789834689163602e-01
9.997781045133581346e-01
9.997772255576594658e-01
9.997763466018201317e-01
9.997754676458402434e-01
9.997745886897194678e-01
9.997737097334588041e-01
9.997728307770574752e-01
9.997719518205149258e-01
9.997710728638327105e-01
9.997701939070091637e-01
9.997693149500453957e-01
9.997684359929412956e-01
9.997675570356963082e-01
9.997666780783106555e-01
9.997657991207848927e-01
9.997649201631181315e-01
9.997640412053108161e-01
9.997631622473630575e-01
9.997622832892751887e-01
9.997614043310463217e-01
9.997605253726765673e-01
9.997596464141668138e-01
9.997587674555163950e-01
9.997578884967254220e-01
9.997570095377937838e-01
9.997561305787214803e-01
9.997552516195086225e-01
9.997543726601556546e-01
9.997534937006617994e-01
9.997526147410271680e-01
9.997517357812524263e-01
9.997508568213370195e-01
9.997499778612809473e-01
9.997490989010842100e-01
9.997482199407473624e-01
9.997473409802697386e-01
9.997464620196514495e-01
9.997455830588927173e-01
9.997447040979932087e-01
9.997438251369535900e-01
9.997429461757733060e-01
9.997420672144522458e-01
9.997411882529907423e-01
9.997403092913886846e-01
9.997394303296461837e-01
9.997385513677630176e-01
9.997376724057391861e-01
9.997367934435753556e-01
9.997359144812703047e-01
9.997350355188250326e-01
9.997341565562392063e-01
9.997332775935130478e-01
9.997323986306460020e-01
9.997315196676385129e-01
9.997306407044905807e-01
9.997297617412017612e-01
9.997288827777728315e-01
9.997280038142033476e-01
9.997271248504930874e-01
9.997262458866428281e-01
9.997253669226510153e-01
9.997244879585194255e-01
9.997236089942471704e-01
9.997227300298342501e-01
9.997218510652811085e-01
9.997209721005871907e-01
9.997200931357528297e-01
9.997192141707776925e-01
9.997183352056623340e-01
9.997174562404065323e-01
9.997165772750098434e-01
9.997156983094729332e-01
9.997148193437948027e-01
9.997139403779767841e-01
9.997130614120184333e-01
9.997121824459190842e-01
9.997113034796797360e-01
9.997104245132988343e-01
9.997095455467784886e-01
9.997086665801168115e-01
9.997077876133152463e-01
9.997069086463731269e-01
9.997060296792900091e-01
9.997051507120666702e-01
9.997042717447026661e-01
9.997033927771982187e-01
9.997025138095533281e-01
9.997016348417676612e-01
9.997007558738415511e-01
9.996998769057749978e-01
9.996989979375680013e-01
9.996981189692205616e-01
9.996972400007323456e-01
9.996963610321039084e-01
9.996954820633346950e-01
9.996946030944249273e-01
9.996937241253747164e-01
9.996928451561841733e-01
9.996919661868531870e-01
9.996910872173812024e-01
9.996902082477692186e-01
9.996893292780159035e-01
9.996884503081230333e-01
9.996875713380893869e-01
9.996866923679147421e-01
9.996858133976000982e-01
9.996849344271446780e-01
9.996840554565489256e-01
9.996831764858123970e-01
9.996822975149355361e-01
9.996814185439183431e-01
9.996805395727602628e-01
9.996796606014621833e-01
9.996787816300229945e-01
9.996779026584436956e-01
9.996770236867240644e-01
9.996761447148634350e-01
9.996752657428628064e-01
9.996743867707209574e-01
9.996735077984391094e-01
9.996726288260167070e-01
9.996717498534536395e-01
9.996708708807503507e-01
9.996699919079060637e-01
9.996691129349217775e-01
9.996682339617967150e-01
9.996673549885314314e-01
9.996664760151252604e-01
9.996655970415787573e-01
9.996647180678919220e-01
9.996638390940644214e-01
9.996629601200964776e-01
9.996620811459879796e-01
9.996612021717389274e-01
9.996603231973496539e-01
9.996594442228192712e-01
9.996585652481488893e-01
9.996576862733379532e-01
9.996568072983865738e-01
9.996559283232946402e-01
9.996550493480622634e-01
9.996541703726893324e-01
9.996532913971757361e-01
9.996524124215220297e-01
9.996515334457276580e-01
9.996506544697923990e-01
9.996497754937171409e-01
9.996488965175011066e-01
9.996480175411448510e-01
9.996471385646480412e-01
9.996462595880104551e-01
9.996453806112327589e-01
9.996445016343140644e-01
9.996436226572554817e-01
9.996427436800560118e-01
9.996418647027160986e-01
9.996409857252360753e-01
9.996401067476149427e-01
9.996392277698538109e-01
9.996383487919520139e-01
9.996374698139096626e-01
9.996365908357270902e-01
9.996357118574037415e-01
9.996348328789399496e-01
9.996339539003357144e-01
9.996330749215911471e-01
9.996321959427059145e-01
9.996313169636803497e-01
9.996304379845142307e-01
9.996295590052072244e-01
9.996286800257604410e-01
9.996278010461726593e-01
9.996269220664446564e-01
9.996260430865762103e-01
9.996251641065673210e-01
9.996242851264179885e-01
9.996234061461277687e-01
9.996225271656974387e-01
9.996216481851266655e-01
9.996207692044151161e-01
9.996198902235633454e-01
9.996190112425707985e-01
9.996181322614381415e-01
9.996172532801647082e-01
9.996163742987511647e-01
9.996154953171970670e-01
9.996146163355018599e-01
9.996137373536670978e-01
9.996128583716910043e-01
9.996119793895752448e-01
9.996111004073187090e-01
9.996102214249213969e-01
9.996093424423839746e-01
9.996084634597057761e-01
9.996075844768873564e-01
9.996067054939288266e-01
9.996058265108291874e-01
9.996049475275892160e-01
9.996040685442088014e-01
9.996031895606880546e-01
9.996023105770266426e-01
9.996014315932250094e-01
9.996005526092831550e-01
9.995996736252004133e-01
9.995987946409770064e-01
9.995979156566134893e-01
9.995970366721095290e-01
9.995961576874651255e-01
9.995952787026799458e-01
9.995943997177547669e-01
9.995935207326884786e-01
9.995926417474824133e-01
9.995917627621353496e-01
9.995908837766481758e-01
9.995900047910206698e-01
9.995891258052522765e-01
9.995882468193436621e-01
9.995873678332946044e-01
9.995864888471051035e-01
9.995856098607751594e-01
9.995847308743045501e-01
9.995838518876936085e-01
9.995829729009421127e-01
9.995820939140506178e-01
9.995812149270184577e-01
9.995803359398449661e-01
9.995794569525324746e-01
9.995785779650785408e-01
9.995776989774844967e-01
9.995768199897496764e-01
9.995759410018748570e-01
9.995750620138597053e-01
9.995741830257036664e-01
9.995733040374071843e-01
9.995724250489704810e-01
9.995715460603932234e-01
9.995706670716756337e-01
9.995697880828173787e-01
9.995689090938191246e-01
9.995680301046796501e-01
9.995671511154006206e-01
9.995662721259804817e-01
9.995653931364198996e-01
9.995645141467196515e-01
9.995636351568778499e-01
9.995627561668966043e-01
9.995618771767741384e-01
9.995609981865114513e-01
9.995601191961088761e-01
9.995592402055651915e-01
9.995583612148812858e-01
9.995574822240568258e-01
9.995566032330921447e-01
9.995557242419871313e-01
9.995548452507412307e-01
9.995539662593554420e-01
9.995530872678287659e-01
9.995522082761617577e-01
9.995513292843544173e-01
9.995504502924067447e-01
9.995495713003184068e-01
9.995486923080897368e-01
9.995478133157206235e-01
9.995469343232109560e-01
9.995460553305609563e-01
9.995451763377708465e-01
9.995442973448395163e-01
9.995434183517684090e-01
9.995425393585568585e-01
9.995416603652045318e-01
9.995407813717122059e-01
9.995399023780791037e-01
9.995390233843055583e-01
9.995381443903916807e-01
9.995372653963374709e-01
9.995363864021423739e-01
9.995355074078074997e-01
9.995346284133322934e-01
9.995337494187157557e-01
9.995328704239596629e-01
9.995319914290625718e-01
9.995311124340252595e-01
9.995302334388479482e-01
9.995293544435296385e-01
9.995284754480713296e-01
9.995275964524720225e-01
9.995267174567329382e-01
9.995258384608529667e-01
9.995249594648326630e-01
9.995240804686720271e-01
9.995232014723708369e-01
9.995223224759295366e-01
9.995214434793473490e-01
9.995205644826251623e-01
9.995196854857624214e-01
9.995188064887592372e-01
9.995179274916156098e-01
9.995170484943316502e-01
9.995161694969072474e-01
9.995152904993424015e-01
9.995144115016370012e-01
9.995135325037916019e-01
9.995126535058056483e-01
9.995117745076789184e-01
9.995108955094118564e-01
9.995100165110046841e-01
9.995091375124569577e-01
9.995082585137690101e-01
9.995073795149403972e-01
9.995065005159711191e-01
9.995056215168620639e-01
9.995047425176124545e-01
9.995038635182220688e-01
9.995029845186915729e-01
9.995021055190204118e-01
9.995012265192091405e-01
9.995003475192574260e-01
9.994994685191650463e-01
9.994985895189325564e-01
9.994977105185594013e-01
9.994968315180460250e-01
9.994959525173919834e-01
9.994950735165980538e-01
9.994941945156633478e-01
9.994933155145881987e-01
9.994924365133727173e-01
9.994915575120169038e-01
9.994906785105207581e-01
9.994897995088841691e-01
9.994889205071070259e-01
9.994880415051895506e-01
9.994871625031317430e-01
9.994862835009336033e-01
9.994854044985950203e-01
9.994845254961158831e-01
9.994836464934964138e-01
9.994827674907367232e-01
9.994818884878363674e-01
9.994810094847955684e-01
9.994801304816147702e-01
9.994792514782935289e-01
9.994783724748312892e-01
9.994774934712292724e-01
9.994766144674865904e-01
9.994757354636034652e-01
9.994748564595803408e-01
9.994739774554165512e-01
9.994730984511124294e-01
9.994722194466674203e-01
9.994713404420828562e-01
9.994704614373571827e-01
9.994695824324916211e-01
9.994687034274857274e-01
9.994678244223389463e-01
9.994669454170522771e-01
9.994660664116249427e-01
9.994651874060572760e-01
9.994643084003493883e-01
9.994634293945009462e-01
9.994625503885119500e-01
9.994616713823826215e-01
9.994607923761131829e-01
9.994599133697033011e-01
9.994590343631527540e-01
9.994581553564623189e-01
9.994572763496308854e-01
9.994563973426595638e-01
9.994555183355474659e-01
9.994546393282954799e-01
9.994537603209029397e-01
9.994528813133696232e-01
9.994520023056965297e-01
9.994511232978822157e-01
9.994502442899284578e-01
9.994493652818341456e-01
9.994484862735989461e-01
9.994476072652239695e-01
9.994467282567078836e-01
9.994458492480521317e-01
9.994449702392557144e-01
9.994440912303189650e-01
9.994432122212417724e-01
9.994423332120241366e-01
9.994414542026662795e-01
9.994405751931679793e-01
9.994396961835291249e-01
9.994388171737507154e-01
9.994379381638308635e-01
9.994370591537711235e-01
9.994361801435709403e-01
9.994353011332305359e-01
9.994344221227497993e-01
9.994335431121285085e-01
9.994326641013668855e-01
9.994317850904645972e-01
9.994309060794225319e-01
9.994300270682396903e-01
9.994291480569167385e-01
9.994282690454532325e-01
9.994273900338495054e-01
9.994265110221054460e-01
9.994256320102207214e-01
9.994247529981959977e-01
9.994238739860308307e-01
9.994229949737249985e-01
9.994221159612790562e-01
9.994212369486927816e-01
9.994203579359660639e-01
9.994194789230992360e-01
9.994185999100916318e-01
9.994177208969441395e-01
9.994168418836556489e-01
9.994159628702271592e-01
9.994150838566582262e-01
9.994142048429490721e-01
9.994133258290996968e-01
9.994124468151095453e-01
9.994115678009795056e-01
9.994106887867084676e-01
9.994098097722976526e-01
9.994089307577465053e-01
9.994080517430548039e-01
9.994071727282225481e-01
9.994062937132502933e-01
9.994054146981378173e-01
9.994045356828842319e-01
9.994036566674910915e-01
9.994027776519571749e-01
9.994018986362829260e-01
9.994010196204685670e-01
9.994001406045134317e-01
9.993992615884182973e-01
9.993983825721831638e-01
9.993975035558070319e-01
9.993966245392907899e-01
9.993957455226339937e-01
9.993948665058374203e-01
9.993939874889001818e-01
9.993931084718221669e-01
9.993922294546043750e-01
9.993913504372459178e-01
9.993904714197473504e-01
9.993895924021084509e-01
9.993887133843291082e-01
9.993878343664094333e-01
9.993869553483495372e-01
9.993860763301490868e-01
9.993851973118081933e-01
9.993843182933273006e-01
9.993834392747060758e-01
9.993825602559439636e-01
9.993816812370421854e-01
9.993808022179998529e-01
9.993799231988168552e-01
9.993790441794939694e-01
9.993781651600305294e-01
9.993772861404266461e-01
9.993764071206825417e-01
9.993755281007983271e-01
9.993746490807733363e-01
9.993737700606084573e-01
9.993728910403030241e-01
9.993720120198571477e-01
9.993711329992712722e-01
9.993702539785446204e-01
9.993693749576780805e-01
9.993684959366708753e-01
9.993676169155232270e-01
9.993667378942358015e-01
9.993658588728075998e-01
9.993649798512393989e-01
9.993641008295303108e-01
9.993632218076813345e-01
9.993623427856921371e-01
9.993614637635622744e-01
9.993605847412923016e-01
9.993597057188818855e-01
9.993588266963314704e-01
9.993579476736401679e-01
9.993570686508090883e-01
9.993561896278375656e-01
9.993553106047251555e-01
9.993544315814730794e-01
9.993535525580806711e-01
9.993526735345473755e-01
9.993517945108740808e-01
9.993509154870605649e-01
9.993500364631068278e-01
9.993491574390122034e-01
9.993482784147780240e-01
9.993473993904030683e-01
9.993465203658876694e-01
9.993456413412324935e-01
9.993447623164362081e-01
9.993438832915003678e-01
9.993430042664240842e-01
9.993421252412071354e-01
9.993412462158500764e-01
9.993403671903529073e-01
9.993394881647149619e-01
9.993386091389370174e-01
9.993377301130186297e-01
9.993368510869600208e-01
9.993359720607609686e-01
9.993350930344219174e-01
9.993342140079420899e-01
9.993333349813222632e-01
9.993324559545622154e-01
9.993315769276613914e-01
9.993306979006207902e-01
9.993298188734395238e-01
9.993289398461181472e-01
9.993280608186565495e-01
9.993271817910542865e-01
9.993263027633121354e-01
9.993254237354293190e-01
9.993245447074063925e-01
9.993236656792431338e-01
9.993227866509393209e-01
9.993219076224956199e-01
9.993210285939112536e-01
9.993201495651867772e-01
9.993192705363220796e-01
9.993183915073170498e-01
9.993175124781719099e-01
9.993166334488856606e-01
9.993157544194598563e-01
9.993148753898933867e-01
9.993139963601870290e-01
9.993131173303402282e-01
9.993122383003527620e-01
9.993113592702256298e-01
9.993104802399576103e-01
9.993096012095494807e-01
9.993087221790009078e-01
9.993078431483124469e-01
9.993069641174835427e-01
9.993060850865143063e-01
9.993052060554048488e-01
9.993043270241549481e-01
9.993034479927646041e-01
9.993025689612344831e-01
9.993016899295633637e-01
9.993008108977523563e-01
9.992999318658010166e-01
9.992990528337095668e-01
9.992981738014775628e-01
9.992972947691054486e-01
9.992964157365932243e-01
9.992955367039400016e-01
9.992946576711472240e-01
9.992937786382136700e-01
9.992928996051397839e-01
9.992920205719262317e-01
9.992911415385721252e-01
9.992902625050776866e-01
9.992893834714425827e-01
9.992885044376678128e-01
9.992876254037523776e-01
9.992867463696967212e-01
9.992858673355007326e-01
9.992849883011644119e-01
9.992841092666880920e-01
9.992832302320712179e-01
9.992823511973144557e-01
9.992814721624172503e-01
9.992805931273791575e-01
9.992797140922013988e-01
9.992788350568830857e-01
9.992779560214248846e-01
