4.999999999999999112e+00
4.999999817903302279e+00
4.999999635806195109e+00
4.999999453708679376e+00
4.999999271610755969e+00
4.999999089512421335e+00
4.999998907413679916e+00
4.999998725314527270e+00
4.999998543214965174e+00
4.999998361114995404e+00
4.999998179014615296e+00
4.999997996913824849e+00
4.999997814812629393e+00
4.999997632711020934e+00
4.999997450609005689e+00
4.999997268506580994e+00
4.999997086403746849e+00
4.999996904300501477e+00
4.999996722196849319e+00
4.999996540092787711e+00
4.999996357988317541e+00
4.999996175883436145e+00
4.999995993778146186e+00
4.999995811672448554e+00
4.999995629566340583e+00
4.999995447459823161e+00
4.999995265352898066e+00
4.999995083245561744e+00
4.999994901137817749e+00
4.999994719029664303e+00
4.999994536921102295e+00
4.999994354812130837e+00
4.999994172702749040e+00
4.999993990592958681e+00
4.999993808482759761e+00
4.999993626372151390e+00
4.999993444261132680e+00
4.999993262149707185e+00
4.999993080037870463e+00
4.999992897925625179e+00
4.999992715812971333e+00
4.999992533699906261e+00
4.999992351586434403e+00
4.999992169472552206e+00
4.999991987358261447e+00
4.999991805243561238e+00
4.999991623128451579e+00
4.999991441012932469e+00
4.999991258897004798e+00
4.999991076780667676e+00
4.999990894663921992e+00
4.999990712546765081e+00
4.999990530429201385e+00
4.999990348311226462e+00
4.999990166192844754e+00
4.999989984074052707e+00
4.999989801954852098e+00
4.999989619835241150e+00
4.999989437715219864e+00
4.999989255594791793e+00
4.999989073473953383e+00
4.999988891352705522e+00
4.999988709231048212e+00
4.999988527108984115e+00
4.999988344986508793e+00
4.999988162863624908e+00
4.999987980740330684e+00
4.999987798616627899e+00
4.999987616492515663e+00
4.999987434367994865e+00
4.999987252243063729e+00
4.999987070117724031e+00
4.999986887991975770e+00
4.999986705865817171e+00
4.999986523739250011e+00
4.999986341612275176e+00
4.999986159484889114e+00
4.999985977357093603e+00
4.999985795228889529e+00
4.999985613100276005e+00
4.999985430971253031e+00
4.999985248841821495e+00
4.999985066711981396e+00
4.999984884581730071e+00
4.999984702451071961e+00
4.999984520320002623e+00
4.999984338188524724e+00
4.999984156056636486e+00
4.999983973924339686e+00
4.999983791791633436e+00
4.999983609658520400e+00
4.999983427524995250e+00
4.999983245391061537e+00
4.999983063256720150e+00
4.999982881121967537e+00
4.999982698986806362e+00
4.999982516851235737e+00
4.999982334715256549e+00
4.999982152578867023e+00
4.999981970442069823e+00
4.999981788304861396e+00
4.999981606167245296e+00
4.999981424029219745e+00
4.999981241890783856e+00
4.999981059751938517e+00
4.999980877612686392e+00
4.999980695473023928e+00
4.999980513332951126e+00
4.999980331192469762e+00
4.999980149051578060e+00
4.999979966910278684e+00
4.999979784768568969e+00
4.999979602626450692e+00
4.999979420483923853e+00
4.999979238340986676e+00
4.999979056197640048e+00
4.999978874053884859e+00
4.999978691909720219e+00
4.999978509765145240e+00
4.999978327620160812e+00
4.999978145474768709e+00
4.999977963328966268e+00
4.999977781182756154e+00
4.999977599036135700e+00
4.999977416889105797e+00
4.999977234741666443e+00
4.999977052593818527e+00
4.999976870445559385e+00
4.999976688296893457e+00
4.999976506147817190e+00
4.999976323998331473e+00
4.999976141848436306e+00
4.999975959698133465e+00
4.999975777547419398e+00
4.999975595396296768e+00
4.999975413244763800e+00
4.999975231092823158e+00
4.999975048940471289e+00
4.999974866787712635e+00
4.999974684634543642e+00
4.999974502480964311e+00
4.999974320326976418e+00
4.999974138172579075e+00
4.999973956017774057e+00
4.999973773862557813e+00
4.999973591706933007e+00
4.999973409550898751e+00
4.999973227394454156e+00
4.999973045237601887e+00
4.999972863080339280e+00
4.999972680922668111e+00
4.999972498764588380e+00
4.999972316606096534e+00
4.999972134447197902e+00
4.999971952287888044e+00
4.999971770128169624e+00
4.999971587968042641e+00
4.999971405807505320e+00
4.999971223646560325e+00
4.999971041485204992e+00
4.999970859323438432e+00
4.999970677161265975e+00
4.999970494998682291e+00
4.999970312835690045e+00
4.999970130672288349e+00
4.999969948508476314e+00
4.999969766344253941e+00
4.999969584179624782e+00
4.999969402014585285e+00
4.999969219849136337e+00
4.999969037683279716e+00
4.999968855517011868e+00
4.999968673350334569e+00
4.999968491183248709e+00
4.999968309015752510e+00
4.999968126847849526e+00
4.999967944679534426e+00
4.999967762510810765e+00
4.999967580341678541e+00
4.999967398172135091e+00
4.999967216002183967e+00
4.999967033831823393e+00
4.999966851661052480e+00
4.999966669489873006e+00
4.999966487318284081e+00
4.999966305146285706e+00
4.999966122973876992e+00
4.999965940801061492e+00
4.999965758627834767e+00
4.999965576454200367e+00
4.999965394280154740e+00
4.999965212105699663e+00
4.999965029930836025e+00
4.999964847755562047e+00
4.999964665579880396e+00
4.999964483403787519e+00
4.999964301227286079e+00
4.999964119050375189e+00
4.999963936873054848e+00
4.999963754695326834e+00
4.999963572517187593e+00
4.999963390338639790e+00
4.999963208159682537e+00
4.999963025980314946e+00
4.999962843800538792e+00
4.999962661620352300e+00
4.999962479439758134e+00
4.999962297258753630e+00
4.999962115077339675e+00
4.999961932895516270e+00
4.999961750713284303e+00
4.999961568530641998e+00
4.999961386347590242e+00
4.999961204164129036e+00
4.999961021980258380e+00
4.999960839795980050e+00
4.999960657611290493e+00
4.999960475426192374e+00
4.999960293240683917e+00
4.999960111054767786e+00
4.999959928868440429e+00
4.999959746681704509e+00
4.999959564494560027e+00
4.999959382307006095e+00
4.999959200119040936e+00
4.999959017930668104e+00
4.999958835741883156e+00
4.999958653552691423e+00
4.999958471363089352e+00
4.999958289173079606e+00
4.999958106982659523e+00
4.999957924791829100e+00
4.999957742600589228e+00
4.999957560408939017e+00
4.999957378216882020e+00
4.999957196024413797e+00
4.999957013831537012e+00
4.999956831638250776e+00
4.999956649444555090e+00
4.999956467250449066e+00
4.999956285055934480e+00
4.999956102861009555e+00
4.999955920665676956e+00
4.999955738469933131e+00
4.999955556273781632e+00
4.999955374077218906e+00
4.999955191880248506e+00
4.999955009682866880e+00
4.999954827485075803e+00
4.999954645286876165e+00
4.999954463088268852e+00
4.999954280889249425e+00
4.999954098689820547e+00
4.999953916489983996e+00
4.999953734289737994e+00
4.999953552089080766e+00
4.999953369888015864e+00
4.999953187686540623e+00
4.999953005484655932e+00
4.999952823282361791e+00
4.999952641079658200e+00
4.999952458876545158e+00
4.999952276673022666e+00
4.999952094469091612e+00
4.999951912264750220e+00
4.999951730059999377e+00
4.999951547854838196e+00
4.999951365649268453e+00
4.999951183443290148e+00
4.999951001236902393e+00
4.999950819030103411e+00
4.999950636822895866e+00
4.999950454615277984e+00
4.999950272407252427e+00
4.999950090198817421e+00
4.999949907989970299e+00
4.999949725780716392e+00
4.999949543571052146e+00
4.999949361360977562e+00
4.999949179150494416e+00
4.999948996939601820e+00
4.999948814728299773e+00
4.999948632516589164e+00
4.999948450304467329e+00
4.999948268091936932e+00
4.999948085878996196e+00
4.999947903665646898e+00
4.999947721451887261e+00
4.999947539237719063e+00
4.999947357023141414e+00
4.999947174808154315e+00
4.999946992592757766e+00
4.999946810376949990e+00
4.999946628160734541e+00
4.999946445944108753e+00
4.999946263727074403e+00
4.999946081509629714e+00
4.999945899291776463e+00
4.999945717073511986e+00
4.999945534854839835e+00
4.999945352635757345e+00
4.999945170416265405e+00
4.999944988196364015e+00
4.999944805976052287e+00
4.999944623755331996e+00
4.999944441534203143e+00
4.999944259312663064e+00
4.999944077090713535e+00
4.999943894868357219e+00
4.999943712645588789e+00
4.999943530422410909e+00
4.999943348198823578e+00
4.999943165974826798e+00
4.999942983750420566e+00
4.999942801525605773e+00
4.999942619300380642e+00
4.999942437074746948e+00
4.999942254848702028e+00
4.999942072622249434e+00
4.999941890395384725e+00
4.999941708168113230e+00
4.999941525940431397e+00
4.999941343712339226e+00
4.999941161483837604e+00
4.999940979254928308e+00
4.999940797025607786e+00
4.999940614795877813e+00
4.999940432565739279e+00
4.999940250335189518e+00
4.999940068104231194e+00
4.999939885872862533e+00
4.999939703641086197e+00
4.999939521408898635e+00
4.999939339176302511e+00
4.999939156943296936e+00
4.999938974709881911e+00
4.999938792476055660e+00
4.999938610241822623e+00
4.999938428007178359e+00
4.999938245772122869e+00
4.999938063536660593e+00
4.999937881300787978e+00
4.999937699064505914e+00
4.999937516827814399e+00
4.999937334590711657e+00
4.999937152353200354e+00
4.999936970115279600e+00
4.999936787876950284e+00
4.999936605638210629e+00
4.999936423399060637e+00
4.999936241159502970e+00
4.999936058919533188e+00
4.999935876679156621e+00
4.999935694438368827e+00
4.999935512197171583e+00
4.999935329955565777e+00
4.999935147713549632e+00
4.999934965471122261e+00
4.999934783228289881e+00
4.999934600985042721e+00
4.999934418741389663e+00
4.999934236497325379e+00
4.999934054252851645e+00
4.999933872007967572e+00
4.999933689762675826e+00
4.999933507516972853e+00
4.999933325270860429e+00
4.999933143024340332e+00
4.999932960777409008e+00
4.999932778530069122e+00
4.999932596282317121e+00
4.999932414034158334e+00
4.999932231785590098e+00
4.999932049536610634e+00
4.999931867287222609e+00
4.999931685037423357e+00
4.999931502787216431e+00
4.999931320536598278e+00
4.999931138285571564e+00
4.999930956034135399e+00
4.999930773782288895e+00
4.999930591530033830e+00
4.999930409277368426e+00
4.999930227024294460e+00
4.999930044770808379e+00
4.999929862516916401e+00
4.999929680262611420e+00
4.999929498007897877e+00
4.999929315752776660e+00
4.999929133497241551e+00
4.999928951241300545e+00
4.999928768984950089e+00
4.999928586728187518e+00
4.999928404471018162e+00
4.999928222213435802e+00
4.999928039955445769e+00
4.999927857697046285e+00
4.999927675438237351e+00
4.999927493179018967e+00
4.999927310919390244e+00
4.999927128659352071e+00
4.999926946398903560e+00
4.999926764138046487e+00
4.999926581876779963e+00
4.999926399615102213e+00
4.999926217353015900e+00
4.999926035090520138e+00
4.999925852827614925e+00
4.999925670564299374e+00
4.999925488300575260e+00
4.999925306036440809e+00
4.999925123771896907e+00
4.999924941506942666e+00
4.999924759241578975e+00
4.999924576975806723e+00
4.999924394709624131e+00
4.999924212443031202e+00
4.999924030176029710e+00
4.999923847908617880e+00
4.999923665640796600e+00
4.999923483372565869e+00
4.999923301103926576e+00
4.999923118834874280e+00
4.999922936565416087e+00
4.999922754295546667e+00
4.999922572025267797e+00
4.999922389754578589e+00
4.999922207483479930e+00
4.999922025211971821e+00
4.999921842940053374e+00
4.999921660667726364e+00
4.999921478394990793e+00
4.999921296121843994e+00
4.999921113848286858e+00
4.999920931574322047e+00
4.999920749299946010e+00
4.999920567025161411e+00
4.999920384749964697e+00
4.999920202474361197e+00
4.999920020198347359e+00
4.999919837921922294e+00
4.999919655645088667e+00
4.999919473367845590e+00
4.999919291090193063e+00
4.999919108812130197e+00
4.999918926533658770e+00
4.999918744254776115e+00
4.999918561975484899e+00
4.999918379695783344e+00
4.999918197415672338e+00
4.999918015135151883e+00
4.999917832854221089e+00
4.999917650572880845e+00
4.999917468291132039e+00
4.999917286008972006e+00
4.999917103726402523e+00
4.999916921443424478e+00
4.999916739160036094e+00
4.999916556876236484e+00
4.999916374592030088e+00
4.999916192307411578e+00
4.999916010022386281e+00
4.999915827736947982e+00
4.999915645451101120e+00
4.999915463164844809e+00
4.999915280878178159e+00
4.999915098591102947e+00
4.999914916303618284e+00
4.999914734015723283e+00
4.999914551727417944e+00
4.999914369438704043e+00
4.999914187149578026e+00
4.999914004860044336e+00
4.999913822570101196e+00
4.999913640279748606e+00
4.999913457988984788e+00
4.999913275697813297e+00
4.999913093406229692e+00
4.999912911114238412e+00
4.999912728821835906e+00
4.999912546529024837e+00
4.999912364235803430e+00
4.999912181942171685e+00
4.999911999648130490e+00
4.999911817353681620e+00
4.999911635058821524e+00
4.999911452763550201e+00
4.999911270467870317e+00
4.999911088171780982e+00
4.999910905875283085e+00
4.999910723578373961e+00
4.999910541281055387e+00
4.999910358983326475e+00
4.999910176685189001e+00
4.999909994386641188e+00
4.999909812087683036e+00
4.999909629788316323e+00
4.999909447488539271e+00
4.999909265188352769e+00
4.999909082887756817e+00
4.999908900586749638e+00
4.999908718285334785e+00
4.999908535983509594e+00
4.999908353681272288e+00
4.999908171378628197e+00
4.999907989075572878e+00
4.999907806772108998e+00
4.999907624468233891e+00
4.999907442163949334e+00
4.999907259859254438e+00
4.999907077554152757e+00
4.999906895248638072e+00
4.999906712942714826e+00
4.999906530636382129e+00
4.999906348329639982e+00
4.999906166022487497e+00
4.999905983714925561e+00
4.999905801406953287e+00
4.999905619098572451e+00
4.999905436789780389e+00
4.999905254480577987e+00
4.999905072170967912e+00
4.999904889860945723e+00
4.999904707550517635e+00
4.999904525239675657e+00
4.999904342928426004e+00
4.999904160616766902e+00
4.999903978304696572e+00
4.999903795992215905e+00
4.999903613679328451e+00
4.999903431366028883e+00
4.999903249052320753e+00
4.999903066738201396e+00
4.999902884423672589e+00
4.999902702108734331e+00
4.999902519793387512e+00
4.999902337477629466e+00
4.999902155161461081e+00
4.999901972844885023e+00
4.999901790527898626e+00
4.999901608210501003e+00
4.999901425892694817e+00
4.999901243574478293e+00
4.999901061255851431e+00
4.999900878936816007e+00
4.999900696617370244e+00
4.999900514297514142e+00
4.999900331977249479e+00
4.999900149656574477e+00
4.999899967335488249e+00
4.999899785013993458e+00
4.999899602692090106e+00
4.999899420369776415e+00
4.999899238047051497e+00
4.999899055723917130e+00
4.999898873400373311e+00
4.999898691076420043e+00
4.999898508752056436e+00
4.999898326427283379e+00
4.999898144102099984e+00
4.999897961776506250e+00
4.999897779450503954e+00
4.999897597124091320e+00
4.999897414797269235e+00
4.999897232470036812e+00
4.999897050142395827e+00
4.999896867814343615e+00
4.999896685485882841e+00
4.999896503157010841e+00
4.999896320827730278e+00
4.999896138498038489e+00
4.999895956167939026e+00
4.999895773837426560e+00
4.999895591506506420e+00
4.999895409175175054e+00
4.999895226843436014e+00
4.999895044511285747e+00
4.999894862178726029e+00
4.999894679845755974e+00
4.999894497512376468e+00
4.999894315178587512e+00
4.999894132844387329e+00
4.999893950509779472e+00
4.999893768174760389e+00
4.999893585839332744e+00
4.999893403503492983e+00
4.999893221167245549e+00
4.999893038830586001e+00
4.999892856493518778e+00
4.999892674156039440e+00
4.999892491818152429e+00
4.999892309479853303e+00
4.999892127141147391e+00
4.999891944802030253e+00
4.999891762462502776e+00
4.999891580122564960e+00
4.999891397782218583e+00
4.999891215441460979e+00
4.999891033100294813e+00
4.999890850758718308e+00
4.999890668416731465e+00
4.999890486074335172e+00
4.999890303731529428e+00
4.999890121388312458e+00
4.999889939044687814e+00
4.999889756700651056e+00
4.999889574356206623e+00
4.999889392011350964e+00
4.999889209666084966e+00
4.999889027320409518e+00
4.999888844974324620e+00
4.999888662627831160e+00
4.999888480280925585e+00
4.999888297933610559e+00
4.999888115585885195e+00
4.999887933237753046e+00
4.999887750889207894e+00
4.999887568540252403e+00
4.999887386190889238e+00
4.999887203841114847e+00
4.999887021490931893e+00
4.999886839140336825e+00
4.999886656789334083e+00
4.999886474437919226e+00
4.999886292086095807e+00
4.999886109733862938e+00
4.999885927381219730e+00
4.999885745028166184e+00
4.999885562674704076e+00
4.999885380320830741e+00
4.999885197966547956e+00
4.999885015611854833e+00
4.999884833256752259e+00
4.999884650901239347e+00
4.999884468545317873e+00
4.999884286188986060e+00
4.999884103832241244e+00
4.999883921475090531e+00
4.999883739117526815e+00
4.999883556759556313e+00
4.999883374401172809e+00
4.999883192042382518e+00
4.999883009683181001e+00
4.999882827323569146e+00
4.999882644963546952e+00
4.999882462603115307e+00
4.999882280242274213e+00
4.999882097881023668e+00
4.999881915519361897e+00
4.999881733157290675e+00
4.999881550794810003e+00
4.999881368431918993e+00
4.999881186068617644e+00
4.999881003704907734e+00
4.999880821340786596e+00
4.999880638976255121e+00
4.999880456611315083e+00
4.999880274245964706e+00
4.999880091880203992e+00
4.999879909514032938e+00
4.999879727147454211e+00
4.999879544780462481e+00
4.999879362413063077e+00
4.999879180045251559e+00
4.999878997677032366e+00
4.999878815308402835e+00
4.999878632939361189e+00
4.999878450569911870e+00
4.999878268200052212e+00
4.999878085829782215e+00
4.999877903459103656e+00
4.999877721088013871e+00
4.999877538716512859e+00
4.999877356344603285e+00
4.999877173972284261e+00
4.999876991599554010e+00
4.999876809226415197e+00
4.999876626852865158e+00
4.999876444478905668e+00
4.999876262104536728e+00
4.999876079729756562e+00
4.999875897354567833e+00
4.999875714978967878e+00
4.999875532602958472e+00
4.999875350226540505e+00
4.999875167849712199e+00
4.999874985472471778e+00
4.999874803094821907e+00
4.999874620716763474e+00
4.999874438338293814e+00
4.999874255959415592e+00
4.999874073580127032e+00
4.999873891200426357e+00
4.999873708820318896e+00
4.999873526439798432e+00
4.999873344058869407e+00
4.999873161677530931e+00
4.999872979295783004e+00
4.999872796913623851e+00
4.999872614531056136e+00
4.999872432148076307e+00
4.999872249764687915e+00
4.999872067380888296e+00
4.999871884996680116e+00
4.999871702612061597e+00
4.999871520227030963e+00
4.999871337841593544e+00
4.999871155455745786e+00
4.999870973069485913e+00
4.999870790682816590e+00
4.999870608295737817e+00
4.999870425908249594e+00
4.999870243520351032e+00
4.999870061132042132e+00
4.999869878743323781e+00
4.999869696354195092e+00
4.999869513964656065e+00
4.999869331574707587e+00
4.999869149184348771e+00
4.999868966793580505e+00
4.999868784402401012e+00
4.999868602010812069e+00
4.999868419618812787e+00
4.999868237226404055e+00
4.999868054833584985e+00
4.999867872440357353e+00
4.999867690046719382e+00
4.999867507652670184e+00
4.999867325258209760e+00
4.999867142863342551e+00
4.999866960468061450e+00
4.999866778072374451e+00
4.999866595676275338e+00
4.999866413279765887e+00
4.999866230882846985e+00
4.999866048485517744e+00
4.999865866087779054e+00
4.999865683689628248e+00
4.999865501291070657e+00
4.999865318892100063e+00
4.999865136492721795e+00
4.999864954092932301e+00
4.999864771692732468e+00
4.999864589292124073e+00
4.999864406891105340e+00
4.999864224489676268e+00
4.999864042087834193e+00
4.999863859685587109e+00
4.999863677282926133e+00
4.999863494879856596e+00
4.999863312476377608e+00
4.999863130072487394e+00
4.999862947668188617e+00
4.999862765263477726e+00
4.999862582858357385e+00
4.999862400452828481e+00
4.999862218046888351e+00
4.999862035640538771e+00
4.999861853233778852e+00
4.999861670826608595e+00
4.999861488419027999e+00
4.999861306011038842e+00
4.999861123602638457e+00
4.999860941193828623e+00
4.999860758784606674e+00
4.999860576374977050e+00
4.999860393964937089e+00
4.999860211554485012e+00
4.999860029143624374e+00
4.999859846732354285e+00
4.999859664320673858e+00
4.999859481908582204e+00
4.999859299496081988e+00
4.999859117083170545e+00
4.999858934669849653e+00
4.999858752256117533e+00
4.999858569841977740e+00
4.999858387427425832e+00
4.999858205012463586e+00
4.999858022597092777e+00
4.999857840181310742e+00
4.999857657765119257e+00
4.999857475348518321e+00
4.999857292931506159e+00
4.999857110514085434e+00
4.999856928096252595e+00
4.999856745678010306e+00
4.999856563259358566e+00
4.999856380840296488e+00
4.999856198420823183e+00
4.999856016000941317e+00
4.999855833580649112e+00
4.999855651159945680e+00
4.999855468738833686e+00
4.999855286317310465e+00
4.999855103895377795e+00
4.999854921473034786e+00
4.999854739050281438e+00
4.999854556627117752e+00
4.999854374203544616e+00
4.999854191779562029e+00
4.999854009355167328e+00
4.999853826930364065e+00
4.999853644505150463e+00
4.999853462079525634e+00
4.999853279653492244e+00
4.999853097227048515e+00
4.999852914800193560e+00
4.999852732372930042e+00
4.999852549945255298e+00
4.999852367517170215e+00
4.999852185088675682e+00
4.999852002659771699e+00
4.999851820230456489e+00
4.999851637800730053e+00
4.999851455370595055e+00
4.999851272940049718e+00
4.999851090509094931e+00
4.999850908077729805e+00
4.999850725645953453e+00
4.999850543213767651e+00
4.999850360781171510e+00
4.999850178348165031e+00
4.999849995914749101e+00
4.999849813480923721e+00
4.999849631046685339e+00
4.999849448612039282e+00
4.999849266176983775e+00
4.999849083741516154e+00
4.999848901305638194e+00
4.999848718869349895e+00
4.999848536432653034e+00
4.999848353995546724e+00
4.999848171558029186e+00
4.999847989120101310e+00
4.999847806681762208e+00
4.999847624243013655e+00
4.999847441803857429e+00
4.999847259364288199e+00
4.999847076924309519e+00
4.999846894483920501e+00
4.999846712043122032e+00
4.999846529601913225e+00
4.999846347160294080e+00
4.999846164718263708e+00
4.999845982275824774e+00
4.999845799832975501e+00
4.999845617389715891e+00
4.999845434946045053e+00
4.999845252501964765e+00
4.999845070057474139e+00
4.999844887612574063e+00
4.999844705167264536e+00
4.999844522721542894e+00
4.999844340275410914e+00
4.999844157828870372e+00
4.999843975381918604e+00
4.999843792934556497e+00
4.999843610486785828e+00
4.999843428038603044e+00
4.999843245590011698e+00
4.999843063141009125e+00
4.999842880691596214e+00
4.999842698241774741e+00
4.999842515791542041e+00
4.999842333340898115e+00
4.999842150889844739e+00
4.999841968438382800e+00
4.999841785986507858e+00
4.999841603534224355e+00
4.999841421081529624e+00
4.999841238628424556e+00
4.999841056174910925e+00
4.999840873720986956e+00
4.999840691266651760e+00
4.999840508811908002e+00
4.999840326356752129e+00
4.999840143901186806e+00
4.999839961445212033e+00
4.999839778988825145e+00
4.999839596532028807e+00
4.999839414074823019e+00
4.999839231617206892e+00
4.999839049159180426e+00
4.999838866700743623e+00
4.999838684241895592e+00
4.999838501782639000e+00
4.999838319322970293e+00
4.999838136862893911e+00
4.999837954402406304e+00
4.999837771941507469e+00
4.999837589480199185e+00
4.999837407018480562e+00
4.999837224556352488e+00
4.999837042093814077e+00
4.999836859630863550e+00
4.999836677167505350e+00
4.999836494703735035e+00
4.999836312239555269e+00
4.999836129774965165e+00
4.999835947309964723e+00
4.999835764844554831e+00
4.999835582378733712e+00
4.999835399912502254e+00
4.999835217445860458e+00
4.999835034978809212e+00
4.999834852511347627e+00
4.999834670043476592e+00
4.999834487575193442e+00
4.999834305106501731e+00
4.999834122637398792e+00
4.999833940167885515e+00
4.999833757697962788e+00
4.999833575227629723e+00
4.999833392756885431e+00
4.999833210285732576e+00
4.999833027814167608e+00
4.999832845342192300e+00
4.999832662869809319e+00
4.999832480397013335e+00
4.999832297923807012e+00
4.999832115450193015e+00
4.999831932976166904e+00
4.999831750501731342e+00
4.999831568026884554e+00
4.999831385551627427e+00
4.999831203075961739e+00
4.999831020599883935e+00
4.999830838123397569e+00
4.999830655646499977e+00
4.999830473169192047e+00
4.999830290691474666e+00
4.999830108213346058e+00
4.999829925734808000e+00
4.999829743255859604e+00
4.999829560776499093e+00
4.999829378296730908e+00
4.999829195816550609e+00
4.999829013335960859e+00
4.999828830854959882e+00
4.999828648373550344e+00
4.999828465891728690e+00
4.999828283409498475e+00
4.999828100926856145e+00
4.999827918443805252e+00
4.999827735960342245e+00
4.999827553476470676e+00
4.999827370992188769e+00
4.999827188507495634e+00
4.999827006022393050e+00
4.999826823536879239e+00
4.999826641050955978e+00
4.999826458564621490e+00
4.999826276077878440e+00
4.999826093590723275e+00
4.999825911103157772e+00
4.999825728615182818e+00
4.999825546126798415e+00
4.999825363638001896e+00
4.999825181148796815e+00
4.999824998659179620e+00
4.999824816169152975e+00
4.999824633678715990e+00
4.999824451187867780e+00
4.999810966582619365e+00
4.999795825897417778e+00
4.999780682388077935e+00
4.999765536053894621e+00
4.999750386894173282e+00
4.999735234908213144e+00
4.999720080095316099e+00
4.999704922454783151e+00
4.999689761985912639e+00
4.999674598688007343e+00
4.999659432560366490e+00
4.999641277467193667e+00
4.999615357900768942e+00
4.999589430069130813e+00
4.999563493968784300e+00
4.999537549596233532e+00
4.999511596947979974e+00
4.999485636020523316e+00
4.999454576304109388e+00
4.999417998576214828e+00
4.999381404413160368e+00
4.999344793805154730e+00
4.999308166742401305e+00
4.999264643087366622e+00
4.999217427049548412e+00
4.999170183668452339e+00
4.999122912923080087e+00
4.999066109309047157e+00
4.999008244347025176e+00
4.998950338383105318e+00
4.998883601497954743e+00
4.998815084330265002e+00
4.998743991019755306e+00
4.998664846092370162e+00
4.998585624659542148e+00
4.998495946090161013e+00
4.998406046671239444e+00
4.998227003486603870e+00
4.998047568742165048e+00
4.997867741304516720e+00
4.997687520036257602e+00
4.997506903795948752e+00
4.997325891438075374e+00
4.997144481813025507e+00
4.996962673767063379e+00
4.996780466142311639e+00
4.996597857776721163e+00
4.996414847504063950e+00
4.996231434153901141e+00
4.996047616551575032e+00
4.995863393518181539e+00
4.995678763870555983e+00
4.995493726421256220e+00
4.995308279978535992e+00
4.995122423346335161e+00
4.994936155324255722e+00
4.994749474707546710e+00
4.994562380287074888e+00
4.994374870849319414e+00
4.994186945176350534e+00
4.993998602045796709e+00
4.993809840230844621e+00
4.993620658500208087e+00
4.993431055618104963e+00
4.993241030344253595e+00
4.993050581433834623e+00
4.992859707637489208e+00
4.992668407701281730e+00
4.992476680366692676e+00
4.992284524370592891e+00
4.992091938445224919e+00
4.991898921318185245e+00
4.991705471712396758e+00
4.991511588346098982e+00
4.991317269932814327e+00
4.991122515181341868e+00
4.990927322795726262e+00
4.990731691475240872e+00
4.990535619914367338e+00
4.990339106802769820e+00
4.990142150825282563e+00
4.989944750661882367e+00
4.989746904987665488e+00
4.989548612472831657e+00
4.989349871782660983e+00
4.989150681577489088e+00
4.988951040512690227e+00
4.988750947238651534e+00
4.988550400400751705e+00
4.988349398639343235e+00
4.988147940589718665e+00
4.987946024882106144e+00
4.987743650141630347e+00
4.987540814988299154e+00
4.987337518036975226e+00
4.987133757897358244e+00
4.986929533173962703e+00
4.986724842466088603e+00
4.986519684367803684e+00
4.986314057467915895e+00
4.986107960349957402e+00
4.985901391592152621e+00
4.985694349767400446e+00
4.985486833443245835e+00
4.985278841181859377e+00
4.985070371540010647e+00
4.984861423069050446e+00
4.984651994314877044e+00
4.984442083817917535e+00
4.984231690113104740e+00
4.984020811729848788e+00
4.983809447192013131e+00
4.983597595017891457e+00
4.983385253720180152e+00
4.983172421805959651e+00
4.982959097776655355e+00
4.982745280128029641e+00
4.982530967350142781e+00
4.982316157927336064e+00
4.982100850338195386e+00
4.981885043055538809e+00
4.981668734546383703e+00
4.981451923271915661e+00
4.981234607687468952e+00
4.981016786242501659e+00
4.980798457380561928e+00
4.980579619539269309e+00
4.980360271150275686e+00
4.980140410639252835e+00
4.979920036425857788e+00
4.979699146923703523e+00
4.979477740540335873e+00
4.979255815677205987e+00
4.979033370729636587e+00
4.978810404086799757e+00
4.978586914131692076e+00
4.978362899241093764e+00
4.978138357785554469e+00
4.977913288129357738e+00
4.977687688630491714e+00
4.977461557640624257e+00
4.977234893505069202e+00
4.977007694562762374e+00
4.976779959146225174e+00
4.976551685581545037e+00
4.976322872188338131e+00
4.976093517279724487e+00
4.975863619162291585e+00
4.975633176136072144e+00
4.975402186494508605e+00
4.975170648524423811e+00
4.974938560505992591e+00
4.974705920712708007e+00
4.974472727411355599e+00
4.974238978861975191e+00
4.974004673317835135e+00
4.973769809025402111e+00
4.973534384224296723e+00
4.973298397147286387e+00
4.973061846020226717e+00
4.972824729062049975e+00
4.972587044484719776e+00
4.972348790493205328e+00
4.972109965285445909e+00
4.971870567052323331e+00
4.971630593977621082e+00
4.971390044237996797e+00
4.971148916002951168e+00
4.970907207434785313e+00
4.970664916688575019e+00
4.970422041912136990e+00
4.970178581245989768e+00
4.969934532823325313e+00
4.969689894769969030e+00
4.969444665204348688e+00
4.969198842237463332e+00
4.968952423972837096e+00
4.968705408506498777e+00
4.968457793926932986e+00
4.968209578315053498e+00
4.967960759744167731e+00
4.967711336279929668e+00
4.967461305980322983e+00
4.967210666895605087e+00
4.966959417068284921e+00
4.966707554533077662e+00
4.966455077316873634e+00
4.966201983438699230e+00
4.965948270909676943e+00
4.965693937732992502e+00
4.965438981903854909e+00
4.965183401409457353e+00
4.964927194228940799e+00
4.964670358333355793e+00
4.964412891685626050e+00
4.964154792240506708e+00
4.963896057944539031e+00
4.963636686736030867e+00
4.963376676544991817e+00
4.963116025293117239e+00
4.962854730893734967e+00
4.962592791251763558e+00
4.962330204263678546e+00
4.962066967817480467e+00
4.961803079792628246e+00
4.961538538060026760e+00
4.961273340481963778e+00
4.961007484912085985e+00
4.960740969195343908e+00
4.960473791167958169e+00
4.960205948657376851e+00
4.959937439482224875e+00
4.959668261452274685e+00
4.959398412368393849e+00
4.959127890022504204e+00
4.958856692197544547e+00
4.958584816667412909e+00
4.958312261196942572e+00
4.958039023541839896e+00
4.957765101448652345e+00
4.957490492654720526e+00
4.957215194888126675e+00
4.956939205867663567e+00
4.956662523302775014e+00
4.956385144893519445e+00
4.956107068330524612e+00
4.955828291294933408e+00
4.955548811458365677e+00
4.955268626482872918e+00
4.954987734020880552e+00
4.954706131715152395e+00
4.954423817198740032e+00
4.954140788094932191e+00
4.953857042017209444e+00
4.953572576569200692e+00
4.953287389344621872e+00
4.953001477927243101e+00
4.952714839890828280e+00
4.952427472799090680e+00
4.952139374205644984e+00
4.951850541653951332e+00
4.951560972677273575e+00
4.951270664798625099e+00
4.950979615530712863e+00
4.950687822375898328e+00
4.950395282826134391e+00
4.950101994362924529e+00
4.949807954457258852e+00
4.949513160569575909e+00
4.949217610149703184e+00
4.948921300636798470e+00
4.948624229459311685e+00
4.948326394034917364e+00
4.948027791770469364e+00
4.947728420061947574e+00
4.947428276294393079e+00
4.947127357841872630e+00
4.946825662067403151e+00
4.946523186322911769e+00
4.946219927949175421e+00
4.945915884275761343e+00
4.945611052620977333e+00
4.945305430291812243e+00
4.944999014583878250e+00
4.944691802781359335e+00
4.944383792156942903e+00
4.944074979971777140e+00
4.943765363475398189e+00
4.943454939905683077e+00
4.943143706488783096e+00
4.942831660439073183e+00
4.942518798959079973e+00
4.942205119239437394e+00
4.941890618458819162e+00
4.941575293783868617e+00
4.941259142369159640e+00
4.940942161357114948e+00
4.940624347877956346e+00
4.940305699049639898e+00
4.939986211977792863e+00
4.939665883755652409e+00
4.939344711464005222e+00
4.939022692171112894e+00
4.938699822932663075e+00
4.938376100791698420e+00
4.938051522778552638e+00
4.937726085910782103e+00
4.937399787193109901e+00
4.937072623617347666e+00
4.936744592162344958e+00
4.936415689793910211e+00
4.936085913464748565e+00
4.935755260114392584e+00
4.935423726669140976e+00
4.935091310041988422e+00
4.934758007132548308e+00
4.934423814826995880e+00
4.934088729997992750e+00
4.933752749504621171e+00
4.933415870192310315e+00
4.933078088892766999e+00
4.932739402423907293e+00
4.932399807589782803e+00
4.932059301180508726e+00
4.931717879972194574e+00
4.931375540726868678e+00
4.931032280192406247e+00
4.930688095102460977e+00
4.930342982176378896e+00
4.929996938119137084e+00
4.929649959621264621e+00
4.929302043358761765e+00
4.928953185993036001e+00
4.928603384170812340e+00
4.928252634524069364e+00
4.927900933669955741e+00
4.927548278210710286e+00
4.927194664733591800e+00
4.926840089810795575e+00
4.926484549999375240e+00
4.926128041841161931e+00
4.925770561862692354e+00
4.925412106575116411e+00
4.925052672474125259e+00
4.924692256039866933e+00
4.924330853736869074e+00
4.923968462013946557e+00
4.923605077304130440e+00
4.923240696024578256e+00
4.922875314576488748e+00
4.922508929345021933e+00
4.922141536699217390e+00
4.921773132991896560e+00
4.921403714559592579e+00
4.921033277722451693e+00
4.920661818784150654e+00
4.920289334031812345e+00
4.919915819735915186e+00
4.919541272150203426e+00
4.919165687511600993e+00
4.918789062040118232e+00
4.918411391938767530e+00
4.918032673393466503e+00
4.917652902572952733e+00
4.917272075628685180e+00
4.916890188694758912e+00
4.916507237887808301e+00
4.916123219306911984e+00
4.915738129033505821e+00
4.915351963131278090e+00
4.914964717646084225e+00
4.914576388605844670e+00
4.914186972020451627e+00
4.913796463881668686e+00
4.913404860163036680e+00
4.913012156819777765e+00
4.912618349788689720e+00
4.912223434988047366e+00
4.911827408317510191e+00
4.911430265658015770e+00
4.911032002871677626e+00
4.910632615801684864e+00
4.910232100272203581e+00
4.909830452088265851e+00
4.909427667035672016e+00
4.909023740880883224e+00
4.908618669370919285e+00
4.908212448233247649e+00
4.907805073175683042e+00
4.907396539886278219e+00
4.906986844033208506e+00
4.906575981264681197e+00
4.906163947208804998e+00
4.905750737473496770e+00
4.905336347646361617e+00
4.904920773294588088e+00
4.904504009964827382e+00
4.904086053183091209e+00
4.903666898454630108e+00
4.903246541263825087e+00
4.902824977074070389e+00
4.902402201327653586e+00
4.901978209445647217e+00
4.901552996827788000e+00
4.901126558852359594e+00
4.900698890876070024e+00
4.900269988233935337e+00
4.899839846239168573e+00
4.899408460183039438e+00
4.898975825334771272e+00
4.898541936941408714e+00
4.898106790227694241e+00
4.897670380395950929e+00
4.897232702625953671e+00
4.896793752074800388e+00
4.896353523876791236e+00
4.895912013143295383e+00
4.895469214962634652e+00
4.895025124399937866e+00
4.894579736497023603e+00
4.894133046272266085e+00
4.893685048720465502e+00
4.893235738812710345e+00
4.892785111496252171e+00
4.892333161694360832e+00
4.891879884306206350e+00
4.891425274206704366e+00
4.890969326246395354e+00
4.890512035251294520e+00
4.890053396022763010e+00
4.889593403337364919e+00
4.889132051946724289e+00
4.888669336577387448e+00
4.888205251930682671e+00
4.887739792682573636e+00
4.887272953483515536e+00
4.886804728958312083e+00
4.886335113705969846e+00
4.885864102299551703e+00
4.885391689286027628e+00
4.884917869186124584e+00
4.884442636494179979e+00
4.883965985677992450e+00
4.883487911178662877e+00
4.883008407410449614e+00
4.882527468760609501e+00
4.882045089589247766e+00
4.881561264229157260e+00
4.881075986985664805e+00
4.880589252136473100e+00
4.880101053931499955e+00
4.879611386592723754e+00
4.879120244314016475e+00
4.878627621260980263e+00
4.878133511570792891e+00
4.877637909352035450e+00
4.877140808684528928e+00
4.876642203619170779e+00
4.876142088177762624e+00
4.875640456352844154e+00
4.875137302107522608e+00
4.874632619375305786e+00
4.874126402059921759e+00
4.873618644035150993e+00
4.873109339144652274e+00
4.872598481201785958e+00
4.872086063989431004e+00
4.871572081259821552e+00
4.871056526734350633e+00
4.870539394103399644e+00
4.870020677026155376e+00
4.869500369130419948e+00
4.868978464012438501e+00
4.868454955236707349e+00
4.867929836335784799e+00
4.867403100810106409e+00
4.866874742127793141e+00
4.866344753724465733e+00
4.865813129003044857e+00
4.865279861333567268e+00
4.864744944052980635e+00
4.864208370464957909e+00
4.863670133839686827e+00
4.863130227413685169e+00
4.862588644389591153e+00
4.862045377935961810e+00
4.861500421187082033e+00
4.860953767242745194e+00
4.860405409168053303e+00
4.859855339993208290e+00
4.859303552713311269e+00
4.858750040288142280e+00
4.858194795641948893e+00
4.857637811663241934e+00
4.857079081204573434e+00
4.856518597082318145e+00
4.855956352076464810e+00
4.855392338930393237e+00
4.854826550350645142e+00
4.854258979006718988e+00
4.853689617530829281e+00
4.853118458517688083e+00
4.852545494524279412e+00
4.851970718069628319e+00
4.851394121634567291e+00
4.850815697661508885e+00
4.850235438554211242e+00
4.849653336677540949e+00
4.849069384357237666e+00
4.848483573879676101e+00
4.847895897491619088e+00
4.847306347399986670e+00
4.846714915771598520e+00
4.846121594732940352e+00
4.845526376369907240e+00
4.844929252727560254e+00
4.844330215809868889e+00
4.843729257579463265e+00
4.843126369957382771e+00
4.842521544822808721e+00
4.841914774012809453e+00
4.841306049322088967e+00
4.840695362502710708e+00
4.840082705263840879e+00
4.839468069271481987e+00
4.838851446148195734e+00
4.838232827472842779e+00
4.837612204780311842e+00
4.836989569561234603e+00
4.836364913261718357e+00
4.835738227283060020e+00
4.835109502981474350e+00
4.834478731667803508e+00
4.833845904607239952e+00
4.833211013019027114e+00
4.832574048076179629e+00
4.831935000905188460e+00
4.831293862585731347e+00
4.830650624150370831e+00
4.830005276584260265e+00
4.829357810824845387e+00
4.828708217761552568e+00
4.828056488235499266e+00
4.827402613039169843e+00
4.826746582916115358e+00
4.826088388560638265e+00
4.825428020617477110e+00
4.824765469681492114e+00
4.824100726297345432e+00
4.823433780959176964e+00
4.822764624110284615e+00
4.822093246142792111e+00
4.821419637397321267e+00
4.820743788162662469e+00
4.820065688675435389e+00
4.819385329119754147e+00
4.818702699626885355e+00
4.818017790274906176e+00
4.817330591088355263e+00
4.816641092037893479e+00
4.815949283039947737e+00
4.815255153956353062e+00
4.814558694593999100e+00
4.813859894704475728e+00
4.813158743983701804e+00
4.812455232071565447e+00
4.811749348551552785e+00
4.811041082950378467e+00
4.810330424737610855e+00
4.809617363325292771e+00
4.808901888067561359e+00
4.808183988260269714e+00
4.807463653140588988e+00
4.806740871886630018e+00
4.806015633617034766e+00
4.805287927390595293e+00
4.804557742205845194e+00
4.803825067000658144e+00
4.803089890651847327e+00
4.802352201974739998e+00
4.801611989722781360e+00
4.800869242587107344e+00
4.800123949196123618e+00
4.799376098115087252e+00
4.798625677845671511e+00
4.797872676825540417e+00
4.797117083427912654e+00
4.796358885961120144e+00
4.795598072668168399e+00
4.794834631726285323e+00
4.794068551246475351e+00
4.793299819273062923e+00
4.792528423783229741e+00
4.791754352686559137e+00
4.790977593824569780e+00
4.790198134970243160e+00
4.789415963827543088e+00
4.788631068030949400e+00
4.787843435144962356e+00
4.787053052663623909e+00
4.786259908010016773e+00
4.785463988535779478e+00
4.784665281520593894e+00
4.783863774171691396e+00
4.783059453623334178e+00
4.782252306936307207e+00
4.781442321097395087e+00
4.780629483018859816e+00
4.779813779537911422e+00
4.778995197416173291e+00
4.778173723339149248e+00
4.777349343915673785e+00
4.776522045677365824e+00
4.775691815078082492e+00
4.774858638493349794e+00
4.774022502219803066e+00
4.773183392474622977e+00
4.772341295394955552e+00
4.771496197037333964e+00
4.770648083377095006e+00
4.769796940307791999e+00
4.768942753640590837e+00
4.768085509103673125e+00
4.767225192341629558e+00
4.766361788914847075e+00
4.765495284298888912e+00
4.764625663883877316e+00
4.763752912973855835e+00
4.762877016786156936e+00
4.761997960450750966e+00
4.761115729009616437e+00
4.760230307416064122e+00
4.759341680534089569e+00
4.758449833137707863e+00
4.757554749910271497e+00
4.756656415443814012e+00
4.755754814238343897e+00
4.754849930701154470e+00
4.753941749146135543e+00
4.753030253793057547e+00
4.752115428766873428e+00
4.751197258096990339e+00
4.750275725716552877e+00
4.749350815461710340e+00
4.748422511070876872e+00
4.747490796183989836e+00
4.746555654341758412e+00
4.745617068984907760e+00
4.744675023453413409e+00
4.743729500985753411e+00
4.742780484718107203e+00
4.741827957683578454e+00
4.740871902811403693e+00
4.739912302926157395e+00
4.738949140746948174e+00
4.737982398886622981e+00
4.737012059850932211e+00
4.736038106037714357e+00
4.735060519736068230e+00
4.734079283125506521e+00
4.733094378275128911e+00
4.732105787142812048e+00
4.731113491574304497e+00
4.730117473302382969e+00
4.729117713945976575e+00
4.728114195009320397e+00
4.727106897881097503e+00
4.726095803833521458e+00
4.725080894021447264e+00
4.724062149481491169e+00
4.723039551131136271e+00
4.722013079767907406e+00
4.720982716068387042e+00
4.719948440587335092e+00
4.718910233756773209e+00
4.717868075885067292e+00
4.716821947156014438e+00
4.715771827627912138e+00
4.714717697232704730e+00
4.713659535775024167e+00
4.712597322931242338e+00
4.711531038248561565e+00
4.710460661144144190e+00
4.709386170904119595e+00
4.708307546682675593e+00
4.707224767501164031e+00
4.706137812247200181e+00
4.705046659673691956e+00
4.703951288397925978e+00
4.702851676900714040e+00
4.701747803525465841e+00
4.700639646477237754e+00
4.699527183821857079e+00
4.698410393485093373e+00
4.697289253251702767e+00
4.696163740764537131e+00
4.695033833523693190e+00
4.693899508885714056e+00
4.692760744062627332e+00
4.691617516121113773e+00
4.690469801981719478e+00
4.689317578418023658e+00
4.688160822055752242e+00
4.686999509371987394e+00
4.685833616694432990e+00
4.684663120200569075e+00
4.683487995916850721e+00
4.682308219717966402e+00
4.681123767326119456e+00
4.679934614310221619e+00
4.678740736085168272e+00
4.677542107911122571e+00
4.676338704892809339e+00
4.675130501978785880e+00
4.673917473960756297e+00
4.672699595472860956e+00
4.671476840991005020e+00
4.670249184832198530e+00
4.669016601153874291e+00
4.667779063953143570e+00
4.666536547066230334e+00
4.665289024167790011e+00
4.664036468770213162e+00
4.662778854222870528e+00
4.661516153711558808e+00
4.660248340257764355e+00
4.658975386717955303e+00
4.657697265782934970e+00
4.656413949977073585e+00
4.655125411657487611e+00
4.653831623013426899e+00
4.652532556065421154e+00
4.651228182664411293e+00
4.649918474491039788e+00
4.648603403054728744e+00
4.647282939692684245e+00
4.645957055569133409e+00
4.644625721674259466e+00
4.643288908823105743e+00
4.641946587654675049e+00
4.640598728630756398e+00
4.639245302034683327e+00
4.637886277970282300e+00
4.636521626360557313e+00
4.635151316946306110e+00
4.633775319284884731e+00
4.632393602748751782e+00
4.631006136523932781e+00
4.629612889608587523e+00
4.628213830811403362e+00
4.626808928749928107e+00
4.625398151848915340e+00
4.623981468338589806e+00
4.622558846252836418e+00
4.621130253427354617e+00
4.619695657497780772e+00
4.618255025897777699e+00
4.616808325856998962e+00
4.615355524399072706e+00
4.613896588339643223e+00
4.612431484284152283e+00
4.610960178625719941e+00
4.609482637543131922e+00
4.607998826998514375e+00
4.606508712735109867e+00
4.605012260275231029e+00
4.603509434917883780e+00
4.602000201736469620e+00
4.600484525576693073e+00
4.598962371054218679e+00
4.597433702552291557e+00
4.595898484219638647e+00
4.594356679968161217e+00
4.592808253470541224e+00
4.591253168158138998e+00
4.589691387218726604e+00
4.588122873594063122e+00
4.586547589977873152e+00
4.584965498813623697e+00
4.583376562292167833e+00
4.581780742349702784e+00
4.580178000665394933e+00
4.578568298659429381e+00
4.576951597490745982e+00
4.575327858054852648e+00
4.573697040981869577e+00
4.572059106634166703e+00
4.570414015104470096e+00
4.568761726213612206e+00
4.567102199508474847e+00
4.565435394260003221e+00
4.563761269460928638e+00
4.562079783823888235e+00
4.560390895779230291e+00
4.558694563472958095e+00
4.556990744764620516e+00
4.555279397225274529e+00
4.553560478135392664e+00
4.551833944482746475e+00
4.550099752960323762e+00
4.548357859964193395e+00
4.546608221591394994e+00
4.544850793637785991e+00
4.543085531595925985e+00
4.541312390652892717e+00
4.539531325688106911e+00
4.537742291271135819e+00
4.535945241659486094e+00
4.534140130796370904e+00
4.532326912308477951e+00
4.530505539503678847e+00
4.528675965368769596e+00
4.526838142567147116e+00
4.524992023436502642e+00
4.523137559986452949e+00
4.521274703896206226e+00
4.519403406512157773e+00
4.517523618845483924e+00
4.515635291569727094e+00
4.513738375018346183e+00
4.511832819182244769e+00
4.509918573707294875e+00
4.507995587891818090e+00
4.506063810684069360e+00
4.504123190679683475e+00
4.502173676119118895e+00
4.500215214885054493e+00
4.498247754499799633e+00
4.496271242122650058e+00
4.494285624547310398e+00
4.492290848199093745e+00
4.490286859132381458e+00
4.488273603027829850e+00
4.486251025189795349e+00
4.484219070543363550e+00
4.482177683631711318e+00
4.480126808613388079e+00
4.478066389259495850e+00
4.475996368950772464e+00
4.473916690674885288e+00
4.471827297023589942e+00
4.469728130189803750e+00
4.467619131964692514e+00
4.465500243734839891e+00
4.463371406479316406e+00
4.461232560766716482e+00
4.459083646752267427e+00
4.456924604174808735e+00
4.454755372353795373e+00
4.452575890186339258e+00
4.450386096144147707e+00
4.448185928270535605e+00
4.445975324177344312e+00
4.443754221041862351e+00
4.441522555603761191e+00
4.439280264161975964e+00
4.437027282571614606e+00
4.434763546240809262e+00
4.432488990127554374e+00
4.430203548736568742e+00
4.427907156116090981e+00
4.425599745854711387e+00
4.423281251078146958e+00
4.420951604446014649e+00
4.418610738148598394e+00
4.416258583903604595e+00
4.413895072952873200e+00
4.411520136059126074e+00
4.409133703502640778e+00
4.406735705077973186e+00
4.404326070090615275e+00
4.401904727353669777e+00
4.399471605184502643e+00
4.397026631401391050e+00
4.394569733320141225e+00
4.392100837750712472e+00
4.389619870993828776e+00
4.387126758837565532e+00
4.384621426553941603e+00
4.382103798895491842e+00
4.379573800091832503e+00
4.377031353846211559e+00
4.374476383332067897e+00
4.371908811189558541e+00
4.369328559522088540e+00
4.366735549892838186e+00
4.364129703321276921e+00
4.361510940279663906e+00
4.358879180689560151e+00
4.356234343918313101e+00
4.353576348775556326e+00
4.350905113509687894e+00
4.348220555804353182e+00
4.345522592774925918e+00
4.342811140964976779e+00
4.340086116342749989e+00
4.337347434297631033e+00
4.334595009636611707e+00
4.331828756580766715e+00
4.329048588761715166e+00
4.326254419218090064e+00
4.323446160392032667e+00
4.320623724125452370e+00
4.317787021657385260e+00
4.314935963618700576e+00
4.312070460030345664e+00
4.309190420299083613e+00
4.306295753214029354e+00
4.303386366943107610e+00
4.300462169029751536e+00
4.297523066389237201e+00
4.294568965305328945e+00
4.291599771426693799e+00
4.288615389763675623e+00
4.285615724684577188e+00
4.282600679912484942e+00
4.279570158521698531e+00
4.276524062934448978e+00
4.273462294917445448e+00
4.270384755578561453e+00
4.267291345363493527e+00
4.264181964052441209e+00
4.261056510756819904e+00
4.257914883915976390e+00
4.254756981293941642e+00
4.251582699976224511e+00
4.248391936366614274e+00
4.245184586184013398e+00
4.241960544459275617e+00
4.238719705532131066e+00
4.235461963048114953e+00
4.232187209955506901e+00
4.228895338502323575e+00
4.225586240233387691e+00
4.222259805987349068e+00
4.218915925893829133e+00
4.215554489370576086e+00
4.212175385120629834e+00
4.208778501129594396e+00
4.205363724662907643e+00
4.201930942263187418e+00
4.198480039747609638e+00
4.195010902205348557e+00
4.191523413995073000e+00
4.188017458742490540e+00
4.184492919337949424e+00
4.180949677934111541e+00
4.177387615943671584e+00
4.173806614037155249e+00
4.170206552140765410e+00
4.166587309434313546e+00
4.162948764349208908e+00
4.159290794566527616e+00
4.155613277015147489e+00
4.151916087869966354e+00
4.148199102550195860e+00
4.144462195717739661e+00
4.140705241275646209e+00
4.136928112366660137e+00
4.133130681371842030e+00
4.129312819909308985e+00
4.125474398833030243e+00
4.121615288231751606e+00
4.117735357427994458e+00
4.113834474977169364e+00
4.109912508666782038e+00
4.105969325515753887e+00
4.102004791773844694e+00
4.098018772921185437e+00
4.094011133667929236e+00
4.089981737954011543e+00
4.085930448949039118e+00
4.081857129052290034e+00
4.077761639892821144e+00
4.073643842329503606e+00
4.069503596452796579e+00
4.065340761583881246e+00
4.061155196270666679e+00
4.056946758301891442e+00
4.052715304694787690e+00
4.048460691700821457e+00
4.044182774808477987e+00
4.039881408742532543e+00
4.035556447466455587e+00
4.031207744184058583e+00
4.026835151341357388e+00
4.022438520628154102e+00
4.018017702980663408e+00
4.013572548583669075e+00
4.009102906873051708e+00
4.004608626538537663e+00
4.000089555526554541e+00
3.995545541043131088e+00
3.990976429557210103e+00
3.986382066804240232e+00
3.981762297789483540e+00
3.977116966792022534e+00
3.972445917368628621e+00
3.967748992358193671e+00
3.963026033885403532e+00
3.958276883366470322e+00
3.953501381512622537e+00
3.948699368337091453e+00
3.943870683158150925e+00
3.939015164605379926e+00
3.934132650625760785e+00
3.929222978488686291e+00
3.924285984793802307e+00
3.919321505475272360e+00
3.914329375809801004e+00
3.909309430422210241e+00
3.904261503292948188e+00
3.899185427766111101e+00
3.894081036556369391e+00
3.888948161757280975e+00
3.883786634848198638e+00
3.878596286703324569e+00
3.873376947599458386e+00
3.868128447225785305e+00
3.862850614691955897e+00
3.857543278537677978e+00
3.852206266743211760e+00
3.846839406737407430e+00
3.841442525409531683e+00
3.836015449117819998e+00
3.830558003701034053e+00
3.825070014489138970e+00
3.819551306314628025e+00
3.814001703523986819e+00
3.808421029988317219e+00
3.802809109116744857e+00
3.797165763867016874e+00
3.791490816759707450e+00
3.785784089889483450e+00
3.780045404939022635e+00
3.774274583192089860e+00
3.768471445546323739e+00
3.762635812529010249e+00
3.756767504308676120e+00
3.750866340710657276e+00
3.744932141232161005e+00
3.738964725059685801e+00
3.732963911077699315e+00
3.726929517888784460e+00
3.720861363828422252e+00
3.714759266983401975e+00
3.708623045204256119e+00
3.702452516122850312e+00
2.543579026273127042e+00
2.542594916239211855e+00
2.541610424965315751e+00
2.540625552451477365e+00
2.539640298698078613e+00
2.538654663705843362e+00
2.537668647475843642e+00
2.536682250009495210e+00
2.535695471308558435e+00
2.534708311375144074e+00
2.533720770211705720e+00
2.532732847821049571e+00
2.531744544206326886e+00
2.530755859371041083e+00
2.529766793319042861e+00
2.528777346054535968e+00
2.527787517582074983e+00
2.526797307906566648e+00
2.525806717033268978e+00
2.524815744967796594e+00
2.523824391716114945e+00
2.522832657284546976e+00
2.521840541679768677e+00
2.520848044908813979e+00
2.519855166979072969e+00
2.518861907898293229e+00
2.517868267674581606e+00
2.516874246316401109e+00
2.515879843832577123e+00
2.514885060232295633e+00
2.513889895525098783e+00
2.512894349720896869e+00
2.511898422829958122e+00
2.510902114862914924e+00
2.509905425830763814e+00
2.508908355744867258e+00
2.507910904616949654e+00
2.506913072459101777e+00
2.505914859283782992e+00
2.504916265103816819e+00
2.503917289932396706e+00
2.502917933783083804e+00
2.501918196669807859e+00
2.500918078606870321e+00
2.499917579608941232e+00
2.498916699691063670e+00
2.497915438868650195e+00
2.496913797157489068e+00
2.495911774573741138e+00
2.494909371133939402e+00
2.493906586854993446e+00
2.492903421754188553e+00
2.491899875849183932e+00
2.490895949158019818e+00
2.489891641699109481e+00
2.488886953491247223e+00
2.487881884553605705e+00
2.486876434905736843e+00
2.485870604567574027e+00
2.484864393559430784e+00
2.483857801902002560e+00
2.482850829616368937e+00
2.481843476723989639e+00
2.480835743246709857e+00
2.479827629206761141e+00
2.478819134626757847e+00
2.477810259529702908e+00
2.476801003938982060e+00
2.475791367878374505e+00
2.474781351372041804e+00
2.473770954444537651e+00
2.472760177120805203e+00
2.471749019426176641e+00
2.470737481386376277e+00
2.469725563027520998e+00
2.468713264376118488e+00
2.467700585459070339e+00
2.466687526303672939e+00
2.465674086937615250e+00
2.464660267388983694e+00
2.463646067686261709e+00
2.462631487858325752e+00
2.461616527934453735e+00
2.460601187944318813e+00
2.459585467917996926e+00
2.458569367885959256e+00
2.457552887879081105e+00
2.456536027928637456e+00
2.455518788066304303e+00
2.454501168324162208e+00
2.453483168734694964e+00
2.452464789330788708e+00
2.451446030145736810e+00
2.450426891213235869e+00
2.449407372567390162e+00
2.448387474242729844e+00
2.447367196274139012e+00
2.446346538696961392e+00
2.445325501546935509e+00
2.444304084860206228e+00
2.443282288673332303e+00
2.442260113023281498e+00
2.441237557947435466e+00
2.440214623483589307e+00
2.439191309669949348e+00
2.438167616545137584e+00
2.437143544148193897e+00
2.436119092518570284e+00
2.435094261696136186e+00
2.434069051721179378e+00
2.433043462634405962e+00
2.432017494476940822e+00
2.430991147290327170e+00
2.429964421116530104e+00
2.428937315997936164e+00
2.427909831977351551e+00
2.426881969098008796e+00
2.425853727403559201e+00
2.424825106938082175e+00
2.423796107746079453e+00
2.422766729872480873e+00
2.421736973362641265e+00
2.420706838262341343e+00
2.419676324617792584e+00
2.418645432475632351e+00
2.417614161882930102e+00
2.416582512887182066e+00
2.415550485536320124e+00
2.414518079878702927e+00
2.413485295963125221e+00
2.412452133838814738e+00
2.411418593555429091e+00
2.410384675163065538e+00
2.409350378712255658e+00
2.408315704253964906e+00
2.407280651839599273e+00
2.406245221520998623e+00
2.405209413350446024e+00
2.404173227380660194e+00
2.403136663664800832e+00
2.402099722256469949e+00
2.401062403209709206e+00
2.400024706579003908e+00
2.398986632419282117e+00
2.397948180785915540e+00
2.396909351734722193e+00
2.395870145321964184e+00
2.394830561604349928e+00
2.393790600639033261e+00
2.392750262483620105e+00
2.391709547196161800e+00
2.390668454835158663e+00
2.389626985459563979e+00
2.388585139128779122e+00
2.387542915902658436e+00
2.386500315841509234e+00
2.385457339006090027e+00
2.384413985457616736e+00
2.383370255257757808e+00
2.382326148468636440e+00
2.381281665152835902e+00
2.380236805373391995e+00
2.379191569193800149e+00
2.378145956678017203e+00
2.377099967890455634e+00
2.376053602895988881e+00
2.375006861759954901e+00
2.373959744548148620e+00
2.372912251326830813e+00
2.371864382162726326e+00
2.370816137123020972e+00
2.369767516275367303e+00
2.368718519687885937e+00
2.367669147429159793e+00
2.366619399568243409e+00
2.365569276174654956e+00
2.364518777318386888e+00
2.363467903069897957e+00
2.362416653500117203e+00
2.361365028680447065e+00
2.360313028682762049e+00
2.359260653579406952e+00
2.358207903443203524e+00
2.357154778347446467e+00
2.356101278365905660e+00
2.355047403572829712e+00
2.353993154042938407e+00
2.352938529851436922e+00
2.351883531074002942e+00
2.350828157786795547e+00
2.349772410066455652e+00
2.348716287990102902e+00
2.347659791635339666e+00
2.346602921080250148e+00
2.345545676403403057e+00
2.344488057683851601e+00
2.343430065001131268e+00
2.342371698435267380e+00
2.341312958066769312e+00
2.340253843976633163e+00
2.339194356246346640e+00
2.338134494957882392e+00
2.337074260193706454e+00
2.336013652036774690e+00
2.334952670570531463e+00
2.333891315878917183e+00
2.332829588046364755e+00
2.331767487157799579e+00
2.330705013298643546e+00
2.329642166554811489e+00
2.328578947012717837e+00
2.327515354759272181e+00
2.326451389881882381e+00
2.325387052468456783e+00
2.324322342607400671e+00
2.323257260387622036e+00
2.322191805898529360e+00
2.321125979230033831e+00
2.320059780472548461e+00
2.318993209716992521e+00
2.317926267054788436e+00
2.316858952577861341e+00
2.315791266378646629e+00
2.314723208550085509e+00
2.313654779185626342e+00
2.312585978379226859e+00
2.311516806225352827e+00
2.310447262818982939e+00
2.309377348255606588e+00
2.308307062631222983e+00
2.307236406042346033e+00
2.306165378586003456e+00
2.305093980359738559e+00
2.304022211461606240e+00
2.302950071990181868e+00
2.301877562044556846e+00
2.300804681724336387e+00
2.299731431129650616e+00
2.298657810361146581e+00
2.297583819519989579e+00
2.296509458707870266e+00
2.295434728026997551e+00
2.294359627580105698e+00
2.293284157470452556e+00
2.292208317801819106e+00
2.291132108678512580e+00
2.290055530205366896e+00
2.288978582487743108e+00
2.287901265631530290e+00
2.286823579743145096e+00
2.285745524929534422e+00
2.284667101298177627e+00
2.283588308957081647e+00
2.282509148014788547e+00
2.281429618580373742e+00
2.280349720763443777e+00
2.279269454674142104e+00
2.278188820423147742e+00
2.277107818121675287e+00
2.276026447881476233e+00
2.274944709814841204e+00
2.273862604034600388e+00
2.272780130654121766e+00
2.271697289787315999e+00
2.270614081548634200e+00
2.269530506053069718e+00
2.268446563416160355e+00
2.267362253753987034e+00
2.266277577183174685e+00
2.265192533820896248e+00
2.264107123784870890e+00
2.263021347193364008e+00
2.261935204165189894e+00
2.260848694819711735e+00
2.259761819276844275e+00
2.258674577657052485e+00
2.257586970081352895e+00
2.256498996671314483e+00
2.255410657549060005e+00
2.254321952837267773e+00
2.253232882659174319e+00
2.252143447138567733e+00
2.251053646399794772e+00
2.249963480567756857e+00
2.248872949767918072e+00
2.247782054126298057e+00
2.246690793769479555e+00
2.245599168824607528e+00
2.244507179419385601e+00
2.243414825682082725e+00
2.242322107741532733e+00
2.241229025727131674e+00
2.240135579768842256e+00
2.239041769997196951e+00
2.237947596543290008e+00
2.236853059538788990e+00
2.235758159115925903e+00
2.234662895407507399e+00
2.233567268546909457e+00
2.232471278668076931e+00
2.231374925905531548e+00
2.230278210394366578e+00
2.229181132270249499e+00
2.228083691669424660e+00
2.226985888728710172e+00
2.225887723585502798e+00
2.224789196377777500e+00
2.223690307244086117e+00
2.222591056323562242e+00
2.221491443755919448e+00
2.220391469681452179e+00
2.219291134241037966e+00
2.218190437576136098e+00
2.217089379828792062e+00
2.215987961141635321e+00
2.214886181657880648e+00
2.213784041521329460e+00
2.212681540876372033e+00
2.211578679867986175e+00
2.210475458641739888e+00
2.209371877343790036e+00
2.208267936120885455e+00
2.207163635120368728e+00
2.206058974490171742e+00
2.204953954378822800e+00
2.203848574935443505e+00
2.202742836309753205e+00
2.201636738652066327e+00
2.200530282113294156e+00
2.199423466844946162e+00
2.198316292999132671e+00
2.197208760728562638e+00
2.196100870186545873e+00
2.194992621526994814e+00
2.193884014904424529e+00
2.192775050473953158e+00
2.191665728391303691e+00
2.190556048812803525e+00
2.189446011895388899e+00
2.188335617796600463e+00
2.187224866674588597e+00
2.186113758688112085e+00
2.185002293996540779e+00
2.183890472759853374e+00
2.182778295138641411e+00
2.181665761294109274e+00
2.180552871388073743e+00
2.179439625582966222e+00
2.178326024041834508e+00
2.177212066928340128e+00
2.176097754406765894e+00
2.174983086642007901e+00
2.173868063799584416e+00
2.172752686045632320e+00
2.171636953546908888e+00
2.170520866470793120e+00
2.169404424985287072e+00
2.168287629259015414e+00
2.167170479461228538e+00
2.166052975761800337e+00
2.164935118331232644e+00
2.163816907340651241e+00
2.162698342961813847e+00
2.161579425367103457e+00
2.160460154729535898e+00
2.159340531222755821e+00
2.158220555021039377e+00
2.157100226299295542e+00
2.155979545233066563e+00
2.154858511998530624e+00
2.153737126772497845e+00
2.152615389732417395e+00
2.151493301056373486e+00
2.150370860923089378e+00
2.149248069511928261e+00
2.148124927002890594e+00
2.147001433576617657e+00
2.145877589414395992e+00
2.144753394698149407e+00
2.143628849610449194e+00
2.142503954334510130e+00
2.141378709054190033e+00
2.140253113953995534e+00
2.139127169219078528e+00
2.138000875035241055e+00
2.136874231588931750e+00
2.135747239067250280e+00
2.134619897657946019e+00
2.133492207549421593e+00
2.132364168930731552e+00
2.131235781991584588e+00
2.130107046922341762e+00
2.128977963914020499e+00
2.127848533158296807e+00
2.126718754847499948e+00
2.125588629174619548e+00
2.124458156333304704e+00
2.123327336517863095e+00
2.122196169923264986e+00
2.121064656745139221e+00
2.119932797179781225e+00
2.118800591424147672e+00
2.117668039675858260e+00
2.116535142133199709e+00
2.115401898995124874e+00
2.114268310461255851e+00
2.113134376731882647e+00
2.112000098007962734e+00
2.110865474491125937e+00
2.109730506383672655e+00
2.108595193888573416e+00
2.107459537209474210e+00
2.106323536550692932e+00
2.105187192117222494e+00
2.104050504114733489e+00
2.102913472749571078e+00
2.101776098228756329e+00
2.100638380759994206e+00
2.099500320551663357e+00
2.098361917812825439e+00
2.097223172753223341e+00
2.096084085583282519e+00
2.094944656514110104e+00
2.093804885757497125e+00
2.092664773525922506e+00
2.091524320032547735e+00
2.090383525491222194e+00
2.089242390116484049e+00
2.088100914123559360e+00
2.086959097728363410e+00
2.085816941147502490e+00
2.084674444598275223e+00
2.083531608298670346e+00
2.082388432467372930e+00
2.081244917323760379e+00
2.080101063087905544e+00
2.078956869980578492e+00
2.077812338223244737e+00
2.076667468038069675e+00
2.075522259647916368e+00
2.074376713276347761e+00
2.073230829147628906e+00
2.072084607486725627e+00
2.070938048519306296e+00
2.069791152471918139e+00
2.068643919571305556e+00
2.067496350045409326e+00
2.066348444122716455e+00
2.065200202032425825e+00
2.064051624004441088e+00
2.062902710269377771e+00
2.061753461058560166e+00
2.060603876604024443e+00
2.059453957138518643e+00
2.058303702895503129e+00
2.057153114109154135e+00
2.056002191014360658e+00
2.054850933846729344e+00
2.053699342842582265e+00
2.052547418238960475e+00
2.051395160273622675e+00
2.050242569185048325e+00
2.049089645212435862e+00
2.047936388595706259e+00
2.046782799575503908e+00
2.045628878393194849e+00
2.044474625290870318e+00
2.043320040511346303e+00
2.042165124298166212e+00
2.041009876895599540e+00
2.039854298548644085e+00
2.038698389503027286e+00
2.037542150005206665e+00
2.036385580302368048e+00
2.035228680642433119e+00
2.034071451274054088e+00
2.032913892446618132e+00
2.031756004410245176e+00
2.030597787415794553e+00
2.029439241714856568e+00
2.028280367559765374e+00
2.027121165203587871e+00
2.025961634900135255e+00
2.024801776903955908e+00
2.023641591470341172e+00
2.022481078855324022e+00
2.021320239315680833e+00
2.020159073108928727e+00
2.018997580493333555e+00
2.017835761727907684e+00
2.016673617072408664e+00
2.015511146787345442e+00
2.014348351133972592e+00
2.013185230374297419e+00
2.012021784771074628e+00
2.010858014587813880e+00
2.009693920088775787e+00
2.008529501538975026e+00
2.007364759204180782e+00
2.006199693350918523e+00
2.005034304246468668e+00
2.003868592158871031e+00
2.002702557356921709e+00
2.001536200110177521e+00
2.000369520688956460e+00
1.999202519364334352e+00
1.998035196408153302e+00
1.996867552093015918e+00
1.995699586692289307e+00
1.994531300480106628e+00
1.993362693731365543e+00
1.992193766721731540e+00
1.991024519727638387e+00
1.989854953026287676e+00
1.988685066895650833e+00
1.987514861614470441e+00
1.986344337462261356e+00
1.985173494719310261e+00
1.984002333666676998e+00
1.982830854586196345e+00
1.981659057760480014e+00
1.980486943472912209e+00
1.979314512007659399e+00
1.978141763649662099e+00
1.976968698684643089e+00
1.975795317399104967e+00
1.974621620080329265e+00
1.973447607016381555e+00
1.972273278496110338e+00
1.971098634809144823e+00
1.969923676245901367e+00
1.968748403097583699e+00
1.967572815656181362e+00
1.966396914214471714e+00
1.965220699066022592e+00
1.964044170505189646e+00
1.962867328827119895e+00
1.961690174327752167e+00
1.960512707303817104e+00
1.959334928052840263e+00
1.958156836873139905e+00
1.956978434063830985e+00
1.955799719924823377e+00
1.954620694756826316e+00
1.953441358861345289e+00
1.952261712540685368e+00
1.951081756097952313e+00
1.949901489837053470e+00
1.948720914062697318e+00
1.947540029080394364e+00
1.946358835196461801e+00
1.945177332718018626e+00
1.943995521952991412e+00
1.942813403210113199e+00
1.941630976798925490e+00
1.940448243029776254e+00
1.939265202213824812e+00
1.938081854663041392e+00
1.936898200690205796e+00
1.935714240608912728e+00
1.934529974733567581e+00
1.933345403379392424e+00
1.932160526862423566e+00
1.930975345499513773e+00
1.929789859608332492e+00
1.928604069507367624e+00
1.927417975515926862e+00
1.926231577954136798e+00
1.925044877142945365e+00
1.923857873404122287e+00
1.922670567060260405e+00
1.921482958434776123e+00
1.920295047851908521e+00
1.919106835636723796e+00
1.917918322115116592e+00
1.916729507613808003e+00
1.915540392460348018e+00
1.914350976983116404e+00
1.913161261511322042e+00
1.911971246375007150e+00
1.910780931905044611e+00
1.909590318433141309e+00
1.908399406291837463e+00
1.907208195814509955e+00
1.906016687335369886e+00
1.904824881189466579e+00
1.903632777712687574e+00
1.902440377241758185e+00
1.901247680114244609e+00
1.900054686668552373e+00
1.898861397243930327e+00
1.897667812180470204e+00
1.896473931819104175e+00
1.895279756501613289e+00
1.894085286570620807e+00
1.892890522369599093e+00
1.891695464242864722e+00
1.890500112535583810e+00
1.889304467593774017e+00
1.888108529764301213e+00
1.886912299394880588e+00
1.885715776834081980e+00
1.884518962431328548e+00
1.883321856536895655e+00
1.882124459501913316e+00
1.880926771678369303e+00
1.879728793419106481e+00
1.878530525077826585e+00
1.877331967009088887e+00
1.876133119568312191e+00
1.874933983111776614e+00
1.873734557996624028e+00
1.872534844580856728e+00
1.871334843223340982e+00
1.870134554283805040e+00
1.868933978122844008e+00
1.867733115101920527e+00
1.866531965583363872e+00
1.865330529930372405e+00
1.864128808507011570e+00
1.862926801678218336e+00
1.861724509809798533e+00
1.860521933268432848e+00
1.859319072421670827e+00
1.858115927637937315e+00
1.856912499286532903e+00
1.855708787737630372e+00
1.854504793362282467e+00
1.853300516532415676e+00
1.852095957620836897e+00
1.850891117001231878e+00
1.849685995048166554e+00
1.848480592137086154e+00
1.847274908644319202e+00
1.846068944947077961e+00
1.844862701423456208e+00
1.843656178452433236e+00
1.842449376413874518e+00
1.841242295688531705e+00
1.840034936658043740e+00
1.838827299704937746e+00
1.837619385212630574e+00
1.836411193565429256e+00
1.835202725148531444e+00
1.833993980348026964e+00
1.832784959550898485e+00
1.831575663145023736e+00
1.830366091519173288e+00
1.829156245063014996e+00
1.827946124167112663e+00
1.826735729222927151e+00
1.825525060622820384e+00
1.824314118760049785e+00
1.823102904028775395e+00
1.821891416824058973e+00
1.820679657541862451e+00
1.819467626579051478e+00
1.818255324333397649e+00
1.817042751203575168e+00
1.815829907589164627e+00
1.814616793890652779e+00
1.813403410509435210e+00
1.812189757847815885e+00
1.810975836309006937e+00
1.809761646297131543e+00
1.808547188217218826e+00
1.807332462475215396e+00
1.806117469477983128e+00
1.804902209633293397e+00
1.803686683349836839e+00
1.802470891037217582e+00
1.801254833105957243e+00
1.800038509967494482e+00
1.798821922034186782e+00
1.797605069719311333e+00
1.796387953437066365e+00
1.795170573602567821e+00
1.793952930631858456e+00
1.792735024941900734e+00
1.791516856950581715e+00
1.790298427076714383e+00
1.789079735740036092e+00
1.787860783361212347e+00
1.786641570361833686e+00
1.785422097164421018e+00
1.784202364192424950e+00
1.782982371870224680e+00
1.781762120623130441e+00
1.780541610877386605e+00
1.779320843060167689e+00
1.778099817599584798e+00
1.776878534924680286e+00
1.775656995465434207e+00
1.774435199652764528e+00
1.773213147918523358e+00
1.771990840695502278e+00
1.770768278417432118e+00
1.769545461518984064e+00
1.768322390435770330e+00
1.767099065604342822e+00
1.765875487462198912e+00
1.764651656447776995e+00
1.763427573000462933e+00
1.762203237560583613e+00
1.760978650569415604e+00
1.759753812469181389e+00
1.758528723703051577e+00
1.757303384715145356e+00
1.756077795950530263e+00
1.754851957855227740e+00
1.753625870876208248e+00
1.752399535461393487e+00
1.751172952059661725e+00
1.749946121120841802e+00
1.748719043095720238e+00
1.747491718436036789e+00
1.746264147594485783e+00
1.745036331024722109e+00
1.743808269181360338e+00
1.742579962519973602e+00
1.741351411497095381e+00
1.740122616570220160e+00
1.738893578197804324e+00
1.737664296839267042e+00
1.736434772954990935e+00
1.735205007006323852e+00
1.733974999455577093e+00
1.732744750766030073e+00
1.731514261401928323e+00
1.730283531828485932e+00
1.729052562511885327e+00
1.727821353919277270e+00
1.726589906518785744e+00
1.725358220779503959e+00
1.724126297171497679e+00
1.722894136165806334e+00
1.721661738234442129e+00
1.720429103850393826e+00
1.719196233487624070e+00
1.717963127621072061e+00
1.716729786726655105e+00
1.715496211281268613e+00
1.714262401762786325e+00
1.713028358650061644e+00
1.711794082422928964e+00
1.710559573562205449e+00
1.709324832549689255e+00
1.708089859868160421e+00
1.706854656001385973e+00
1.705619221434115707e+00
1.704383556652085518e+00
1.703147662142018515e+00
1.701911538391624346e+00
1.700675185889601426e+00
1.699438605125636936e+00
1.698201796590407264e+00
1.696964760775581560e+00
1.695727498173818404e+00
1.694490009278768472e+00
1.693252294585077644e+00
1.692014354588383895e+00
1.690776189785322181e+00
1.689537800673520884e+00
1.688299187751605368e+00
1.687060351519199086e+00
1.685821292476923583e+00
1.684582011126397161e+00
1.683342507970238433e+00
1.682102783512065880e+00
1.680862838256503400e+00
1.679622672709173647e+00
1.678382287376703585e+00
1.677141682766725150e+00
1.675900859387873254e+00
1.674659817749788893e+00
1.673418558363118702e+00
1.672177081739517845e+00
1.670935388391648013e+00
1.669693478833179423e+00
1.668451353578792151e+00
1.667209013144177243e+00
1.665966458046035603e+00
1.664723688802080437e+00
1.663480705931037473e+00
1.662237509952646297e+00
1.660994101387660571e+00
1.659750480757848035e+00
1.658506648585993393e+00
1.657262605395897870e+00
1.656018351712379877e+00
1.654773888061275455e+00
1.653529214969439387e+00
1.652284332964748526e+00
1.651039242576097577e+00
1.649793944333403317e+00
1.648548438767605040e+00
1.647302726410664997e+00
1.646056807795569288e+00
1.644810683456326084e+00
1.643564353927972510e+00
1.642317819746568874e+00
1.641071081449203772e+00
1.639824139573991424e+00
1.638576994660076558e+00
1.637329647247630859e+00
1.636082097877858965e+00
1.634834347092991358e+00
1.633586395436294136e+00
1.632338243452063464e+00
1.631089891685629567e+00
1.629841340683354289e+00
1.628592590992635314e+00
1.627343643161905495e+00
1.626094497740633305e+00
1.624845155279323272e+00
1.623595616329518432e+00
1.622345881443798765e+00
1.621095951175784089e+00
1.619845826080132500e+00
1.618595506712543708e+00
1.617344993629758143e+00
1.616094287389557849e+00
1.614843388550768699e+00
1.613592297673258402e+00
1.612341015317939830e+00
1.611089542046770351e+00
1.609837878422752055e+00
1.608586025009934639e+00
1.607333982373414294e+00
1.606081751079334152e+00
1.604829331694887173e+00
1.603576724788313701e+00
1.602323930928906126e+00
1.601070950687006444e+00
1.599817784634006257e+00
1.598564433342352764e+00
1.597310897385543438e+00
1.596057177338129351e+00
1.594803273775716734e+00
1.593549187274966750e+00
1.592294918413595051e+00
1.591040467770374889e+00
1.589785835925134672e+00
1.588531023458762848e+00
1.587276030953206130e+00
1.586020858991467275e+00
1.584765508157613301e+00
1.583509979036768378e+00
1.582254272215120494e+00
1.580998388279917233e+00
1.579742327819469550e+00
1.578486091423153104e+00
1.577229679681406260e+00
1.575973093185731200e+00
1.574716332528697471e+00
1.573459398303939105e+00
1.572202291106158834e+00
1.570945011531124536e+00
1.569687560175673235e+00
1.568429937637710436e+00
1.567172144516211230e+00
1.565914181411221406e+00
1.564656048923856790e+00
1.563397747656304793e+00
1.562139278211825300e+00
1.560880641194749563e+00
1.559621837210485085e+00
1.558362866865510288e+00
1.557103730767381844e+00
1.555844429524728012e+00
1.554584963747254855e+00
1.553325334045746686e+00
1.552065541032064289e+00
1.550805585319143365e+00
1.549545467521003195e+00
1.548285188252739752e+00
1.547024748130528815e+00
1.545764147771627517e+00
1.544503387794373461e+00
1.543242468818187607e+00
1.541981391463572049e+00
1.540720156352112236e+00
1.539458764106477640e+00
1.538197215350421976e+00
1.536935510708784758e+00
1.535673650807489965e+00
1.534411636273548707e+00
1.533149467735055671e+00
1.531887145821197560e+00
1.530624671162246875e+00
1.529362044389566133e+00
1.528099266135607426e+00
1.526836337033912194e+00
1.525573257719112563e+00
1.524310028826931340e+00
1.523046650994184459e+00
1.521783124858778979e+00
1.520519451059714866e+00
1.519255630237086763e+00
1.517991663032082439e+00
1.516727550086985232e+00
1.515463292045172494e+00
1.514198889551119143e+00
1.512934343250394997e+00
1.511669653789669443e+00
1.510404821816705656e+00
1.509139847980368820e+00
1.507874732930621020e+00
1.506609477318524126e+00
1.505344081796239575e+00
1.504078547017030143e+00
1.502812873635258173e+00
1.501547062306389790e+00
1.500281113686992018e+00
1.499015028434735441e+00
1.497748807208394206e+00
1.496482450667844910e+00
1.495215959474070599e+00
1.493949334289158326e+00
1.492682575776300702e+00
1.491415684599796565e+00
1.490148661425051424e+00
1.488881506918577902e+00
1.487614221747996401e+00
1.486346806582035551e+00
1.485079262090533092e+00
1.483811588944435655e+00
1.482543787815800540e+00
1.481275859377793713e+00
1.480007804304694474e+00
1.478739623271892123e+00
1.477471316955887515e+00
1.476202886034295059e+00
1.474934331185844938e+00
1.473665653090378447e+00
1.472396852428849101e+00
1.471127929883325969e+00
1.469858886136992338e+00
1.468589721874147491e+00
1.467320437780206488e+00
1.466051034541701492e+00
1.464781512846280886e+00
1.463511873382753015e+00
1.462242116840940964e+00
1.460972243911876189e+00
1.459702255287680828e+00
1.458432151661596343e+00
1.457161933727984637e+00
1.455891602182328493e+00
1.454621157721231128e+00
1.453350601042417312e+00
1.452079932844734467e+00
1.450809153828152231e+00
1.449538264693764456e+00
1.448267266143787646e+00
1.446996158881559191e+00
1.445724943611542468e+00
1.444453621039324842e+00
1.443182191871619224e+00
1.441910656816263847e+00
1.440639016582224041e+00
1.439367271879590016e+00
1.438095423419619268e+00
1.436823471914683070e+00
1.435551418078238051e+00
1.434279262624868601e+00
1.433007006270287986e+00
1.431734649731337905e+00
1.430462193725991149e+00
1.429189638973348719e+00
1.427916986193644266e+00
1.426644236108236763e+00
1.425371389439572090e+00
1.424098446911268745e+00
1.422825409248102302e+00
1.421552277175978984e+00
1.420279051423502414e+00
1.419005732716524415e+00
1.417732321785199812e+00
1.416458819360034482e+00
1.415185226172668509e+00
1.413911542955835765e+00
1.412637770443212260e+00
1.411363909369805159e+00
1.410089960471797355e+00
1.408815924486504612e+00
1.407541802152312727e+00
1.406267594208558736e+00
1.404993301395950134e+00
1.403718924456352379e+00
1.402444464132770685e+00
1.401169921169347132e+00
1.396410328671528145e+00
1.393617121190896313e+00
1.392044339308674328e+00
1.391057764570364785e+00
1.390969524651448408e+00
1.390968244194389358e+00
1.390966963737254147e+00
1.390965683280042553e+00
1.390964402822754131e+00
1.390963122365389548e+00
1.390961841907948360e+00
1.390960561450430788e+00
1.390959280992836611e+00
1.390958000535166272e+00
1.390956720077419106e+00
1.390955439619596001e+00
1.390954159161696069e+00
1.390952878703719753e+00
1.390951598245667054e+00
1.390950317787537971e+00
1.390949037329332061e+00
1.390947756871050212e+00
1.390946476412691535e+00
1.390945195954256253e+00
1.390943915495745253e+00
1.390942635037157205e+00
1.390941354578492994e+00
1.390940074119751957e+00
1.390938793660934980e+00
1.390937513202041176e+00
1.390936232743071210e+00
1.390934952284024861e+00
1.390933671824901907e+00
1.390932391365702570e+00
1.390931110906426627e+00
1.390929830447074300e+00
1.390928549987645590e+00
1.390927269528140720e+00
1.390925989068559021e+00
1.390924708608900939e+00
1.390923428149166696e+00
1.390922147689355626e+00
1.390920867229468616e+00
1.390919586769504557e+00
1.390918306309464558e+00
1.390917025849347954e+00
1.390915745389155189e+00
1.390914464928885597e+00
1.390913184468540065e+00
1.390911904008117261e+00
1.390910623547618741e+00
1.390909343087043615e+00
1.390908062626392327e+00
1.390906782165664213e+00
1.390905501704859937e+00
1.390904221243978833e+00
1.390902940783021791e+00
1.390901660321988365e+00
1.390900379860878111e+00
1.390899099399691474e+00
1.390897818938428676e+00
1.390896538477089717e+00
1.390895258015673708e+00
1.390893977554181760e+00
1.390892697092613206e+00
1.390891416630968269e+00
1.390890136169246949e+00
1.390888855707449023e+00
1.390887575245574936e+00
1.390886294783624244e+00
1.390885014321597168e+00
1.390883733859493709e+00
1.390882453397314311e+00
1.390881172935057641e+00
1.390879892472725254e+00
1.390878612010316040e+00
1.390877331547830886e+00
1.390876051085268905e+00
1.390874770622630763e+00
1.390873490159916015e+00
1.390872209697124884e+00
1.390870929234257369e+00
1.390869648771313694e+00
1.390868368308293412e+00
1.390867087845196970e+00
1.390865807382023922e+00
1.390864526918774491e+00
1.390863246455448454e+00
1.390861965992046256e+00
1.390860685528567675e+00
1.390859405065012711e+00
1.390858124601380919e+00
1.390856844137673409e+00
1.390855563673889295e+00
1.390854283210028797e+00
1.390853002746091693e+00
1.390851722282078651e+00
1.390850441817988559e+00
1.390849161353822527e+00
1.390847880889579891e+00
1.390846600425261315e+00
1.390845319960865911e+00
1.390844039496393902e+00
1.390842759031845954e+00
1.390841478567221623e+00
1.390840198102520686e+00
1.390838917637743588e+00
1.390837637172890107e+00
1.390836356707960464e+00
1.390835076242953994e+00
1.390833795777871140e+00
1.390832515312712125e+00
1.390831234847476727e+00
1.390829954382164724e+00
1.390828673916776337e+00
1.390827393451311789e+00
1.390826112985771079e+00
1.390824832520153542e+00
1.390823552054460066e+00
1.390822271588689762e+00
1.390820991122843520e+00
1.390819710656920671e+00
1.390818430190921218e+00
1.390817149724845825e+00
1.390815869258694049e+00
1.390814588792465445e+00
1.390813308326160902e+00
1.390812027859780198e+00
1.390810747393322666e+00
1.390809466926788751e+00
1.390808186460178675e+00
1.390806905993492215e+00
1.390805625526729594e+00
1.390804345059890368e+00
1.390803064592974758e+00
1.390801784125982765e+00
1.390800503658914389e+00
1.390799223191769851e+00
1.390797942724548708e+00
1.390796662257251404e+00
1.390795381789877938e+00
1.390794101322427867e+00
1.390792820854901635e+00
1.390791540387298797e+00
1.390790259919619798e+00
1.390788979451864193e+00
1.390787698984032206e+00
1.390786418516124057e+00
1.390785138048139524e+00
1.390783857580078831e+00
1.390782577111941531e+00
1.390781296643728071e+00
1.390780016175437783e+00
1.390778735707072222e+00
1.390777455238629390e+00
1.390776174770110618e+00
1.390774894301515019e+00
1.390773613832843703e+00
1.390772333364095559e+00
1.390771052895271698e+00
1.390769772426370565e+00
1.390768491957393493e+00
1.390767211488340260e+00
1.390765931019210644e+00
1.390764650550004644e+00
1.390763370080722483e+00
1.390762089611363939e+00
1.390760809141929011e+00
1.390759528672417700e+00
1.390758248202829783e+00
1.390756967733166150e+00
1.390755687263425466e+00
1.390754406793608844e+00
1.390753126323716060e+00
1.390751845853746227e+00
1.390750565383701121e+00
1.390749284913578965e+00
1.390748004443380870e+00
1.390746723973105947e+00
1.390745443502755307e+00
1.390744163032328062e+00
1.390742882561824434e+00
1.390741602091244422e+00
1.390740321620588249e+00
1.390739041149855693e+00
1.390737760679046975e+00
1.390736480208161430e+00
1.390735199737199945e+00
1.390733919266162077e+00
1.390732638795048270e+00
1.390731358323857858e+00
1.390730077852591062e+00
1.390728797381247883e+00
1.390727516909828543e+00
1.390726236438332597e+00
1.390724955966760712e+00
1.390723675495112444e+00
1.390722395023387792e+00
1.390721114551586757e+00
1.390719834079709560e+00
1.390718553607755759e+00
1.390717273135726018e+00
1.390715992663619671e+00
1.390714712191437386e+00
1.390713431719178494e+00
1.390712151246843664e+00
1.390710870774432006e+00
1.390709590301944187e+00
1.390708309829380207e+00
1.390707029356739843e+00
1.390705748884023318e+00
1.390704468411230410e+00
1.390703187938361340e+00
1.390701907465415665e+00
1.390700626992393607e+00
1.390699346519295609e+00
1.390698066046121228e+00
1.390696785572870464e+00
1.390695505099543539e+00
1.390694224626140008e+00
1.390692944152660315e+00
1.390691663679104684e+00
1.390690383205472003e+00
1.390689102731763827e+00
1.390687822257978823e+00
1.390686541784118102e+00
1.390685261310180554e+00
1.390683980836167288e+00
1.390682700362077195e+00
1.390681419887910941e+00
1.390680139413668304e+00
1.390678858939349505e+00
1.390677578464954767e+00
1.390676297990483201e+00
1.390675017515935696e+00
1.390673737041311586e+00
1.390672456566611315e+00
1.390671176091834882e+00
1.390669895616982288e+00
1.390668615142053088e+00
1.390667334667047728e+00
1.390666054191966428e+00
1.390664773716808078e+00
1.390663493241574233e+00
1.390662212766263561e+00
1.390660932290877172e+00
1.390659651815413955e+00
1.390658371339875243e+00
1.390657090864259482e+00
1.390655810388567781e+00
1.390654529912799475e+00
1.390653249436955452e+00
1.390651968961034379e+00
1.390650688485037367e+00
1.390649408008964638e+00
1.390648127532814859e+00
1.390646847056589586e+00
1.390645566580287262e+00
1.390644286103909444e+00
1.390643005627454576e+00
1.390641725150924213e+00
1.390640444674317022e+00
1.390639164197634114e+00
1.390637883720874379e+00
1.390636603244038483e+00
1.390635322767126425e+00
1.390634042290138206e+00
1.390632761813073826e+00
1.390631481335933062e+00
1.390630200858715693e+00
1.390628920381422606e+00
1.390627639904052915e+00
1.390626359426607062e+00
1.390625078949085047e+00
1.390623798471486872e+00
1.390622517993811869e+00
1.390621237516061148e+00
1.390619957038234267e+00
1.390618676560330780e+00
1.390617396082351132e+00
1.390616115604295544e+00
1.390614835126163351e+00
1.390613554647955219e+00
1.390612274169670037e+00
1.390610993691309805e+00
1.390609713212872522e+00
1.390608432734359079e+00
1.390607152255769918e+00
1.390605871777103930e+00
1.390604591298361559e+00
1.390603310819543692e+00
1.390602030340649220e+00
1.390600749861678587e+00
1.390599469382631348e+00
1.390598188903508170e+00
1.390596908424309053e+00
1.390595627945033108e+00
1.390594347465681224e+00
1.390593066986253179e+00
1.390591786506748528e+00
1.390590506027168161e+00
1.390589225547510965e+00
1.390587945067778053e+00
1.390586664587968535e+00
1.390585384108083300e+00
1.390584103628121460e+00
1.390582823148083458e+00
1.390581542667969073e+00
1.390580262187778970e+00
1.390578981707511819e+00
1.390577701227169172e+00
1.390576420746749919e+00
1.390575140266254284e+00
1.390573859785682931e+00
1.390572579305035195e+00
1.390571298824311075e+00
1.390570018343511016e+00
1.390568737862634352e+00
1.390567457381681749e+00
1.390566176900652540e+00
1.390564896419547614e+00
1.390563615938366304e+00
1.390562335457108833e+00
1.390561054975775201e+00
1.390559774494365186e+00
1.390558494012878565e+00
1.390557213531316449e+00
1.390555933049677728e+00
1.390554652567963290e+00
1.390553372086171802e+00
1.390552091604305041e+00
1.390550811122361452e+00
1.390549530640341702e+00
1.390548250158245791e+00
1.390546969676073497e+00
1.390545689193825263e+00
1.390544408711501090e+00
1.390543128229100089e+00
1.390541847746623150e+00
1.390540567264070271e+00
1.390539286781441009e+00
1.390538006298735807e+00
1.390536725815953778e+00
1.390535445333096032e+00
1.390534164850161680e+00
1.390532884367151167e+00
1.390531603884064715e+00
1.390530323400902102e+00
1.390529042917663327e+00
1.390527762434348169e+00
1.390526481950957294e+00
1.390525201467489369e+00
1.390523920983945949e+00
1.390522640500325924e+00
1.390521360016629959e+00
1.390520079532857611e+00
1.390518799049008880e+00
1.390517518565084654e+00
1.390516238081083600e+00
1.390514957597006607e+00
1.390513677112853452e+00
1.390512396628624137e+00
1.390511116144318438e+00
1.390509835659936799e+00
1.390508555175479000e+00
1.390507274690945039e+00
1.390505994206334472e+00
1.390504713721648189e+00
1.390503433236885522e+00
1.390502152752046694e+00
1.390500872267131482e+00
1.390499591782140332e+00
1.390498311297073242e+00
1.390497030811929324e+00
1.390495750326709690e+00
1.390494469841414116e+00
1.390493189356041936e+00
1.390491908870593818e+00
1.390490628385068872e+00
1.390489347899468431e+00
1.390488067413791828e+00
1.390486786928038843e+00
1.390485506442209918e+00
1.390484225956304609e+00
1.390482945470323140e+00
1.390481664984265509e+00
1.390480384498131716e+00
1.390479104011921763e+00
1.390477823525635426e+00
1.390476543039273150e+00
1.390475262552834934e+00
1.390473982066320335e+00
1.390472701579729575e+00
1.390471421093062432e+00
1.390470140606319793e+00
1.390468860119500549e+00
1.390467579632605144e+00
1.390466299145633355e+00
1.390465018658585628e+00
1.390463738171461960e+00
1.390462457684261910e+00
1.390461177196985476e+00
1.390459896709633325e+00
1.390458616222204791e+00
1.390457335734699873e+00
1.390456055247119460e+00
1.390454774759462442e+00
1.390453494271729262e+00
1.390452213783920143e+00
1.390450933296034863e+00
1.390449652808072978e+00
1.390448372320035375e+00
1.390447091831921611e+00
1.390445811343731686e+00
1.390444530855465377e+00
1.390443250367123351e+00
1.390441969878704720e+00
1.390440689390210371e+00
1.390439408901639862e+00
1.390438128412992524e+00
1.390436847924269692e+00
1.390435567435470920e+00
1.390434286946595543e+00
1.390433006457644005e+00
1.390431725968616306e+00
1.390430445479512889e+00
1.390429164990332866e+00
1.390427884501076905e+00
1.390426604011744782e+00
1.390425323522336720e+00
1.390424043032852275e+00
1.390422762543291890e+00
1.390421482053655122e+00
1.390420201563942637e+00
1.390418921074153324e+00
1.390417640584288739e+00
1.390416360094347104e+00
1.390415079604330195e+00
1.390413799114236681e+00
1.390412518624067006e+00
1.390411238133821836e+00
1.390409957643499617e+00
1.390408677153101902e+00
1.390407396662627804e+00
1.390406116172077766e+00
1.390404835681451567e+00
1.390403555190749429e+00
1.390402274699970686e+00
1.390400994209115781e+00
1.390399713718185382e+00
1.390398433227178376e+00
1.390397152736095432e+00
1.390395872244936326e+00
1.390394591753701059e+00
1.390393311262389631e+00
1.390392030771002485e+00
1.390390750279538734e+00
1.390389469787999488e+00
1.390388189296383414e+00
1.390386908804691402e+00
1.390385628312923449e+00
1.390384347821079336e+00
1.390383067329159283e+00
1.390381786837162625e+00
1.390380506345090472e+00
1.390379225852942158e+00
1.390377945360717238e+00
1.390376664868416379e+00
1.390375384376040024e+00
1.390374103883586621e+00
1.390372823391057500e+00
1.390371542898452439e+00
1.390370262405771218e+00
1.390368981913013835e+00
1.390367701420180513e+00
1.390366420927270807e+00
1.390365140434284941e+00
1.390363859941223357e+00
1.390362579448085389e+00
1.390361298954871705e+00
1.390360018461581637e+00
1.390358737968215408e+00
1.390357457474773017e+00
1.390356176981254688e+00
1.390354896487660641e+00
1.390353615993989767e+00
1.390352335500243619e+00
1.390351055006420866e+00
1.390349774512521952e+00
1.390348494018547099e+00
1.390347213524496306e+00
1.390345933030369130e+00
1.390344652536166237e+00
1.390343372041886516e+00
1.390342091547531744e+00
1.390340811053100145e+00
1.390339530558592607e+00
1.390338250064009129e+00
1.390336969569349490e+00
1.390335689074613912e+00
1.390334408579802172e+00
1.390333128084914271e+00
1.390331847589950209e+00
1.390330567094910430e+00
1.390329286599794267e+00
1.390328006104601943e+00
1.390326725609333680e+00
1.390325445113989478e+00
1.390324164618569114e+00
1.390322884123072589e+00
1.390321603627500124e+00
1.390320323131851499e+00
1.390319042636126934e+00
1.390317762140325764e+00
1.390316481644449320e+00
1.390315201148496493e+00
1.390313920652467283e+00
1.390312640156362356e+00
1.390311359660181267e+00
1.390310079163924240e+00
1.390308798667591050e+00
1.390307518171181922e+00
1.390306237674696410e+00
1.390304957178134959e+00
1.390303676681497347e+00
1.390302396184784017e+00
1.390301115687994526e+00
1.390299835191128874e+00
1.390298554694187061e+00
1.390297274197169086e+00
1.390295993700075616e+00
1.390294713202905541e+00
1.390293432705659971e+00
1.390292152208337573e+00
1.390290871710939902e+00
1.390289591213465625e+00
1.390288310715915410e+00
1.390287030218289477e+00
1.390285749720587383e+00
1.390284469222808683e+00
1.390283188724954266e+00
1.390281908227024132e+00
1.390280627729017615e+00
1.390279347230935159e+00
1.390278066732776541e+00
1.390276786234542428e+00
1.390275505736231487e+00
1.390274225237845052e+00
1.390272944739382011e+00
1.390271664240843474e+00
1.390270383742228555e+00
1.390269103243537696e+00
1.390267822744770898e+00
1.390266542245927717e+00
1.390265261747009040e+00
1.390263981248013980e+00
1.390262700748943203e+00
1.390261420249795821e+00
1.390260139750572943e+00
1.390258859251273682e+00
1.390257578751898926e+00
1.390256298252447342e+00
1.390255017752920264e+00
1.390253737253317023e+00
1.390252456753637622e+00
1.390251176253882281e+00
1.390249895754051002e+00
1.390248615254143782e+00
1.390247334754160180e+00
1.390246054254100860e+00
1.390244773753965379e+00
1.390243493253753959e+00
1.390242212753466378e+00
1.390240932253103079e+00
1.390239651752663175e+00
1.390238371252147553e+00
1.390237090751555993e+00
1.390235810250888271e+00
1.390234529750145054e+00
1.390233249249325231e+00
1.390231968748429692e+00
1.390230688247457991e+00
1.390229407746410351e+00
1.390228127245286327e+00
1.390226846744086586e+00
1.390225566242810906e+00
1.390224285741459065e+00
1.390223005240031506e+00
1.390221724738527564e+00
1.390220444236947905e+00
1.390219163735291641e+00
1.390217883233560325e+00
1.390216602731752182e+00
1.390215322229868766e+00
1.390214041727908523e+00
1.390212761225873006e+00
1.390211480723760884e+00
1.390210200221573045e+00
1.390208919719309266e+00
1.390207639216969326e+00
1.390206358714553447e+00
1.390205078212061407e+00
1.390203797709493871e+00
1.390202517206849953e+00
1.390201236704129872e+00
1.390199956201333853e+00
1.390198675698462116e+00
1.390197395195514218e+00
1.390196114692490381e+00
1.390194834189390605e+00
1.390193553686214445e+00
1.390192273182962790e+00
1.390190992679634974e+00
1.390189712176231440e+00
1.390188431672751301e+00
1.390187151169195667e+00
1.390185870665563428e+00
1.390184590161855693e+00
1.390183309658072019e+00
1.390182029154212406e+00
1.390180748650276188e+00
1.390179468146264696e+00
1.390178187642176821e+00
1.390176907138013007e+00
1.390175626633773476e+00
1.390174346129457783e+00
1.390173065625065929e+00
1.390171785120598136e+00
1.390170504616054625e+00
1.390169224111435176e+00
1.390167943606739565e+00
1.390166663101967792e+00
1.390165382597119859e+00
1.390164102092196652e+00
1.390162821587196840e+00
1.390161541082121532e+00
1.390160260576970064e+00
1.390158980071742656e+00
1.390157699566439309e+00
1.390156419061060022e+00
1.390155138555604353e+00
1.390153858050073188e+00
1.390152577544465640e+00
1.390151297038782152e+00
1.390150016533023392e+00
1.390148736027187804e+00
1.390147455521276720e+00
1.390146175015289476e+00
1.390144894509226514e+00
1.390143614003087169e+00
1.390142333496872329e+00
1.390141052990581105e+00
1.390139772484214387e+00
1.390138491977771285e+00
1.390137211471252021e+00
1.390135930964657707e+00
1.390134650457986787e+00
1.390133369951239928e+00
1.390132089444416907e+00
1.390130808937518614e+00
1.390129528430543715e+00
1.390128247923493099e+00
1.390126967416366544e+00
1.390125686909164271e+00
1.390124406401885615e+00
1.390123125894531020e+00
1.390121845387100707e+00
1.390120564879594234e+00
1.390119284372012043e+00
1.390118003864353691e+00
1.390116723356619399e+00
1.390115442848809613e+00
1.390114162340923443e+00
1.390112881832961333e+00
1.390111601324923063e+00
1.390110320816809297e+00
1.390109040308619592e+00
1.390107759800353726e+00
1.390106479292011477e+00
1.390105198783594398e+00
1.390103918275100048e+00
1.390102637766530647e+00
1.390101357257885084e+00
1.390100076749163804e+00
1.390098796240366585e+00
1.390097515731492983e+00
1.390096235222543886e+00
1.390094954713518405e+00
1.390093674204417429e+00
1.390092393695240292e+00
1.390091113185987437e+00
1.390089832676657977e+00
1.390088552167253466e+00
1.390087271657772350e+00
1.390085991148215960e+00
1.390084710638582965e+00
1.390083430128874697e+00
1.390082149619090046e+00
1.390080869109229678e+00
1.390079588599292926e+00
1.390078308089280679e+00
1.390077027579192492e+00
1.390075747069028145e+00
1.390074466558788080e+00
1.390073186048472076e+00
1.390071905538080355e+00
1.390070625027612028e+00
1.390069344517068650e+00
1.390068064006448889e+00
1.390066783495753189e+00
1.390065502984981771e+00
1.390064222474133970e+00
1.390062941963210674e+00
1.390061661452210995e+00
1.390060380941136042e+00
1.390059100429984928e+00
1.390057819918758097e+00
1.390056539407455105e+00
1.390055258896076396e+00
1.390053978384620859e+00
1.390052697873090493e+00
1.390051417361483965e+00
1.390050136849801499e+00
1.390048856338042871e+00
1.390047575826208304e+00
1.390046295314298463e+00
1.390045014802312018e+00
1.390043734290250077e+00
1.390042453778112197e+00
1.390041173265898378e+00
1.390039892753608397e+00
1.390038612241242921e+00
1.390037331728801284e+00
1.390036051216283930e+00
1.390034770703690414e+00
1.390033490191021182e+00
1.390032209678276010e+00
1.390030929165454454e+00
1.390029648652558070e+00
1.390028368139584858e+00
1.390027087626536373e+00
1.390025807113411283e+00
1.390024526600211141e+00
1.390023246086934394e+00
1.390021965573582374e+00
1.390020685060153971e+00
1.390019404546649850e+00
1.390018124033069569e+00
1.390016843519413792e+00
1.390015563005681853e+00
1.390014282491874420e+00
1.390013001977990603e+00
1.390011721464031291e+00
1.390010440949995818e+00
1.390009160435884850e+00
1.390007879921697498e+00
1.390006599407434429e+00
1.390005318893095643e+00
1.390004038378680695e+00
1.390002757864190031e+00
1.390001477349623871e+00
1.390000196834981105e+00
1.389998916320263067e+00
1.389997635805469089e+00
1.389996355290598951e+00
1.389995074775652872e+00
1.389993794260631299e+00
1.389992513745533342e+00
1.389991233230360113e+00
1.389989952715110499e+00
1.389988672199784947e+00
1.389987391684384122e+00
1.389986111168906913e+00
1.389984830653353987e+00
1.389983550137725121e+00
1.389982269622020539e+00
1.389980989106240017e+00
1.389979708590383778e+00
1.389978428074451378e+00
1.389977147558443482e+00
1.389975867042359425e+00
1.389974586526198985e+00
1.389973306009963938e+00
1.389972025493651842e+00
1.389970744977264694e+00
1.389969464460801163e+00
1.389968183944262359e+00
1.389966903427646949e+00
1.389965622910956045e+00
1.389964342394189423e+00
1.389963061877346862e+00
1.389961781360428139e+00
1.389960500843433699e+00
1.389959220326363987e+00
1.389957939809217891e+00
1.389956659291995855e+00
1.389955378774698103e+00
1.389954098257324633e+00
1.389952817739875002e+00
1.389951537222350098e+00
1.389950256704748366e+00
1.389948976187072027e+00
1.389947695669318861e+00
1.389946415151490422e+00
1.389945134633585822e+00
1.389943854115605060e+00
1.389942573597549025e+00
1.389941293079417051e+00
1.389940012561209137e+00
1.389938732042925507e+00
1.389937451524565715e+00
1.389936171006130428e+00
1.389934890487619201e+00
1.389933609969032258e+00
1.389932329450369375e+00
1.389931048931630331e+00
1.389929768412815347e+00
1.389928487893925313e+00
1.389927207374958673e+00
1.389925926855916538e+00
1.389924646336798464e+00
1.389923365817604894e+00
1.389922085298335164e+00
1.389920804778989716e+00
1.389919524259568107e+00
1.389918243740071446e+00
1.389916963220498403e+00
1.389915682700849420e+00
1.389914402181124720e+00
1.389913121661324080e+00
1.389911841141448168e+00
1.389910560621495650e+00
1.389909280101468303e+00
1.389907999581364351e+00
1.389906719061184681e+00
1.389905438540929072e+00
1.389904158020598191e+00
1.389902877500191147e+00
1.389901596979708165e+00
1.389900316459149687e+00
1.389899035938514826e+00
1.389897755417804692e+00
1.389896474897018397e+00
1.389895194376156384e+00
1.389893913855218432e+00
1.389892633334205208e+00
1.389891352813115599e+00
1.389890072291950274e+00
1.389888791770709231e+00
1.389887511249392471e+00
1.389886230727999772e+00
1.389884950206531355e+00
1.389883669684987222e+00
1.389882389163366927e+00
1.389881108641671137e+00
1.389879828119899186e+00
1.389878547598051739e+00
1.389877267076128353e+00
1.389875986554129250e+00
1.389874706032054208e+00
1.389873425509903893e+00
1.389872144987676972e+00
1.389870864465374334e+00
1.389869583942996645e+00
1.389868303420542572e+00
1.389867022898012783e+00
1.389865742375407054e+00
1.389864461852725830e+00
1.389863181329968667e+00
1.389861900807135786e+00
1.389860620284227188e+00
1.389859339761242651e+00
1.389858059238181953e+00
1.389856778715045760e+00
1.389855498191834071e+00
1.389854217668546443e+00
1.389852937145182876e+00
1.389851656621743370e+00
1.389850376098228590e+00
1.389849095574637650e+00
1.389847815050970770e+00
1.389846534527228394e+00
1.389845254003410302e+00
1.389843973479516048e+00
1.389842692955546299e+00
1.389841412431500389e+00
1.389840131907379206e+00
1.389838851383182305e+00
1.389837570858909022e+00
1.389836290334560243e+00
1.389835009810135524e+00
1.389833729285635755e+00
1.389832448761059602e+00
1.389831168236407510e+00
1.389829887711679923e+00
1.389828607186876619e+00
1.389827326661997375e+00
1.389826046137042193e+00
1.389824765612011737e+00
1.389823485086904897e+00
1.389822204561723229e+00
1.389820924036464511e+00
1.389819643511130964e+00
1.389818362985721478e+00
1.389817082460236053e+00
1.389815801934674688e+00
1.389814521409038273e+00
1.389813240883325252e+00
1.389811960357536735e+00
1.389810679831672280e+00
1.389809399305732329e+00
1.389808118779716883e+00
1.389806838253625054e+00
1.389805557727457952e+00
1.389804277201214910e+00
1.389802996674896152e+00
1.389801716148501454e+00
1.389800435622031261e+00
1.389799155095485128e+00
1.389797874568863056e+00
1.389796594042165712e+00
1.389795313515392428e+00
1.389794032988543204e+00
1.389792752461618264e+00
1.389791471934617828e+00
1.389790191407541231e+00
1.389788910880389139e+00
1.389787630353161108e+00
1.389786349825857803e+00
1.389785069298478115e+00
1.389783788771023154e+00
1.389782508243492032e+00
1.389781227715885636e+00
1.389779947188203302e+00
1.389778666660444806e+00
1.389777386132611037e+00
1.389776105604701328e+00
1.389774825076716125e+00
1.389773544548655204e+00
1.389772264020517900e+00
1.389770983492305545e+00
1.389769702964017473e+00
1.389768422435653239e+00
1.389767141907213066e+00
1.389765861378697842e+00
1.389764580850106235e+00
1.389763300321439132e+00
1.389762019792696535e+00
1.389760739263877998e+00
1.389759458734983744e+00
1.389758178206013772e+00
1.389756897676967862e+00
1.389755617147846678e+00
1.389754336618649111e+00
1.389753056089376271e+00
1.389751775560027713e+00
1.389750495030603217e+00
1.389749214501103225e+00
1.389747933971527072e+00
1.389746653441875646e+00
1.389745372912148280e+00
1.389744092382345420e+00
1.389742811852466620e+00
1.389741531322512103e+00
1.389740250792481868e+00
1.389738970262375695e+00
1.389737689732194248e+00
1.389736409201936862e+00
1.389735128671603981e+00
1.389733848141194938e+00
1.389732567610710401e+00
1.389731287080149702e+00
1.389730006549514174e+00
1.389728726018802485e+00
1.389727445488015078e+00
1.389726164957151733e+00
1.389724884426213114e+00
1.389723603895198556e+00
1.389722323364108059e+00
1.389721042832942066e+00
1.389719762301700356e+00
1.389718481770383152e+00
1.389717201238990008e+00
1.389715920707521146e+00
1.389714640175976790e+00
1.389713359644356272e+00
1.389712079112660259e+00
1.389710798580888751e+00
1.389709518049041526e+00
1.389708237517117917e+00
1.389706956985119479e+00
1.389705676453044658e+00
1.389704395920894786e+00
1.389703115388668753e+00
1.389701834856367224e+00
1.389700554323989756e+00
1.389699273791537015e+00
1.389697993259008113e+00
1.389696712726403716e+00
1.389695432193723601e+00
